150	4415.26
151	4409.79
152	4406.16
153	4407.25
154	4413.21
155	4423.52
156	4437.49
157	4454.38
158	4473.50
159	4494.10
160	4515.48
161	4536.92
162	4557.75
163	4577.48
164	4595.89
165	4612.81
166	4628.09
167	4641.59
168	4653.15
169	4662.62
170	4669.87
171	4674.76
172	4677.31
173	4677.67
174	4676.01
175	4672.57
176	4667.53
177	4661.10
178	4653.50
179	4644.93
180	4635.73
181	4626.71
182	4619.26
183	4614.99
184	4615.52
185	4622.47
186	4637.47
187	4662.16
188	4698.11
189	4746.48
190	4806.70
191	4876.18
192	4951.62
193	5029.66
194	5106.91
195	5180.00
196	5245.56
197	5300.23
198	5341.26
199	5367.84
200	5381.40
201	5384.13
202	5378.28
203	5366.11
204	5349.89
205	5331.88
206	5314.30
207	5299.16
208	5287.61
209	5279.95
210	5276.19
211	5276.32
212	5280.33
213	5288.22
214	5299.98
215	5315.59
216	5334.92
217	5357.45
218	5382.34
219	5408.65
220	5435.42
221	5461.70
222	5486.52
223	5508.94
224	5528.03
225	5543.30
226	5555.35
227	5565.71
228	5576.19
229	5588.60
230	5604.75
231	5626.44
232	5655.48
233	5693.57
234	5741.53
235	5798.02
236	5860.10
237	5924.47
238	5987.81
239	6046.80
240	6098.12
241	6138.46
242	6164.70
243	6175.01
244	6170.39
245	6153.55
246	6127.58
247	6095.56
248	6060.59
249	6025.75
250	5994.13
251	5968.64
252	5951.24
253	5942.15
254	5940.71
255	5946.06
256	5957.38
257	5973.83
258	5994.58
259	6018.78
260	6045.62
261	6074.40
262	6104.57
263	6135.65
264	6167.16
265	6198.65
266	6229.63
267	6259.65
268	6288.22
269	6314.94
270	6339.54
271	6361.95
272	6382.18
273	6400.24
274	6416.13
275	6429.88
276	6441.49
277	6450.97
278	6458.38
279	6463.89
280	6467.79
281	6470.38
282	6471.99
283	6472.93
284	6473.51
285	6474.07
286	6474.88
287	6476.04
288	6477.21
289	6477.69
290	6476.73
291	6473.56
292	6467.41
293	6457.52
294	6443.13
295	6423.59
296	6398.82
297	6369.85
298	6338.28
299	6305.82
300	6274.20
301	6245.12
302	6220.30
303	6201.43
304	6189.98
305	6186.30
306	6189.29
307	6197.22
308	6208.32
309	6220.79
310	6232.83
311	6242.66
312	6248.52
313	6249.05
314	6244.14
315	6234.93
316	6222.94
317	6209.71
318	6196.81
319	6185.77
320	6178.14
321	6175.41
322	6178.52
323	6187.16
324	6200.15
325	6216.12
326	6233.70
327	6251.50
328	6268.14
329	6282.25
330	6292.58
331	6298.59
332	6300.88
333	6300.64
334	6299.13
335	6297.60
336	6297.31
337	6299.54
338	6305.52
339	6316.23
340	6331.61
341	6350.49
342	6371.32
343	6392.48
344	6412.38
345	6429.41
346	6441.98
347	6448.55
348	6448.08
349	6440.83
350	6428.02
351	6411.06
352	6391.42
353	6370.54
354	6349.87
355	6330.84
356	6314.79
357	6302.41
358	6293.35
359	6286.76
360	6281.71
361	6277.24
362	6272.42
363	6266.31
364	6257.98
365	6246.61
366	6231.79
367	6213.51
368	6191.92
369	6167.17
370	6139.42
371	6108.82
372	6075.53
373	6039.76
374	6002.12
375	5964.15
376	5927.99
377	5895.89
378	5870.14
379	5852.99
380	5846.73
381	5853.59
382	5875.37
383	5911.94
384	5960.41
385	6016.76
386	6076.85
387	6136.52
388	6191.61
389	6237.97
390	6271.57
391	6289.54
392	6292.28
393	6282.84
394	6265.01
395	6242.62
396	6219.48
397	6199.42
398	6186.26
399	6183.47
400	6192.91
401	6213.61
402	6243.23
403	6279.25
404	6319.11
405	6360.26
406	6400.15
407	6436.26
408	6466.43
409	6489.56
410	6505.63
411	6514.90
412	6517.67
413	6514.25
414	6504.93
415	6490.01
416	6469.84
417	6445.02
418	6416.62
419	6385.98
420	6354.48
421	6323.49
422	6294.38
423	6268.55
424	6247.34
425	6231.85
426	6222.33
427	6218.15
428	6218.40
429	6222.14
430	6228.47
431	6236.43
432	6245.12
433	6253.64
434	6261.41
435	6268.39
436	6274.83
437	6281.03
438	6287.31
439	6293.98
440	6301.35
441	6309.72
442	6319.30
443	6330.03
444	6341.53
445	6353.36
446	6365.08
447	6376.22
448	6386.32
449	6394.95
450	6401.71
451	6406.67
452	6410.63
453	6414.79
454	6420.43
455	6428.80
456	6441.17
457	6458.81
458	6482.94
459	6514.29
460	6552.19
461	6594.72
462	6639.58
463	6684.46
464	6727.05
465	6765.04
466	6796.14
467	6818.30
468	6830.69
469	6834.37
470	6831.24
471	6823.28
472	6812.52
473	6800.96
474	6790.61
475	6783.42
476	6780.86
477	6783.22
478	6789.90
479	6800.12
480	6813.08
481	6827.96
482	6843.98
483	6860.33
484	6876.29
485	6891.45
486	6905.79
487	6919.40
488	6932.41
489	6944.92
490	6957.05
491	6968.91
492	6980.61
493	6992.13
494	7003.22
495	7013.52
496	7022.66
497	7030.24
498	7035.88
499	7039.19
500	7039.79
501	7037.38
502	7031.87
503	7023.32
504	7011.88
505	6997.69
506	6980.87
507	6961.56
508	6939.91
509	6916.11
510	6890.61
511	6864.17
512	6837.69
513	6812.11
514	6788.33
515	6767.29
516	6749.89
517	6737.01
518	6729.18
519	6726.28
520	6727.80
521	6733.15
522	6741.76
523	6753.04
524	6766.40
525	6781.24
526	6796.80
527	6811.85
528	6824.76
529	6833.81
530	6837.26
531	6833.37
532	6820.39
533	6796.63
534	6760.79
535	6713.23
536	6656.37
537	6593.40
538	6527.60
539	6462.23
540	6400.58
541	6345.90
542	6301.18
543	6267.91
544	6244.93
545	6229.74
546	6219.63
547	6211.86
548	6203.71
549	6192.46
550	6175.53
551	6151.32
552	6120.70
553	6086.18
554	6050.67
555	6017.08
556	5988.33
557	5967.36
558	5957.01
559	5959.47
560	5974.81
561	6001.14
562	6035.94
563	6076.69
564	6120.84
565	6165.85
566	6209.18
567	6248.56
568	6282.63
569	6311.24
570	6334.68
571	6353.29
572	6367.43
573	6377.42
574	6383.62
575	6386.50
576	6387.16
577	6387.71
578	6390.75
579	6398.96
580	6415.02
581	6441.60
582	6481.36
583	6536.76
584	6608.76
585	6695.28
586	6792.45
587	6896.02
588	7001.77
589	7105.43
590	7202.77
591	7289.66
592	7362.96
593	7421.98
594	7467.86
595	7502.18
596	7526.54
597	7542.52
598	7551.72
599	7555.71
600	7555.71
601	7551.95
602	7543.73
603	7530.10
604	7510.09
605	7482.73
606	7447.05
607	7402.12
608	7347.32
609	7283.27
610	7211.83
611	7135.32
612	7056.10
613	6976.53
614	6898.95
615	6825.71
616	6758.96
617	6700.06
618	6649.39
619	6606.97
620	6572.76
621	6546.72
622	6528.82
623	6519.02
624	6517.07
625	6521.87
626	6531.02
627	6541.61
628	6550.63
629	6555.09
630	6551.99
631	6538.35
632	6511.54
633	6470.69
634	6417.86
635	6356.44
636	6290.02
637	6222.21
638	6156.61
639	6096.83
640	6046.19
641	6006.77
642	5978.23
643	5959.06
644	5947.56
645	5941.99
646	5940.64
647	5941.80
648	5943.82
649	5945.56
650	5946.81
651	5947.84
652	5949.04
653	5950.78
654	5953.46
655	5957.45
656	5963.09
657	5970.55
658	5979.55
659	5989.60
660	6000.18
661	6010.74
662	6020.74
663	6029.66
664	6037.00
665	6042.61
666	6047.00
667	6051.06
668	6055.77
669	6062.10
670	6071.04
671	6083.57
672	6100.62
673	6122.91
674	6150.64
675	6183.75
676	6222.12
677	6265.60
678	6314.09
679	6367.44
680	6425.47
681	6487.67
682	6552.86
683	6619.46
684	6685.81
685	6750.27
686	6811.17
687	6866.88
688	6915.94
689	6958.14
690	6995.73
691	7032.36
692	7071.90
693	7118.25
694	7175.33
695	7247.02
696	7336.85
697	7446.35
698	7573.26
699	7713.28
700	7861.75
701	8014.02
702	8165.42
703	8311.29
704	8447.36
705	8571.23
706	8683.88
707	8787.94
708	8886.30
709	8981.87
710	9077.56
711	9176.27
712	9280.56
713	9391.39
714	9507.21
715	9625.27
716	9742.71
717	9856.62
718	9964.10
719	10062.27
720	10148.52
721	10221.28
722	10280.55
723	10326.95
724	10361.16
725	10383.89
726	10395.83
727	10397.68
728	10390.10
729	10373.64
730	10348.71
731	10315.67
732	10274.87
733	10226.67
734	10171.42
735	10109.49
736	10041.53
737	9969.03
738	9894.38
739	9820.27
740	9749.39
741	9684.46
742	9628.16
743	9583.14
744	9551.51
745	9533.79
746	9529.17
747	9536.50
748	9554.58
749	9582.22
750	9618.22
751	9661.41
752	9710.60
753	9764.62
754	9822.34
755	9882.61
756	9944.29
757	10006.23
758	10067.30
759	10126.32
760	10182.10
761	10233.25
762	10278.35
763	10315.94
764	10344.58
765	10362.81
766	10369.20
767	10362.59
768	10343.18
769	10313.17
770	10275.69
771	10233.99
772	10191.32
773	10150.93
774	10116.06
775	10089.57
776	10072.99
777	10066.33
778	10069.04
779	10080.52
780	10100.16
781	10127.37
782	10161.59
783	10202.77
784	10252.33
785	10312.94
786	10387.61
787	10479.38
788	10591.29
789	10726.38
790	10887.45
791	11075.78
792	11289.28
793	11523.71
794	11774.41
795	12036.68
796	12305.85
797	12577.25
798	12846.60
799	13111.61
800	13373.21
801	13633.75
802	13895.82
803	14162.03
804	14434.96
805	14717.16
806	15010.50
807	15314.41
808	15625.57
809	15939.75
810	16252.62
811	16559.84
812	16857.10
813	17140.36
814	17407.98
815	17664.68
816	17919.94
817	18184.44
818	18468.93
819	18784.19
820	19140.91
821	19548.83
822	20012.33
823	20525.89
824	21078.98
825	21660.19
826	22258.06
827	22861.17
828	23458.13
829	24038.76
830	24597.24
831	25133.00
832	25647.39
833	26141.92
834	26618.12
835	27077.51
836	27521.50
837	27950.35
838	28361.49
839	28750.13
840	29110.95
841	29438.59
842	29727.69
843	29972.94
844	30169.78
845	30317.66
846	30422.92
847	30495.21
848	30544.70
849	30581.58
850	30616.07
851	30658.24
852	30716.86
853	30796.17
854	30895.71
855	31013.48
856	31147.34
857	31295.16
858	31454.83
859	31624.10
860	31800.18
861	31978.93
862	32155.43
863	32324.55
864	32481.19
865	32620.24
866	32736.58
867	32825.42
868	32883.14
869	32907.71
870	32897.67
871	32851.70
872	32768.42
873	32646.50
874	32484.80
875	32284.07
876	32049.85
877	31791.34
878	31518.61
879	31241.77
880	30970.94
881	30716.19
882	30486.20
883	30283.35
884	30100.40
885	29925.87
886	29747.72
887	29553.89
888	29332.32
889	29071.40
890	28763.79
891	28414.09
892	28036.86
893	27649.27
894	27268.71
895	26912.54
896	26598.08
897	26341.00
898	26149.34
899	26018.61
900	25938.63
901	25898.40
902	25886.88
903	25893.00
904	25905.90
905	25916.32
906	25919.59
907	25914.88
908	25902.41
909	25882.49
910	25855.39
911	25821.41
912	25780.64
913	25732.35
914	25674.46
915	25604.31
916	25519.15
917	25416.22
918	25292.79
919	25146.29
920	24975.83
921	24785.01
922	24580.86
923	24371.33
924	24164.40
925	23968.07
926	23790.29
927	23638.02
928	23514.23
929	23416.22
930	23339.03
931	23277.41
932	23226.11
933	23179.87
934	23133.62
935	23083.52
936	23028.68
937	22970.14
938	22909.35
939	22847.81
940	22787.00
941	22728.38
942	22672.98
943	22620.32
944	22568.20
945	22513.83
946	22454.37
947	22386.96
948	22308.80
949	22217.59
950	22113.92
951	22003.89
952	21896.43
953	21800.98
954	21727.00
955	21683.92
956	21680.90
957	21724.13
958	21811.45
959	21933.70
960	22079.82
961	22238.62
962	22398.92
963	22549.56
964	22680.08
965	22782.82
966	22853.90
967	22890.94
968	22891.69
969	22853.96
970	22775.54
971	22654.35
972	22489.17
973	22280.51
974	22029.90
975	21739.05
976	21409.68
977	21043.51
978	20642.46
979	20210.17
980	19755.45
981	19291.60
982	18833.16
983	18394.78
984	17991.08
985	17636.61
986	17344.00
987	17118.32
988	16954.68
989	16844.40
990	16778.33
991	16747.32
992	16742.24
993	16754.48
994	16778.35
995	16813.71
996	16863.33
997	16930.54
998	17018.66
999	17131.00
1000	17270.74
1001	17439.59
1002	17635.63
1003	17854.21
1004	18090.00
1005	18337.64
1006	18591.77
1007	18847.06
1008	19098.68
1009	19343.38
1010	19579.61
1011	19806.37
1012	20022.67
1013	20227.57
1014	20420.09
1015	20599.15
1016	20763.21
1017	20910.02
1018	21037.08
1019	21141.84
1020	21221.77
1021	21274.32
1022	21297.50
1023	21292.29
1024	21265.30
1025	21226.15
1026	21184.96
1027	21151.90
1028	21137.10
1029	21150.21
1030	21197.21
1031	21275.27
1032	21375.51
1033	21487.69
1034	21601.51
1035	21706.67
1036	21793.08
1037	21852.89
1038	21884.79
1039	21893.16
1040	21883.99
1041	21863.39
1042	21837.46
1043	21812.32
1044	21794.29
1045	21790.42
1046	21808.54
1047	21856.76
1048	21943.21
1049	22076.02
1050	22263.24
1051	22511.78
1052	22823.76
1053	23194.82
1054	23618.09
1055	24086.37
1056	24592.48
1057	25129.21
1058	25689.06
1059	26263.20
1060	26840.62
1061	27409.31
1062	27957.11
1063	28471.86
1064	28941.46
1065	29354.92
1066	29707.54
1067	30006.49
1068	30265.10
1069	30497.80
1070	30719.07
1071	30943.32
1072	31184.12
1073	31449.38
1074	31735.00
1075	32029.75
1076	32320.98
1077	32595.96
1078	32841.99
1079	33046.45
1080	33197.60
1081	33285.62
1082	33302.03
1083	33238.60
1084	33087.16
1085	32839.50
1086	32487.96
1087	32028.87
1088	31468.72
1089	30821.43
1090	30102.66
1091	29328.21
1092	28513.84
1093	27675.21
1094	26826.84
1095	25980.24
1096	25144.57
1097	24328.39
1098	23540.20
1099	22788.53
1100	22081.79
1101	21427.35
1102	20829.69
1103	20290.92
1104	19812.54
1105	19395.98
1106	19042.70
1107	18753.95
1108	18529.31
1109	18363.59
1110	18247.50
1111	18170.69
1112	18122.72
1113	18093.17
1114	18071.59
1115	18047.52
1116	18010.47
1117	17949.87
1118	17855.16
1119	17715.78
1120	17521.15
1121	17261.13
1122	16929.40
1123	16530.43
1124	16077.70
1125	15587.09
1126	15074.68
1127	14556.49
1128	14048.34
1129	13563.80
1130	13110.31
1131	12690.46
1132	12305.54
1133	11956.76
1134	11645.36
1135	11372.40
1136	11137.94
1137	10939.29
1138	10771.68
1139	10629.87
1140	10508.56
1141	10402.47
1142	10306.45
1143	10216.31
1144	10130.28
1145	10048.21
1146	9970.36
1147	9897.00
1148	9828.39
1149	9764.72
1150	9705.70
1151	9649.94
1152	9595.38
1153	9539.80
1154	9480.97
1155	9416.69
1156	9345.03
1157	9265.75
1158	9181.97
1159	9098.64
1160	9021.09
1161	8954.66
1162	8904.64
1163	8875.82
1164	8870.20
1165	8885.02
1166	8915.20
1167	8955.26
1168	8999.74
1169	9043.19
1170	9080.53
1171	9108.38
1172	9125.80
1173	9132.92
1174	9130.00
1175	9117.28
1176	9095.05
1177	9063.86
1178	9025.31
1179	8982.28
1180	8938.10
1181	8896.15
1182	8859.80
1183	8832.38
1184	8816.72
1185	8813.98
1186	8823.74
1187	8845.11
1188	8877.13
1189	8918.87
1190	8969.32
1191	9027.02
1192	9089.31
1193	9152.56
1194	9212.96
1195	9266.65
1196	9309.79
1197	9338.74
1198	9351.21
1199	9347.74
1200	9330.56
1201	9302.22
1202	9265.30
1203	9222.38
1204	9176.13
1205	9129.75
1206	9087.27
1207	9053.11
1208	9031.73
1209	9027.63
1210	9045.20
1211	9087.91
1212	9155.70
1213	9244.19
1214	9347.48
1215	9459.50
1216	9574.19
1217	9685.62
1218	9789.38
1219	9885.38
1220	9977.33
1221	10069.97
1222	10168.12
1223	10276.58
1224	10399.92
1225	10540.91
1226	10698.45
1227	10869.09
1228	11048.88
1229	11233.82
1230	11419.96
1231	11603.91
1232	11784.84
1233	11965.96
1234	12152.21
1235	12348.84
1236	12561.06
1237	12794.05
1238	13052.36
1239	13338.41
1240	13652.35
1241	13993.64
1242	14361.67
1243	14755.82
1244	15175.56
1245	15621.07
1246	16094.24
1247	16598.12
1248	17136.05
1249	17711.37
1250	18327.38
1251	18986.28
1252	19684.94
1253	20411.41
1254	21149.71
1255	21883.20
1256	22595.28
1257	23269.47
1258	23891.60
1259	24455.14
1260	24961.45
1261	25414.48
1262	25818.36
1263	26177.22
1264	26494.79
1265	26771.84
1266	27002.45
1267	27176.40
1268	27282.52
1269	27309.63
1270	27246.65
1271	27085.07
1272	26827.33
1273	26491.64
1274	26102.61
1275	25685.72
1276	25266.43
1277	24869.79
1278	24516.69
1279	24216.14
1280	23967.18
1281	23766.12
1282	23609.13
1283	23492.40
1284	23413.28
1285	23375.28
1286	23392.89
1287	23486.05
1288	23675.61
1289	23982.43
1290	24426.90
1291	25023.20
1292	25765.34
1293	26626.80
1294	27574.64
1295	28575.37
1296	29595.50
1297	30601.68
1298	31561.30
1299	32443.27
1300	33217.41
1301	33853.66
1302	34321.99
1303	34592.77
1304	34642.02
1305	34465.63
1306	34081.76
1307	33516.06
1308	32794.89
1309	31944.64
1310	30991.68
1311	29962.27
1312	28882.44
1313	27778.10
1314	26675.12
1315	25599.39
1316	24576.45
1317	23627.46
1318	22757.92
1319	21955.71
1320	21202.74
1321	20480.35
1322	19769.90
1323	19053.91
1324	18322.13
1325	17579.09
1326	16837.78
1327	16112.81
1328	15418.89
1329	14770.48
1330	14179.35
1331	13648.23
1332	13170.50
1333	12736.54
1334	12336.51
1335	11960.57
1336	11599.63
1337	11248.69
1338	10910.27
1339	10590.67
1340	10296.87
1341	10035.86
1342	9814.36
1343	9636.47
1344	9498.62
1345	9390.50
1346	9299.98
1347	9214.75
1348	9122.62
1349	9012.81
1350	8881.00
1351	8732.52
1352	8576.76
1353	8423.68
1354	8283.25
1355	8165.04
1356	8075.85
1357	8015.84
1358	7980.69
1359	7965.07
1360	7963.63
1361	7970.99
1362	7982.05
1363	7992.48
1364	7998.87
1365	7998.09
1366	7987.06
1367	7962.67
1368	7922.04
1369	7863.22
1370	7785.90
1371	7690.63
1372	7578.06
1373	7448.84
1374	7303.75
1375	7144.35
1376	6974.29
1377	6798.76
1378	6623.33
1379	6453.57
1380	6295.04
1381	6152.53
1382	6028.19
1383	5921.17
1384	5829.61
1385	5751.52
1386	5684.95
1387	5628.12
1388	5580.31
1389	5542.53
1390	5516.60
1391	5504.49
1392	5508.16
1393	5529.50
1394	5569.90
1395	5629.50
1396	5707.66
1397	5803.54
1398	5916.28
1399	6044.97
1400	6187.98
1401	6341.41
1402	6499.20
1403	6654.63
1404	6800.93
1405	6931.42
1406	7040.92
1407	7130.35
1408	7208.85
1409	7288.79
1410	7382.87
1411	7503.81
1412	7663.53
1413	7869.72
1414	8122.31
1415	8417.37
1416	8750.28
1417	9116.44
1418	9511.80
1419	9936.50
1420	10400.49
1421	10920.21
1422	11513.54
1423	12198.46
1424	12992.78
1425	13912.98
1426	14971.60
1427	16177.75
1428	17539.62
1429	19065.30
1430	20762.39
1431	22630.96
1432	24644.89
1433	26748.90
1434	28877.88
1435	30965.83
1436	32946.91
1437	34759.40
1438	36358.68
1439	37724.02
1440	38844.24
1441	39709.38
1442	40309.59
1443	40637.57
1444	40698.78
1445	40520.27
1446	40139.29
1447	39594.72
1448	38925.44
1449	38169.51
1450	37360.01
1451	36520.12
1452	35667.45
1453	34818.62
1454	33990.13
1455	33197.37
1456	32447.71
1457	31730.18
1458	31021.96
1459	30297.71
1460	29531.96
1461	28700.22
1462	27785.90
1463	26792.66
1464	25739.05
1465	24647.29
1466	23539.73
1467	22438.43
1468	21362.14
1469	20320.52
1470	19315.68
1471	18347.70
1472	17416.59
1473	16522.33
1474	15665.20
1475	14846.27
1476	14067.34
1477	13330.43
1478	12637.55
1479	11990.71
1480	11391.37
1481	10839.40
1482	10333.16
1483	9870.48
1484	9449.21
1485	9067.14
1486	8721.69
1487	8409.16
1488	8124.64
1489	7862.84
1490	7618.46
1491	7386.23
1492	7161.56
1493	6942.02
1494	6727.44
1495	6518.38
1496	6315.47
1497	6119.36
1498	5930.85
1499	5751.40
1500	5583.10
1501	5428.24
1502	5289.14
1503	5168.01
1504	5066.10
1505	4981.33
1506	4908.26
1507	4840.38
1508	4771.11
1509	4693.98
1510	4604.09
1511	4501.58
1512	4391.43
1513	4280.15
1514	4174.36
1515	4080.53
1516	4003.52
1517	3943.40
1518	3895.75
1519	3854.92
1520	3815.13
1521	3770.77
1522	3717.67
1523	3655.78
1524	3588.48
1525	3520.10
1526	3455.03
1527	3397.50
1528	3350.47
1529	3313.58
1530	3283.98
1531	3258.20
1532	3232.75
1533	3204.28
1534	3170.58
1535	3132.15
1536	3091.22
1537	3050.45
1538	3012.48
1539	2979.80
1540	2953.78
1541	2933.56
1542	2916.99
1543	2901.65
1544	2885.15
1545	2865.26
1546	2840.75
1547	2812.07
1548	2780.52
1549	2747.53
1550	2714.51
1551	2682.74
1552	2652.76
1553	2624.11
1554	2595.89
1555	2567.15
1556	2536.96
1557	2504.90
1558	2472.23
1559	2442.26
1560	2418.96
1561	2406.40
1562	2408.48
1563	2427.47
1564	2460.74
1565	2501.20
1566	2540.48
1567	2570.14
1568	2582.12
1569	2571.49
1570	2540.89
1571	2498.26
1572	2452.80
1573	2413.70
1574	2389.52
1575	2384.95
1576	2397.36
1577	2420.19
1578	2446.23
1579	2468.25
1580	2479.98
1581	2479.19
1582	2469.41
1583	2456.53
1584	2446.74
1585	2446.10
1586	2459.00
1587	2484.41
1588	2515.67
1589	2544.38
1590	2562.01
1591	2560.50
1592	2535.61
1593	2492.65
1594	2443.77
1595	2402.75
1596	2383.38
1597	2398.03
1598	2451.43
1599	2534.39
1600	2630.79
1601	2723.32
1602	2794.84
1603	2831.26
1604	2830.15
1605	2803.41
1606	2768.12
1607	2741.87
1608	2741.81
1609	2780.57
1610	2858.47
1611	2965.95
1612	3090.83
1613	3220.85
1614	3344.48
1615	3454.49
1616	3551.76
1617	3641.42
1618	3729.36
1619	3821.49
1620	3923.91
1621	4043.33
1622	4187.23
1623	4363.35
1624	4579.44
1625	4842.91
1626	5158.29
1627	5522.76
1628	5928.05
1629	6364.58
1630	6822.76
1631	7294.34
1632	7777.60
1633	8281.52
1634	8820.02
1635	9407.72
1636	10059.42
1637	10791.17
1638	11623.07
1639	12579.11
1640	13684.46
1641	14964.31
1642	16442.31
1643	18132.71
1644	20030.87
1645	22121.57
1646	24387.60
1647	26811.07
1648	29365.69
1649	31994.68
1650	34606.03
1651	37095.50
1652	39357.76
1653	41289.20
1654	42798.65
1655	43823.04
1656	44317.15
1657	44239.63
1658	43550.20
1659	42224.17
1660	40297.34
1661	37882.11
1662	35119.31
1663	32152.80
1664	29123.82
1665	26153.52
1666	23315.86
1667	20653.52
1668	18202.15
1669	15996.74
1670	14066.58
1671	12418.93
1672	11033.10
1673	9877.99
1674	8921.36
1675	8131.16
1676	7476.91
1677	6931.69
1678	6470.82
1679	6070.12
1680	5705.65
1681	5356.93
1682	5015.96
1683	4689.22
1684	4388.21
1685	4124.91
1686	3910.40
1687	3750.35
1688	3639.44
1689	3566.18
1690	3517.92
1691	3482.08
1692	3447.56
1693	3407.95
1694	3361.38
1695	3307.35
1696	3245.49
1697	3175.84
1698	3100.32
1699	3024.06
1700	2953.61
1701	2895.74
1702	2856.95
1703	2841.37
1704	2846.97
1705	2867.18
1706	2894.33
1707	2920.73
1708	2940.03
1709	2950.72
1710	2957.25
1711	2966.20
1712	2984.33
1713	3018.02
1714	3071.19
1715	3143.14
1716	3230.74
1717	3330.39
1718	3438.65
1719	3553.21
1720	3675.04
1721	3807.78
1722	3955.73
1723	4123.25
1724	4314.31
1725	4531.56
1726	4775.95
1727	5047.83
1728	5347.48
1729	5675.04
1730	6029.90
1731	6410.18
1732	6813.27
1733	7236.48
1734	7676.95
1735	8130.56
1736	8590.05
1737	9045.86
1738	9487.86
1739	9905.93
1740	10289.82
1741	10629.11
1742	10913.09
1743	11131.02
1744	11272.18
1745	11326.78
1746	11289.08
1747	11159.23
1748	10939.80
1749	10633.72
1750	10244.57
1751	9779.75
1752	9254.10
1753	8686.45
1754	8096.37
1755	7503.12
1756	6923.61
1757	6368.78
1758	5845.35
1759	5359.02
1760	4915.30
1761	4517.83
1762	4164.57
1763	3848.23
1764	3560.00
1765	3291.05
1766	3034.42
1767	2790.08
1768	2566.16
1769	2373.69
1770	2223.91
1771	2125.87
1772	2078.96
1773	2068.29
1774	2072.95
1775	2071.32
1776	2043.63
1777	1980.14
1778	1889.05
1779	1787.51
1780	1694.10
1781	1626.43
1782	1595.30
1783	1597.35
1784	1620.89
1785	1652.62
1786	1679.63
1787	1692.53
1788	1690.29
1789	1677.60
1790	1660.45
1791	1644.66
1792	1634.28
1793	1628.63
1794	1623.34
1795	1613.10
1796	1592.76
1797	1559.06
1798	1514.24
1799	1465.29
1800	1420.54
1801	1388.24
1802	1374.83
1803	1381.22
1804	1403.08
1805	1434.49
1806	1469.49
1807	1502.80
1808	1531.34
1809	1554.28
1810	1571.47
1811	1582.83
1812	1588.41
1813	1588.58
1814	1584.11
1815	1575.87
1816	1564.75
1817	1551.60
1818	1537.17
1819	1522.07
1820	1506.87
1821	1492.14
1822	1478.47
1823	1466.56
1824	1457.18
1825	1451.16
1826	1449.29
1827	1451.98
1828	1458.33
1829	1466.10
1830	1472.60
1831	1475.16
1832	1471.87
1833	1463.17
1834	1451.94
1835	1441.79
1836	1436.30
1837	1437.93
1838	1445.75
1839	1455.61
1840	1462.42
1841	1461.22
1842	1449.05
1843	1428.76
1844	1408.15
1845	1396.37
1846	1402.22
1847	1430.54
1848	1475.81
1849	1524.54
1850	1561.26
1851	1571.18
1852	1545.49
1853	1489.47
1854	1417.91
1855	1347.67
1856	1294.75
1857	1269.05
1858	1267.79
1859	1280.90
1860	1296.89
1861	1305.18
1862	1300.04
1863	1284.39
1864	1265.36
1865	1250.75
1866	1247.42
1867	1258.04
1868	1279.19
1869	1304.89
1870	1328.92
1871	1345.79
1872	1352.90
1873	1350.97
1874	1341.88
1875	1327.60
1876	1309.88
1877	1289.80
1878	1267.85
1879	1244.31
1880	1219.53
1881	1194.26
1882	1170.19
1883	1149.73
1884	1135.41
1885	1129.61
1886	1133.77
1887	1147.45
1888	1169.29
1889	1197.74
1890	1231.13
1891	1267.43
1892	1304.04
1893	1338.16
1894	1366.96
1895	1388.00
1896	1400.05
1897	1403.07
1898	1397.43
1899	1383.62
1900	1362.93
1901	1338.57
1902	1315.15
1903	1297.58
1904	1290.20
1905	1294.41
1906	1306.36
1907	1319.56
1908	1327.21
1909	1324.18
1910	1311.59
1911	1298.07
1912	1294.94
1913	1313.21
1914	1358.74
1915	1423.57
1916	1488.88
1917	1533.16
1918	1536.88
1919	1492.17
1920	1412.84
1921	1323.70
1922	1251.22
1923	1217.62
1924	1229.46
1925	1275.00
1926	1336.08
1927	1394.33
1928	1434.75
1929	1450.72
1930	1441.63
1931	1408.34
1932	1352.71
1933	1280.92
1934	1206.02
1935	1144.14
1936	1111.38
1937	1118.88
1938	1162.64
1939	1224.54
1940	1282.38
1941	1315.23
1942	1311.10
1943	1275.42
1944	1223.02
1945	1170.28
1946	1131.69
1947	1114.83
1948	1119.64
1949	1143.50
1950	1183.25
1951	1233.79
1952	1285.79
1953	1327.35
1954	1346.22
1955	1333.09
1956	1289.56
1957	1230.45
1958	1175.25
1959	1142.93
1960	1145.57
1961	1179.74
1962	1232.21
1963	1287.73
1964	1332.52
1965	1358.55
1966	1364.65
1967	1352.10
1968	1322.73
1969	1280.12
1970	1231.62
1971	1186.86
1972	1155.80
1973	1146.52
1974	1160.61
1975	1192.55
1976	1234.46
1977	1278.52
1978	1318.30
1979	1350.15
1980	1371.84
1981	1381.51
1982	1378.55
1983	1366.05
1984	1350.46
1985	1339.14
1986	1338.45
1987	1349.84
1988	1367.15
1989	1380.97
1990	1381.86
1991	1363.92
1992	1329.86
1993	1288.32
1994	1249.25
1995	1221.16
1996	1207.45
1997	1205.68
1998	1211.45
1999	1220.36
2000	1229.06
2001	1236.01
2002	1240.57
2003	1242.24
2004	1240.56
2005	1235.07
2006	1225.30
2007	1210.84
2008	1191.72
2009	1169.60
2010	1147.98
2011	1130.98
2012	1122.25
2013	1122.84
2014	1129.33
2015	1136.24
2016	1138.19
2017	1132.68
2018	1124.17
2019	1121.68
2020	1134.98
2021	1170.55
2022	1224.50
2023	1283.19
2024	1330.16
2025	1351.01
2026	1340.44
2027	1305.11
2028	1256.26
2029	1205.33
2030	1161.90
2031	1132.24
2032	1121.00
2033	1132.10
2034	1166.34
2035	1217.42
2036	1274.48
2037	1325.91
2038	1362.31
2039	1380.69
2040	1383.39
2041	1374.19
2042	1356.72
2043	1333.87
2044	1307.72
2045	1280.08
2046	1252.77
2047	1227.74
2048	1207.08
2049	1192.92
2050	1186.95
2051	1188.74
2052	1194.45
2053	1198.70
2054	1196.46
2055	1185.75
2056	1170.51
2057	1157.71
2058	1154.35
2059	1164.10
2060	1183.36
2061	1204.12
2062	1217.88
2063	1219.25
2064	1210.31
2065	1198.32
2066	1191.42
2067	1195.22
2068	1208.58
2069	1225.19
2070	1237.63
2071	1240.05
2072	1231.18
2073	1213.60
2074	1190.90
2075	1166.83
2076	1145.31
2077	1130.46
2078	1126.31
2079	1135.30
2080	1155.15
2081	1179.17
2082	1199.54
2083	1209.98
2084	1209.12
2085	1200.29
2086	1188.09
2087	1176.51
2088	1167.19
2089	1159.67
2090	1152.83
2091	1145.89
2092	1139.11
2093	1133.69
2094	1131.06
2095	1131.96
2096	1135.14
2097	1137.63
2098	1136.07
2099	1128.18
2100	1114.74
2101	1098.95
2102	1084.79
2103	1076.95
2104	1082.03
2105	1107.91
2106	1161.81
2107	1243.49
2108	1335.38
2109	1408.55
2110	1434.06
2111	1398.29
2112	1319.81
2113	1235.53
2114	1182.88
2115	1182.72
2116	1225.89
2117	1288.31
2118	1345.35
2119	1381.09
2120	1392.92
2121	1383.94
2122	1358.64
2123	1323.89
2124	1289.39
2125	1265.69
2126	1260.54
2127	1272.61
2128	1291.63
2129	1305.03
2130	1304.13
2131	1291.02
2132	1275.98
2133	1270.70
2134	1282.74
2135	1310.70
2136	1347.91
2137	1386.45
2138	1417.42
2139	1430.37
2140	1414.44
2141	1362.82
2142	1283.86
2143	1203.84
2144	1154.37
2145	1157.97
2146	1209.73
2147	1281.75
2148	1341.64
2149	1367.92
2150	1362.99
2151	1343.26
2152	1325.78
2153	1318.20
2154	1314.03
2155	1301.08
2156	1270.16
2157	1224.11
2158	1177.73
2159	1148.59
2160	1148.23
2161	1173.59
2162	1212.23
2163	1250.73
2164	1280.43
2165	1300.06
2166	1311.49
2167	1316.02
2168	1311.82
2169	1294.09
2170	1258.02
2171	1204.11
2172	1144.31
2173	1097.08
2174	1079.28
2175	1096.22
2176	1138.25
2177	1190.25
2178	1238.08
2179	1271.74
2180	1284.47
2181	1271.76
2182	1236.07
2183	1190.91
2184	1154.27
2185	1139.89
2186	1146.92
2187	1161.54
2188	1167.64
2189	1156.35
2190	1132.19
2191	1106.14
2192	1087.90
2193	1079.82
2194	1077.10
2195	1073.42
2196	1065.81
2197	1057.72
2198	1055.72
2199	1064.92
2200	1084.15
2201	1106.21
2202	1123.01
2203	1130.84
2204	1133.95
2205	1140.13
2206	1154.08
2207	1169.83
2208	1172.38
2209	1147.82
2210	1098.54
2211	1052.06
2212	1044.71
2213	1097.31
2214	1188.47
2215	1267.20
2216	1284.91
2217	1228.49
2218	1128.23
2219	1027.99
2220	961.07
2221	936.75
2222	950.96
2223	994.95
2224	1053.30
2225	1104.98
2226	1130.17
2227	1120.79
2228	1085.25
2229	1038.44
2230	995.28
2231	969.07
2232	971.49
2233	1007.33
2234	1061.70
2235	1102.77
2236	1100.51
2237	1051.11
2238	985.44
2239	944.27
2240	951.10
2241	994.23
2242	1044.41
2243	1075.37
2244	1076.28
2245	1047.71
2246	994.44
2247	926.29
2248	857.97
2249	805.20
2250	781.65
2251	797.92
2252	860.79
2253	963.00
2254	1072.27
2255	1146.14
2256	1156.03
2257	1109.31
2258	1035.54
2259	962.92
2260	902.87
2261	853.33
2262	811.10
2263	780.54
2264	773.52
2265	800.01
2266	853.90
2267	909.63
2268	938.78
2269	930.43
2270	899.78
2271	870.75
2272	858.59
2273	861.81
2274	871.80
2275	882.32
2276	893.73
2277	909.11
2278	927.36
2279	937.69
2280	925.10
2281	882.64
2282	823.47
2283	772.07
2284	747.80
2285	752.18
2286	775.24
2287	806.34
2288	839.17
2289	870.49
2290	897.60
2291	917.53
2292	927.20
2293	924.49
2294	909.72
2295	885.02
2296	854.04
2297	823.18
2298	800.18
2299	790.21
2300	791.73
2301	799.33
2302	809.40
2303	823.91
2304	847.32
2305	879.74
2306	911.58
2307	929.44
2308	926.53
2309	909.28
2310	889.62
2311	876.04
2312	870.33
2313	871.48
2314	878.62
2315	891.52
2316	908.62
2317	923.04
2318	922.47
2319	896.80
2320	847.74
2321	787.99
2322	736.75
2323	721.90
2324	772.04
2325	885.84
2326	1000.59
2327	1033.48
2328	958.64
2329	845.40
2330	784.90
2331	802.74
2332	845.65
2333	854.76
2334	830.62
2335	820.71
2336	858.01
2337	916.77
2338	945.32
2339	928.00
2340	912.80
2341	954.70
2342	1042.65
2343	1098.41
2344	1059.58
2345	955.17
2346	868.23
2347	845.84
2348	853.11
2349	834.31
2350	788.03
2351	771.48
2352	826.73
2353	915.17
2354	957.15
2355	920.89
2356	860.70
2357	843.46
2358	868.38
2359	877.43
2360	833.68
2361	771.59
2362	747.77
2363	769.76
2364	789.15
2365	767.68
2366	730.19
2367	729.30
2368	781.08
2369	849.51
2370	894.51
2371	910.00
2372	909.57
2373	897.19
2374	859.95
2375	788.90
2376	698.75
2377	618.48
2378	575.20
2379	587.54
2380	655.99
2381	748.03
2382	818.04
2383	837.01
2384	800.46
2385	732.08
2386	691.04
2387	725.04
2388	804.40
2389	853.70
2390	857.17
2391	889.24
2392	995.69
2393	1090.19
2394	1060.10
2395	941.89
2396	889.99
2397	962.55
2398	1036.28
2399	994.05
2400	884.31
2401	821.68
2402	836.41
2403	879.51
2404	911.30
2405	929.89
2406	937.94
2407	924.05
2408	887.09
2409	866.07
2410	905.35
2411	989.39
2412	1052.89
2413	1044.49
2414	954.16
2415	818.71
2416	721.22
2417	725.33
2418	818.09
2419	938.56
2420	1005.91
2421	966.65
2422	863.65
2423	790.38
2424	780.62
2425	803.41
2426	827.39
2427	840.46
2428	835.10
2429	807.60
2430	777.71
2431	786.80
2432	841.10
2433	890.00
2434	901.52
2435	902.84
2436	914.60
2437	911.15
2438	874.92
2439	832.22
2440	808.26
2441	797.22
2442	794.14
2443	814.00
2444	863.12
2445	920.38
2446	952.49
2447	933.16
2448	871.28
2449	809.56
2450	775.64
