150	4222.81
151	4210.19
152	4203.25
153	4209.16
154	4227.79
155	4256.75
156	4292.97
157	4333.31
158	4374.62
159	4413.77
160	4447.61
161	4473.04
162	4487.50
163	4490.55
164	4484.35
165	4472.00
166	4456.71
167	4441.70
168	4430.16
169	4425.31
170	4430.31
171	4447.74
172	4477.84
173	4517.95
174	4564.35
175	4613.22
176	4660.72
177	4703.02
178	4736.28
179	4756.72
180	4761.34
181	4750.17
182	4726.96
183	4696.79
184	4664.90
185	4636.54
186	4616.94
187	4611.34
188	4624.92
189	4661.79
190	4722.18
191	4801.69
192	4894.24
193	4993.63
194	5093.63
195	5188.01
196	5270.54
197	5335.08
198	5376.59
199	5393.98
200	5390.59
201	5371.27
202	5341.01
203	5304.82
204	5267.68
205	5234.58
206	5210.46
207	5199.39
208	5202.54
209	5218.14
210	5243.42
211	5275.56
212	5311.71
213	5349.05
214	5384.74
215	5416.00
216	5440.57
217	5457.90
218	5468.98
219	5475.27
220	5478.28
221	5479.50
222	5480.45
223	5482.60
224	5487.45
225	5496.19
226	5509.30
227	5526.65
228	5547.92
229	5572.80
230	5600.98
231	5632.14
232	5665.97
233	5702.13
234	5740.16
235	5779.28
236	5818.46
237	5856.63
238	5892.71
239	5925.62
240	5954.28
241	5977.61
242	5994.62
243	6004.84
244	6008.95
245	6008.34
246	6004.54
247	5999.10
248	5993.55
249	5989.43
250	5988.27
251	5991.50
252	5999.83
253	6012.74
254	6029.08
255	6047.55
256	6066.88
257	6085.79
258	6102.98
259	6117.20
260	6127.31
261	6132.87
262	6134.48
263	6133.17
264	6130.01
265	6126.12
266	6122.59
267	6120.51
268	6120.95
269	6124.87
270	6132.63
271	6143.96
272	6158.32
273	6175.17
274	6193.96
275	6214.15
276	6235.18
277	6256.52
278	6277.63
279	6298.10
280	6317.58
281	6335.72
282	6352.21
283	6366.72
284	6378.92
285	6388.49
286	6395.12
287	6398.62
288	6399.13
289	6397.00
290	6392.61
291	6386.38
292	6378.71
293	6369.99
294	6360.63
295	6351.02
296	6341.51
297	6332.35
298	6323.77
299	6315.94
300	6309.09
301	6303.41
302	6299.10
303	6296.37
304	6295.34
305	6295.84
306	6297.29
307	6298.95
308	6300.06
309	6299.85
310	6297.55
311	6292.41
312	6283.67
313	6270.83
314	6254.16
315	6234.68
316	6213.65
317	6192.34
318	6172.04
319	6154.01
320	6139.53
321	6129.81
322	6125.64
323	6126.76
324	6132.22
325	6140.88
326	6151.62
327	6163.30
328	6174.80
329	6184.97
330	6192.79
331	6197.67
332	6199.77
333	6199.63
334	6197.86
335	6195.03
336	6191.76
337	6188.63
338	6186.24
339	6185.13
340	6185.63
341	6187.86
342	6191.87
343	6197.68
344	6205.33
345	6214.85
346	6226.27
347	6239.59
348	6254.54
349	6270.17
350	6285.04
351	6297.56
352	6306.15
353	6309.25
354	6305.27
355	6292.63
356	6270.04
357	6237.47
358	6197.12
359	6152.26
360	6106.32
361	6062.74
362	6024.96
363	5996.42
364	5980.50
365	5979.77
366	5994.10
367	6020.43
368	6054.74
369	6092.96
370	6130.99
371	6164.74
372	6190.13
373	6203.28
374	6201.77
375	6186.59
376	6160.88
377	6128.29
378	6092.45
379	6057.05
380	6025.72
381	6002.11
382	5989.46
383	5989.36
384	6001.04
385	6022.74
386	6052.61
387	6088.77
388	6129.34
389	6172.47
390	6216.29
391	6259.11
392	6299.66
393	6337.02
394	6370.38
395	6398.92
396	6421.82
397	6438.27
398	6447.46
399	6448.70
400	6441.83
401	6427.67
402	6407.48
403	6382.62
404	6354.41
405	6324.20
406	6293.35
407	6263.18
408	6234.93
409	6209.55
410	6187.69
411	6169.91
412	6156.77
413	6148.83
414	6146.66
415	6150.80
416	6161.70
417	6179.19
418	6201.88
419	6227.78
420	6254.79
421	6280.79
422	6303.67
423	6321.32
424	6331.66
425	6333.16
426	6326.00
427	6312.13
428	6294.08
429	6274.41
430	6255.67
431	6240.43
432	6231.26
433	6230.46
434	6239.09
435	6255.67
436	6277.37
437	6301.13
438	6323.89
439	6342.57
440	6354.11
441	6355.49
442	6344.56
443	6321.87
444	6290.66
445	6255.02
446	6219.09
447	6187.04
448	6163.00
449	6151.11
450	6155.09
451	6176.35
452	6212.20
453	6257.85
454	6308.16
455	6357.97
456	6402.13
457	6435.49
458	6453.04
459	6451.25
460	6430.95
461	6396.84
462	6354.71
463	6310.43
464	6269.86
465	6238.88
466	6223.32
467	6228.30
468	6255.67
469	6302.12
470	6362.11
471	6429.77
472	6499.21
473	6564.55
474	6619.92
475	6659.65
476	6679.88
477	6681.25
478	6667.66
479	6643.78
480	6614.34
481	6584.05
482	6557.64
483	6539.78
484	6534.44
485	6542.96
486	6563.45
487	6592.83
488	6627.93
489	6665.56
490	6702.53
491	6735.67
492	6762.00
493	6779.64
494	6788.95
495	6791.51
496	6789.10
497	6783.54
498	6776.60
499	6770.11
500	6765.81
501	6765.08
502	6768.15
503	6774.29
504	6782.45
505	6791.61
506	6800.73
507	6808.75
508	6814.65
509	6817.50
510	6816.84
511	6812.83
512	6805.90
513	6796.49
514	6785.04
515	6772.01
516	6757.84
517	6742.97
518	6727.87
519	6713.01
520	6698.85
521	6685.87
522	6674.56
523	6665.38
524	6658.82
525	6655.32
526	6655.17
527	6658.08
528	6663.32
529	6670.03
530	6677.33
531	6684.36
532	6690.24
533	6694.10
534	6695.08
535	6692.32
536	6684.95
537	6672.14
538	6653.03
539	6626.77
540	6592.52
541	6549.43
542	6496.88
543	6435.30
544	6367.09
545	6295.63
546	6224.43
547	6157.02
548	6096.94
549	6047.71
550	6012.70
551	5994.00
552	5990.70
553	5999.78
554	6017.76
555	6041.15
556	6066.42
557	6090.09
558	6108.71
559	6119.58
560	6122.36
561	6118.85
562	6111.54
563	6102.96
564	6095.63
565	6092.07
566	6094.80
567	6105.94
568	6126.18
569	6154.37
570	6188.66
571	6227.12
572	6267.84
573	6308.89
574	6348.36
575	6384.53
576	6416.75
577	6446.09
578	6474.40
579	6503.69
580	6535.96
581	6573.22
582	6617.45
583	6670.50
584	6733.18
585	6804.21
586	6881.05
587	6960.93
588	7041.05
589	7118.62
590	7190.85
591	7255.06
592	7309.32
593	7353.63
594	7389.45
595	7418.54
596	7442.71
597	7463.75
598	7483.47
599	7503.60
600	7525.22
601	7547.46
602	7567.67
603	7582.71
604	7589.39
605	7584.54
606	7564.96
607	7527.56
608	7470.09
609	7393.41
610	7301.69
611	7200.20
612	7094.33
613	6989.47
614	6890.98
615	6804.21
616	6733.73
617	6681.10
618	6644.04
619	6618.84
620	6601.61
621	6588.46
622	6575.50
623	6558.86
624	6535.12
625	6502.78
626	6463.20
627	6418.93
628	6372.68
629	6327.18
630	6285.14
631	6249.26
632	6221.97
633	6204.30
634	6194.97
635	6191.63
636	6191.79
637	6192.94
638	6192.56
639	6188.16
640	6177.46
641	6159.47
642	6135.43
643	6107.76
644	6079.06
645	6051.92
646	6028.97
647	6012.79
648	6005.77
649	6009.01
650	6021.17
651	6039.58
652	6061.31
653	6083.46
654	6103.09
655	6117.29
656	6123.35
657	6119.71
658	6107.24
659	6088.14
660	6064.89
661	6039.97
662	6015.87
663	5995.04
664	5979.88
665	5972.11
666	5972.10
667	5979.45
668	5993.59
669	6013.95
670	6039.96
671	6071.06
672	6106.66
673	6146.17
674	6188.89
675	6234.10
676	6281.08
677	6329.10
678	6377.41
679	6425.30
680	6472.09
681	6517.49
682	6561.99
683	6606.52
684	6652.11
685	6699.77
686	6750.54
687	6805.44
688	6865.44
689	6931.17
690	7002.57
691	7079.21
692	7160.58
693	7246.18
694	7335.49
695	7428.01
696	7523.21
697	7620.54
698	7719.32
699	7818.84
700	7918.40
701	8017.25
702	8114.69
703	8210.00
704	8302.58
705	8392.44
706	8480.72
707	8569.07
708	8659.22
709	8752.94
710	8851.97
711	8958.04
712	9072.58
713	9195.52
714	9324.38
715	9455.63
716	9585.58
717	9710.50
718	9826.69
719	9930.47
720	10018.56
721	10089.38
722	10143.81
723	10183.71
724	10211.05
725	10227.84
726	10236.06
727	10237.69
728	10234.43
729	10226.96
730	10214.72
731	10196.70
732	10171.84
733	10139.07
734	10097.34
735	10045.62
736	9983.44
737	9912.16
738	9835.00
739	9755.78
740	9678.38
741	9606.66
742	9544.49
743	9495.68
744	9463.17
745	9447.62
746	9447.66
747	9461.40
748	9486.92
749	9522.28
750	9565.56
751	9614.84
752	9668.38
753	9724.79
754	9782.96
755	9841.84
756	9900.36
757	9957.48
758	10012.13
759	10063.29
760	10109.99
761	10151.49
762	10187.10
763	10216.19
764	10238.11
765	10252.21
766	10257.85
767	10254.62
768	10243.08
769	10225.36
770	10204.24
771	10182.60
772	10163.34
773	10149.33
774	10143.44
775	10147.92
776	10162.97
777	10186.34
778	10214.89
779	10245.44
780	10274.78
781	10299.71
782	10317.18
783	10325.62
784	10327.75
785	10329.97
786	10339.73
787	10364.53
788	10411.85
789	10489.20
790	10603.62
791	10759.30
792	10953.98
793	11181.42
794	11434.49
795	11706.06
796	11988.98
797	12276.13
798	12560.99
799	12839.85
800	13113.62
801	13385.29
802	13658.18
803	13935.61
804	14220.90
805	14517.32
806	14827.21
807	15149.65
808	15480.09
809	15812.72
810	16141.62
811	16460.84
812	16764.47
813	17046.95
814	17305.74
815	17546.23
816	17779.79
817	18019.31
818	18277.79
819	18568.17
820	18903.40
821	19295.26
822	19749.29
823	20259.53
824	20814.18
825	21400.41
826	22005.35
827	22616.15
828	23220.02
829	23805.61
830	24366.75
831	24903.59
832	25418.50
833	25914.12
834	26393.05
835	26857.93
836	27311.18
837	27753.76
838	28182.73
839	28592.19
840	28975.49
841	29325.98
842	29636.97
843	29901.82
844	30114.78
845	30274.58
846	30387.72
847	30464.43
848	30515.56
849	30551.96
850	30584.48
851	30623.87
852	30679.24
853	30754.41
854	30847.52
855	30954.95
856	31072.89
857	31197.55
858	31325.12
859	31451.92
860	31575.09
861	31693.48
862	31807.10
863	31916.14
864	32020.84
865	32121.41
866	32218.05
867	32310.35
868	32395.53
869	32467.63
870	32519.50
871	32543.79
872	32533.19
873	32480.39
874	32378.47
875	32223.71
876	32020.81
877	31780.71
878	31515.92
879	31239.04
880	30962.64
881	30699.25
882	30459.87
883	30248.55
884	30058.64
885	29878.84
886	29697.24
887	29501.87
888	29280.79
889	29022.47
890	28719.52
891	28376.07
892	28005.80
893	27625.00
894	27250.09
895	26897.50
896	26583.60
897	26323.31
898	26124.62
899	25984.21
900	25893.66
901	25843.74
902	25825.24
903	25828.92
904	25845.64
905	25867.29
906	25888.64
907	25906.85
908	25919.75
909	25925.21
910	25921.09
911	25905.28
912	25875.59
913	25829.72
914	25765.12
915	25679.12
916	25569.05
917	25432.24
918	25266.03
919	25068.02
920	24838.14
921	24582.57
922	24312.38
923	24039.84
924	23777.32
925	23537.19
926	23331.71
927	23171.45
928	23059.78
929	22990.03
930	22951.44
931	22932.75
932	22922.72
933	22910.09
934	22884.09
935	22837.49
936	22771.32
937	22692.07
938	22607.46
939	22525.25
940	22453.21
941	22398.96
942	22368.33
943	22360.57
944	22367.54
945	22378.55
946	22382.68
947	22368.99
948	22326.60
949	22245.85
950	22123.87
951	21970.59
952	21802.59
953	21637.59
954	21493.39
955	21387.76
956	21337.98
957	21356.51
958	21442.20
959	21582.44
960	21761.51
961	21963.53
962	22172.58
963	22372.81
964	22549.43
965	22691.91
966	22795.55
967	22857.90
968	22876.78
969	22850.03
970	22775.48
971	22651.16
972	22476.25
973	22252.31
974	21982.26
975	21669.29
976	21316.60
977	20927.40
978	20505.05
979	20054.43
980	19584.86
981	19109.57
982	18642.86
983	18199.13
984	17792.74
985	17437.98
986	17147.20
987	16925.05
988	16766.06
989	16660.88
990	16599.71
991	16572.74
992	16570.19
993	16582.89
994	16605.14
995	16637.83
996	16685.36
997	16752.72
998	16844.94
999	16967.03
1000	17123.74
1001	17317.47
1002	17544.67
1003	17797.29
1004	18066.21
1005	18342.25
1006	18616.21
1007	18879.02
1008	19122.96
1009	19344.94
1010	19546.63
1011	19731.29
1012	19902.30
1013	20063.04
1014	20216.85
1015	20366.65
1016	20513.34
1017	20654.97
1018	20788.42
1019	20910.40
1020	21017.64
1021	21106.89
1022	21175.27
1023	21222.25
1024	21251.66
1025	21269.67
1026	21282.84
1027	21297.77
1028	21321.02
1029	21358.84
1030	21414.89
1031	21486.67
1032	21567.49
1033	21649.71
1034	21725.61
1035	21787.49
1036	21827.87
1037	21841.32
1038	21828.55
1039	21795.57
1040	21749.89
1041	21699.13
1042	21650.90
1043	21612.81
1044	21592.24
1045	21595.81
1046	21629.31
1047	21698.25
1048	21808.10
1049	21964.35
1050	22172.42
1051	22436.91
1052	22758.89
1053	23134.72
1054	23558.88
1055	24025.66
1056	24529.32
1057	25064.12
1058	25623.86
1059	26200.31
1060	26781.85
1061	27355.37
1062	27907.52
1063	28424.95
1064	28894.37
1065	29303.73
1066	29648.13
1067	29936.04
1068	30182.94
1069	30405.50
1070	30620.45
1071	30844.49
1072	31093.21
1073	31374.97
1074	31682.83
1075	32000.74
1076	32310.86
1077	32595.26
1078	32836.02
1079	33015.72
1080	33120.62
1081	33145.59
1082	33091.20
1083	32959.28
1084	32751.74
1085	32470.48
1086	32117.40
1087	31694.30
1088	31202.74
1089	30644.13
1090	30019.82
1091	29331.19
1092	28579.60
1093	27766.82
1094	26898.20
1095	25988.66
1096	25060.57
1097	24138.26
1098	23246.11
1099	22408.53
1100	21649.32
1101	20986.79
1102	20423.87
1103	19950.88
1104	19554.83
1105	19222.47
1106	18940.58
1107	18696.15
1108	18478.36
1109	18282.53
1110	18109.20
1111	17960.32
1112	17837.93
1113	17744.05
1114	17680.42
1115	17645.57
1116	17629.01
1117	17612.60
1118	17576.08
1119	17499.10
1120	17361.29
1121	17142.95
1122	16830.72
1123	16429.08
1124	15957.37
1125	15438.92
1126	14897.36
1127	14356.25
1128	13838.71
1129	13363.42
1130	12936.98
1131	12556.32
1132	12215.84
1133	11909.79
1134	11632.44
1135	11378.15
1136	11142.43
1137	10923.67
1138	10722.43
1139	10539.83
1140	10377.01
1141	10235.09
1142	10115.06
1143	10016.69
1144	9936.81
1145	9870.21
1146	9811.22
1147	9754.14
1148	9693.29
1149	9623.34
1150	9541.43
1151	9450.17
1152	9355.59
1153	9264.47
1154	9183.60
1155	9119.74
1156	9079.14
1157	9064.86
1158	9073.62
1159	9098.65
1160	9132.51
1161	9167.73
1162	9196.88
1163	9213.15
1164	9212.96
1165	9198.34
1166	9174.03
1167	9145.21
1168	9117.08
1169	9094.79
1170	9082.83
1171	9082.67
1172	9091.36
1173	9104.08
1174	9115.80
1175	9121.44
1176	9116.03
1177	9095.55
1178	9059.78
1179	9012.98
1180	8961.09
1181	8910.20
1182	8866.38
1183	8835.64
1184	8822.66
1185	8828.09
1186	8848.62
1187	8879.73
1188	8916.83
1189	8955.31
1190	8990.71
1191	9019.71
1192	9042.01
1193	9059.63
1194	9075.15
1195	9091.19
1196	9110.38
1197	9135.06
1198	9165.99
1199	9200.42
1200	9233.61
1201	9260.36
1202	9275.50
1203	9273.88
1204	9251.22
1205	9207.55
1206	9149.95
1207	9088.72
1208	9034.62
1209	8998.48
1210	8990.95
1211	9020.81
1212	9089.64
1213	9190.37
1214	9312.79
1215	9446.38
1216	9580.60
1217	9705.19
1218	9812.40
1219	9901.92
1220	9979.83
1221	10054.04
1222	10132.53
1223	10223.32
1224	10333.94
1225	10468.88
1226	10625.96
1227	10798.91
1228	10980.59
1229	11163.84
1230	11341.54
1231	11507.62
1232	11660.86
1233	11807.65
1234	11957.70
1235	12121.23
1236	12308.43
1237	12529.39
1238	12792.34
1239	13099.39
1240	13446.15
1241	13826.17
1242	14232.81
1243	14659.43
1244	15099.77
1245	15550.45
1246	16015.01
1247	16501.85
1248	17020.45
1249	17580.36
1250	18191.05
1251	18860.08
1252	19585.74
1253	20351.01
1254	21131.83
1255	21903.06
1256	22639.53
1257	23316.41
1258	23913.28
1259	24424.35
1260	24859.12
1261	25231.97
1262	25557.71
1263	25851.10
1264	26125.97
1265	26389.47
1266	26633.50
1267	26840.16
1268	26989.45
1269	27061.27
1270	27035.70
1271	26896.32
1272	26641.77
1273	26292.27
1274	25876.91
1275	25425.92
1276	24969.52
1277	24537.47
1278	24154.53
1279	23831.44
1280	23567.08
1281	23357.13
1282	23197.04
1283	23082.32
1284	23009.73
1285	22982.56
1286	23015.80
1287	23130.27
1288	23347.73
1289	23689.98
1290	24178.26
1291	24826.77
1292	25626.75
1293	26546.12
1294	27545.50
1295	28584.89
1296	29624.31
1297	30624.48
1298	31550.53
1299	32376.41
1300	33081.13
1301	33644.59
1302	34046.79
1303	34267.96
1304	34292.18
1305	34116.94
1306	33754.78
1307	33223.32
1308	32540.67
1309	31724.94
1310	30794.70
1311	29771.36
1312	28682.33
1313	27558.59
1314	26431.81
1315	25333.71
1316	24295.64
1317	23343.68
1318	22485.38
1319	21707.35
1320	20989.07
1321	20309.41
1322	19647.20
1323	18982.48
1324	18302.49
1325	17609.29
1326	16913.39
1327	16226.94
1328	15562.16
1329	14931.12
1330	14343.76
1331	13803.12
1332	13305.01
1333	12842.93
1334	12410.21
1335	12000.18
1336	11606.79
1337	11227.24
1338	10864.73
1339	10525.52
1340	10216.37
1341	9944.08
1342	9715.16
1343	9533.43
1344	9394.79
1345	9288.29
1346	9201.03
1347	9119.99
1348	9032.21
1349	8926.35
1350	8798.17
1351	8654.04
1352	8504.88
1353	8362.17
1354	8237.42
1355	8141.57
1356	8081.43
1357	8053.97
1358	8049.52
1359	8056.95
1360	8065.03
1361	8062.67
1362	8040.73
1363	7996.82
1364	7935.98
1365	7865.75
1366	7793.90
1367	7728.14
1368	7675.31
1369	7637.62
1370	7609.17
1371	7580.11
1372	7539.95
1373	7478.21
1374	7384.83
1375	7253.61
1376	7088.12
1377	6899.22
1378	6699.55
1379	6501.85
1380	6318.73
1381	6160.91
1382	6032.45
1383	5929.80
1384	5846.79
1385	5777.03
1386	5714.13
1387	5652.45
1388	5590.09
1389	5531.43
1390	5483.84
1391	5455.15
1392	5453.19
1393	5485.39
1394	5556.04
1395	5662.07
1396	5795.51
1397	5947.22
1398	6108.06
1399	6268.95
1400	6421.91
1401	6562.31
1402	6688.78
1403	6800.91
1404	6898.38
1405	6980.92
1406	7049.07
1407	7106.87
1408	7162.97
1409	7227.85
1410	7312.20
1411	7426.69
1412	7581.37
1413	7783.06
1414	8032.62
1415	8327.91
1416	8666.31
1417	9045.15
1418	9462.16
1419	9917.65
1420	10418.06
1421	10973.88
1422	11596.53
1423	12297.45
1424	13088.19
1425	13981.39
1426	14992.86
1427	16141.12
1428	17445.44
1429	18925.15
1430	20598.88
1431	22475.42
1432	24529.04
1433	26695.68
1434	28898.30
1435	31058.73
1436	33099.03
1437	34946.77
1438	36552.73
1439	37900.00
1440	38984.61
1441	39804.21
1442	40356.57
1443	40641.62
1444	40669.97
1445	40470.34
1446	40080.05
1447	39537.74
1448	38882.07
1449	38150.66
1450	37375.14
1451	36574.96
1452	35762.91
1453	34950.46
1454	34149.06
1455	33369.15
1456	32614.51
1457	31873.53
1458	31124.70
1459	30344.41
1460	29508.93
1461	28595.66
1462	27591.19
1463	26505.52
1464	25365.93
1465	24203.90
1466	23051.12
1467	21938.57
1468	20890.41
1469	19911.82
1470	18992.29
1471	18117.13
1472	17271.39
1473	16440.50
1474	15613.78
1475	14792.20
1476	13987.33
1477	13213.76
1478	12486.27
1479	11819.34
1480	11223.98
1481	10700.08
1482	10236.79
1483	9820.02
1484	9435.43
1485	9068.87
1486	8708.80
1487	8352.11
1488	8004.30
1489	7673.57
1490	7368.33
1491	7096.85
1492	6865.33
1493	6673.18
1494	6512.68
1495	6373.85
1496	6246.51
1497	6120.62
1498	5987.82
1499	5845.41
1500	5696.57
1501	5546.38
1502	5400.06
1503	5262.76
1504	5138.43
1505	5027.04
1506	4924.55
1507	4825.63
1508	4724.85
1509	4616.91
1510	4498.12
1511	4369.87
1512	4238.56
1513	4112.10
1514	3998.51
1515	3905.61
1516	3838.92
1517	3796.95
1518	3771.85
1519	3753.88
1520	3733.20
1521	3700.20
1522	3647.89
1523	3576.57
1524	3492.73
1525	3404.51
1526	3320.14
1527	3247.61
1528	3192.74
1529	3155.69
1530	3132.37
1531	3117.62
1532	3106.27
1533	3093.28
1534	3075.04
1535	3051.15
1536	3023.36
1537	2993.89
1538	2964.98
1539	2938.67
1540	2915.73
1541	2894.40
1542	2871.44
1543	2843.30
1544	2806.49
1545	2758.04
1546	2697.80
1547	2630.62
1548	2563.73
1549	2504.77
1550	2461.34
1551	2439.91
1552	2442.06
1553	2462.32
1554	2492.27
1555	2523.13
1556	2546.21
1557	2554.34
1558	2545.97
1559	2526.00
1560	2501.58
1561	2480.11
1562	2468.79
1563	2472.89
1564	2491.88
1565	2519.93
1566	2549.70
1567	2573.75
1568	2584.96
1569	2578.84
1570	2557.29
1571	2526.65
1572	2494.30
1573	2467.64
1574	2453.49
1575	2455.33
1576	2470.23
1577	2491.86
1578	2513.26
1579	2527.52
1580	2528.67
1581	2514.79
1582	2489.72
1583	2459.69
1584	2431.18
1585	2410.65
1586	2403.42
1587	2411.22
1588	2432.10
1589	2462.93
1590	2500.49
1591	2541.58
1592	2583.17
1593	2622.58
1594	2657.44
1595	2685.44
1596	2704.29
1597	2712.03
1598	2708.54
1599	2696.98
1600	2682.21
1601	2669.32
1602	2663.40
1603	2668.81
1604	2687.19
1605	2716.81
1606	2754.76
1607	2797.97
1608	2843.46
1609	2888.83
1610	2933.31
1611	2977.47
1612	3022.20
1613	3068.42
1614	3117.37
1615	3171.91
1616	3238.03
1617	3323.36
1618	3435.82
1619	3583.21
1620	3771.40
1621	3999.18
1622	4256.71
1623	4531.10
1624	4809.16
1625	5078.37
1626	5331.86
1627	5577.15
1628	5832.37
1629	6118.25
1630	6455.59
1631	6863.44
1632	7352.45
1633	7919.45
1634	8554.94
1635	9248.48
1636	9990.10
1637	10775.94
1638	11621.21
1639	12559.58
1640	13630.32
1641	14872.98
1642	16324.71
1643	18007.83
1644	19914.90
1645	22021.78
1646	24301.20
1647	26725.32
1648	29260.14
1649	31849.33
1650	34410.76
1651	36853.33
1652	39085.13
1653	41015.29
1654	42560.36
1655	43653.71
1656	44239.39
1657	44263.75
1658	43674.21
1659	42434.82
1660	40573.89
1661	38201.25
1662	35456.98
1663	32484.38
1664	29424.44
1665	26400.04
1666	23491.75
1667	20751.98
1668	18226.82
1669	15961.68
1670	13994.66
1671	12335.67
1672	10958.86
1673	9825.08
1674	8893.73
1675	8124.75
1676	7482.08
1677	6938.80
1678	6473.74
1679	6067.03
1680	5699.01
1681	5352.78
1682	5021.39
1683	4709.45
1684	4425.59
1685	4178.81
1686	3977.26
1687	3824.14
1688	3712.52
1689	3629.81
1690	3562.32
1691	3496.54
1692	3421.30
1693	3332.84
1694	3234.58
1695	3132.16
1696	3031.34
1697	2937.60
1698	2855.02
1699	2785.29
1700	2729.05
1701	2686.74
1702	2658.78
1703	2645.22
1704	2645.21
1705	2657.23
1706	2679.58
1707	2710.57
1708	2748.66
1709	2792.80
1710	2842.57
1711	2897.80
1712	2958.32
1713	3023.95
1714	3094.43
1715	3169.35
1716	3248.21
1717	3330.51
1718	3415.86
1719	3504.96
1720	3601.48
1721	3711.56
1722	3841.95
1723	3999.41
1724	4190.03
1725	4417.27
1726	4681.36
1727	4981.33
1728	5316.07
1729	5684.02
1730	6081.18
1731	6499.10
1732	6927.06
1733	7353.96
1734	7769.10
1735	8165.03
1736	8542.57
1737	8908.53
1738	9271.17
1739	9638.48
1740	10014.08
1741	10386.92
1742	10730.80
1743	11014.62
1744	11207.08
1745	11280.62
1746	11224.00
1747	11049.62
1748	10779.72
1749	10437.73
1750	10046.08
1751	9620.90
1752	9166.12
1753	8679.11
1754	8156.03
1755	7593.66
1756	6993.92
1757	6371.56
1758	5750.41
1759	5156.46
1760	4615.37
1761	4147.71
1762	3758.63
1763	3438.96
1764	3175.29
1765	2954.01
1766	2762.69
1767	2593.25
1768	2442.85
1769	2310.46
1770	2195.24
1771	2096.44
1772	2013.64
1773	1946.90
1774	1896.49
1775	1862.70
1776	1845.47
1777	1842.89
1778	1849.75
1779	1859.23
1780	1864.21
1781	1858.04
1782	1836.80
1783	1802.45
1784	1760.33
1785	1716.47
1786	1676.69
1787	1645.31
1788	1622.91
1789	1607.60
1790	1596.91
1791	1588.36
1792	1579.96
1793	1570.87
1794	1561.14
1795	1551.07
1796	1540.97
1797	1531.04
1798	1521.18
1799	1511.07
1800	1500.30
1801	1488.49
1802	1475.51
1803	1461.99
1804	1449.30
1805	1439.01
1806	1432.69
1807	1431.33
1808	1434.14
1809	1438.47
1810	1441.15
1811	1438.98
1812	1429.45
1813	1412.34
1814	1389.82
1815	1364.87
1816	1340.51
1817	1319.48
1818	1303.66
1819	1293.96
1820	1290.98
1821	1295.25
1822	1306.94
1823	1324.97
1824	1346.90
1825	1369.84
1826	1390.92
1827	1407.85
1828	1420.30
1829	1430.02
1830	1439.43
1831	1450.91
1832	1465.60
1833	1480.65
1834	1489.20
1835	1483.12
1836	1454.51
1837	1398.90
1838	1322.49
1839	1241.47
1840	1175.01
1841	1141.83
1842	1154.39
1843	1207.09
1844	1278.85
1845	1344.31
1846	1378.79
1847	1365.76
1848	1310.14
1849	1233.35
1850	1160.91
1851	1117.43
1852	1119.01
1853	1161.55
1854	1227.43
1855	1296.02
1856	1347.60
1857	1369.14
1858	1361.50
1859	1333.56
1860	1295.74
1861	1258.09
1862	1228.34
1863	1210.08
1864	1204.90
1865	1214.01
1866	1237.86
1867	1273.59
1868	1313.55
1869	1348.08
1870	1367.44
1871	1364.00
1872	1338.03
1873	1298.95
1874	1259.39
1875	1231.98
1876	1226.07
1877	1241.20
1878	1267.94
1879	1294.30
1880	1308.58
1881	1302.92
1882	1278.72
1883	1243.81
1884	1207.55
1885	1178.77
1886	1163.15
1887	1160.30
1888	1166.62
1889	1177.98
1890	1190.66
1891	1202.75
1892	1214.94
1893	1228.94
1894	1246.55
1895	1268.72
1896	1293.70
1897	1316.96
1898	1333.14
1899	1337.05
1900	1325.51
1901	1300.30
1902	1266.72
1903	1230.86
1904	1198.61
1905	1174.45
1906	1160.38
1907	1157.21
1908	1165.47
1909	1185.18
1910	1214.42
1911	1248.96
1912	1283.71
1913	1313.62
1914	1334.68
1915	1345.59
1916	1347.22
1917	1341.02
1918	1328.58
1919	1312.41
1920	1296.56
1921	1285.91
1922	1285.42
1923	1298.65
1924	1324.28
1925	1355.22
1926	1382.39
1927	1396.80
1928	1391.86
1929	1366.96
1930	1325.77
1931	1272.98
1932	1213.73
1933	1154.89
1934	1106.15
1935	1078.42
1936	1082.36
1937	1123.96
1938	1194.81
1939	1273.20
1940	1333.57
1941	1352.29
1942	1318.45
1943	1245.94
1944	1161.98
1945	1095.84
1946	1071.27
1947	1092.59
1948	1142.49
1949	1196.54
1950	1230.96
1951	1230.89
1952	1200.90
1953	1157.36
1954	1118.89
1955	1101.38
1956	1110.15
1957	1137.75
1958	1172.21
1959	1201.65
1960	1218.11
1961	1222.52
1962	1221.37
1963	1222.27
1964	1231.33
1965	1248.86
1966	1268.26
1967	1280.51
1968	1276.98
1969	1253.51
1970	1215.56
1971	1174.39
1972	1142.25
1973	1128.84
1974	1134.94
1975	1151.58
1976	1166.61
1977	1168.73
1978	1153.13
1979	1127.50
1980	1106.08
1981	1103.91
1982	1131.71
1983	1187.16
1984	1256.08
1985	1320.97
1986	1365.81
1987	1382.51
1988	1375.22
1989	1353.40
1990	1326.92
1991	1302.88
1992	1281.69
1993	1259.11
1994	1229.94
1995	1190.74
1996	1144.36
1997	1100.78
1998	1072.32
1999	1069.82
2000	1095.12
2001	1134.11
2002	1164.81
2003	1165.03
2004	1121.68
2005	1045.31
2006	964.18
2007	910.49
2008	910.27
2009	966.66
2010	1056.61
2011	1148.25
2012	1211.61
2013	1230.76
2014	1213.45
2015	1178.58
2016	1146.10
2017	1131.05
2018	1136.68
2019	1158.46
2020	1190.13
2021	1225.68
2022	1260.24
2023	1289.95
2024	1311.30
2025	1321.28
2026	1318.71
2027	1304.83
2028	1281.86
2029	1252.26
2030	1219.32
2031	1187.81
2032	1163.20
2033	1150.74
2034	1153.13
2035	1167.29
2036	1186.42
2037	1203.13
2038	1212.03
2039	1213.51
2040	1212.80
2041	1216.30
2042	1228.80
2043	1249.51
2044	1271.61
2045	1286.39
2046	1286.40
2047	1269.82
2048	1242.31
2049	1212.40
2050	1188.01
2051	1172.72
2052	1163.00
2053	1152.22
2054	1134.10
2055	1107.16
2056	1079.04
2057	1062.12
2058	1068.54
2059	1103.34
2060	1156.13
2061	1207.20
2062	1235.96
2063	1229.43
2064	1193.26
2065	1145.80
2066	1107.65
2067	1093.77
2068	1103.82
2069	1125.85
2070	1145.33
2071	1151.15
2072	1142.20
2073	1125.68
2074	1110.82
2075	1104.73
2076	1107.95
2077	1115.21
2078	1119.79
2079	1117.13
2080	1109.61
2081	1105.99
2082	1116.53
2083	1147.85
2084	1194.81
2085	1241.26
2086	1268.27
2087	1262.07
2088	1225.48
2089	1176.84
2090	1138.56
2091	1128.03
2092	1146.43
2093	1180.19
2094	1211.82
2095	1227.22
2096	1222.86
2097	1204.49
2098	1180.24
2099	1157.22
2100	1139.16
2101	1127.04
2102	1121.25
2103	1123.04
2104	1136.00
2105	1165.40
2106	1216.07
2107	1286.56
2108	1360.71
2109	1412.83
2110	1417.30
2111	1362.58
2112	1266.43
2113	1163.40
2114	1088.86
2115	1064.93
2116	1089.69
2117	1149.23
2118	1227.77
2119	1310.06
2120	1381.80
2121	1429.26
2122	1441.46
2123	1417.76
2124	1370.23
2125	1315.42
2126	1268.21
2127	1236.70
2128	1222.25
2129	1224.05
2130	1239.96
2131	1264.73
2132	1290.81
2133	1310.47
2134	1318.95
2135	1317.71
2136	1311.84
2137	1306.84
2138	1306.54
2139	1312.09
2140	1323.38
2141	1339.63
2142	1358.20
2143	1374.28
2144	1382.54
2145	1379.98
2146	1370.30
2147	1362.86
2148	1367.57
2149	1388.34
2150	1416.11
2151	1434.30
2152	1427.25
2153	1389.95
2154	1333.35
2155	1274.89
2156	1230.08
2157	1205.42
2158	1198.40
2159	1203.49
2160	1213.22
2161	1216.11
2162	1198.24
2163	1148.32
2164	1069.49
2165	987.07
2166	935.13
2167	939.83
2168	998.59
2169	1081.42
2170	1151.93
2171	1184.78
2172	1179.20
2173	1148.77
2174	1109.23
2175	1073.65
2176	1051.53
2177	1050.43
2178	1073.20
2179	1110.79
2180	1145.30
2181	1158.94
2182	1144.74
2183	1113.24
2184	1082.43
2185	1067.74
2186	1073.84
2187	1095.73
2188	1125.68
2189	1155.76
2190	1178.09
2191	1185.06
2192	1172.47
2193	1146.70
2194	1124.22
2195	1122.15
2196	1144.36
2197	1169.88
2198	1165.96
2199	1108.63
2200	1007.94
2201	906.26
2202	850.86
2203	864.44
2204	925.42
2205	991.57
2206	1026.99
2207	1024.11
2208	999.74
2209	975.22
2210	961.98
2211	955.62
2212	945.59
2213	925.94
2214	904.49
2215	898.62
2216	923.07
2217	974.12
2218	1025.63
2219	1046.19
2220	1020.45
2221	966.37
2222	919.25
2223	908.74
2224	938.30
2225	988.41
2226	1035.21
2227	1063.40
2228	1070.21
2229	1057.97
2230	1030.12
2231	991.13
2232	946.11
2233	900.67
2234	861.46
2235	835.95
2236	829.39
2237	837.16
2238	841.78
2239	823.42
2240	775.94
2241	719.93
2242	688.57
2243	706.63
2244	771.72
2245	861.84
2246	951.89
2247	1021.92
2248	1057.51
2249	1048.44
2250	994.97
2251	911.53
2252	817.93
2253	733.58
2254	675.99
2255	660.65
2256	695.54
2257	772.06
2258	870.93
2259	968.98
2260	1038.58
2261	1049.69
2262	985.35
2263	873.60
2264	786.40
2265	792.54
2266	897.77
2267	1030.73
2268	1104.19
2269	1080.20
2270	995.61
2271	913.11
2272	874.68
2273	881.37
2274	915.54
2275	958.73
2276	996.39
2277	1016.62
2278	1011.86
2279	982.71
2280	934.80
2281	877.42
2282	825.93
2283	798.21
2284	803.81
2285	831.39
2286	856.97
2287	861.90
2288	847.42
2289	828.19
2290	821.25
2291	841.95
2292	902.15
2293	996.58
2294	1079.53
2295	1082.75
2296	970.82
2297	799.77
2298	679.67
2299	684.40
2300	776.35
2301	853.76
2302	844.61
2303	771.22
2304	706.43
2305	701.87
2306	746.44
2307	798.65
2308	829.94
2309	844.86
2310	860.70
2311	881.23
2312	886.12
2313	852.35
2314	787.03
2315	737.29
2316	750.64
2317	824.31
2318	901.14
2319	924.83
2320	894.02
2321	854.65
2322	848.13
2323	871.81
2324	894.23
2325	892.04
2326	871.99
2327	854.78
2328	851.55
2329	854.46
2330	851.71
2331	846.16
2332	857.33
2333	898.70
2334	950.22
2335	967.65
2336	925.41
2337	852.83
2338	804.90
2339	810.16
2340	847.85
2341	882.37
2342	897.47
2343	899.27
2344	896.88
2345	889.65
2346	871.45
2347	842.64
2348	816.71
2349	808.68
2350	818.77
2351	831.73
2352	835.57
2353	837.64
2354	853.49
2355	879.42
2356	880.66
2357	826.60
2358	737.39
2359	674.01
2360	678.99
2361	736.58
2362	805.15
2363	855.23
2364	876.21
2365	863.80
2366	814.71
2367	732.96
2368	649.57
2369	623.47
2370	686.60
2371	783.55
2372	821.20
2373	772.93
2374	705.95
2375	685.62
2376	694.61
2377	678.42
2378	639.45
2379	651.57
2380	754.89
2381	865.11
2382	863.93
2383	752.50
2384	653.68
2385	657.69
2386	728.64
2387	790.82
2388	823.58
2389	851.48
2390	885.03
2391	901.58
2392	882.54
2393	845.13
2394	822.22
2395	831.94
2396	870.94
2397	912.14
2398	907.45
2399	836.79
2400	756.50
2401	739.47
2402	782.92
2403	823.01
2404	817.60
2405	774.48
2406	721.03
2407	687.09
2408	693.15
2409	735.95
2410	796.41
2411	850.92
2412	876.35
2413	855.62
2414	784.06
2415	683.35
2416	608.83
2417	616.40
2418	730.64
2419	918.28
2420	1052.07
2421	1011.68
2422	843.86
2423	697.91
2424	646.97
2425	667.74
2426	717.11
2427	764.05
2428	797.75
2429	824.40
2430	841.80
2431	833.91
2432	804.66
2433	789.41
2434	803.46
2435	815.93
2436	805.03
2437	792.12
2438	797.68
2439	811.00
2440	816.80
2441	816.50
2442	822.94
2443	849.42
2444	883.81
2445	883.24
2446	828.05
2447	749.25
2448	696.21
2449	706.63
2450	758.38
