150	4495.76
151	4490.04
152	4487.23
153	4490.73
154	4500.41
155	4515.04
156	4533.01
157	4552.69
158	4572.45
159	4590.65
160	4605.66
161	4615.86
162	4619.94
163	4617.71
164	4610.42
165	4599.78
166	4587.61
167	4575.69
168	4565.82
169	4559.79
170	4559.37
171	4566.02
172	4579.89
173	4599.57
174	4623.06
175	4648.30
176	4673.22
177	4695.76
178	4713.86
179	4725.48
180	4729.05
181	4724.80
182	4715.14
183	4703.30
184	4692.58
185	4686.29
186	4687.73
187	4700.21
188	4726.99
189	4770.58
190	4830.67
191	4903.66
192	4984.75
193	5069.01
194	5151.54
195	5227.41
196	5291.69
197	5339.54
198	5367.02
199	5373.42
200	5361.69
201	5336.02
202	5300.72
203	5260.09
204	5218.44
205	5180.07
206	5149.24
207	5129.53
208	5122.24
209	5126.34
210	5140.03
211	5161.47
212	5188.78
213	5220.13
214	5253.64
215	5287.49
216	5320.10
217	5350.69
218	5379.23
219	5405.91
220	5430.93
221	5454.52
222	5476.86
223	5498.17
224	5518.66
225	5538.58
226	5558.28
227	5578.21
228	5598.82
229	5620.60
230	5644.00
231	5669.50
232	5697.55
233	5728.58
234	5762.71
235	5799.21
236	5836.79
237	5874.02
238	5909.47
239	5941.69
240	5969.25
241	5990.70
242	6004.69
243	6010.34
244	6007.81
245	5997.94
246	5981.67
247	5959.97
248	5933.80
249	5904.11
250	5871.88
251	5838.13
252	5804.30
253	5772.52
254	5745.34
255	5725.31
256	5715.05
257	5717.12
258	5734.12
259	5768.61
260	5822.59
261	5895.55
262	5983.18
263	6079.55
264	6178.50
265	6273.88
266	6359.52
267	6429.26
268	6477.02
269	6497.85
270	6491.10
271	6461.22
272	6414.49
273	6357.38
274	6296.37
275	6237.91
276	6188.48
277	6154.42
278	6140.65
279	6147.81
280	6172.54
281	6210.33
282	6256.58
283	6306.69
284	6356.07
285	6400.10
286	6434.36
287	6455.53
288	6463.11
289	6458.56
290	6443.78
291	6420.71
292	6391.30
293	6357.47
294	6321.16
295	6284.26
296	6248.38
297	6214.64
298	6183.90
299	6156.93
300	6134.55
301	6117.56
302	6106.74
303	6102.89
304	6106.56
305	6117.43
306	6133.86
307	6153.73
308	6174.84
309	6194.98
310	6211.98
311	6223.62
312	6227.76
313	6222.81
314	6208.94
315	6188.08
316	6162.71
317	6135.31
318	6108.40
319	6084.49
320	6066.08
321	6055.57
322	6054.60
323	6063.02
324	6079.39
325	6102.03
326	6129.23
327	6159.28
328	6190.47
329	6221.09
330	6249.50
331	6274.35
332	6294.82
333	6310.31
334	6320.29
335	6324.21
336	6321.53
337	6311.71
338	6294.22
339	6268.83
340	6236.39
341	6198.93
342	6158.90
343	6118.79
344	6081.10
345	6048.30
346	6022.90
347	6007.27
348	6002.89
349	6008.96
350	6023.03
351	6042.22
352	6063.63
353	6084.38
354	6101.57
355	6112.32
356	6114.07
357	6105.84
358	6089.41
359	6067.87
360	6044.50
361	6022.61
362	6005.49
363	5996.44
364	5998.71
365	6014.69
366	6043.97
367	6083.14
368	6127.78
369	6173.40
370	6215.49
371	6249.57
372	6271.14
373	6275.98
374	6261.77
375	6230.57
376	6187.23
377	6137.27
378	6086.21
379	6039.56
380	6002.86
381	5981.59
382	5980.51
383	6001.23
384	6040.90
385	6094.88
386	6158.26
387	6226.15
388	6293.64
389	6355.83
390	6407.94
391	6446.27
392	6470.13
393	6481.32
394	6482.29
395	6475.54
396	6463.56
397	6448.85
398	6433.92
399	6421.08
400	6411.88
401	6406.51
402	6404.48
403	6405.22
404	6408.13
405	6412.65
406	6418.17
407	6424.13
408	6429.99
409	6435.42
410	6440.24
411	6444.32
412	6447.56
413	6449.83
414	6451.01
415	6450.99
416	6449.64
417	6446.86
418	6442.54
419	6436.57
420	6428.85
421	6419.28
422	6407.76
423	6394.18
424	6378.45
425	6360.65
426	6341.32
427	6321.54
428	6302.54
429	6285.58
430	6271.89
431	6262.72
432	6259.32
433	6262.76
434	6273.22
435	6289.10
436	6307.87
437	6326.80
438	6343.19
439	6354.32
440	6357.46
441	6349.98
442	6330.02
443	6298.36
444	6258.37
445	6214.23
446	6170.16
447	6130.43
448	6099.26
449	6080.88
450	6079.10
451	6095.54
452	6127.80
453	6171.48
454	6221.83
455	6274.10
456	6323.53
457	6365.37
458	6394.97
459	6408.95
460	6407.56
461	6394.33
462	6373.67
463	6350.09
464	6328.09
465	6312.14
466	6306.74
467	6315.83
468	6341.02
469	6380.22
470	6429.72
471	6485.59
472	6543.87
473	6600.62
474	6651.90
475	6693.91
476	6723.98
477	6742.31
478	6751.19
479	6753.38
480	6751.68
481	6748.90
482	6747.83
483	6751.25
484	6761.46
485	6779.06
486	6802.49
487	6829.46
488	6857.60
489	6884.52
490	6907.85
491	6925.20
492	6934.38
493	6934.16
494	6925.28
495	6909.52
496	6888.86
497	6865.30
498	6840.84
499	6817.46
500	6797.12
501	6781.38
502	6770.62
503	6764.25
504	6761.37
505	6761.08
506	6762.48
507	6764.65
508	6766.69
509	6767.83
510	6767.80
511	6766.99
512	6766.09
513	6765.82
514	6766.89
515	6770.01
516	6775.90
517	6785.17
518	6797.92
519	6813.08
520	6828.97
521	6843.78
522	6855.68
523	6862.87
524	6863.51
525	6855.85
526	6838.64
527	6812.17
528	6777.99
529	6738.01
530	6694.16
531	6648.38
532	6602.61
533	6558.77
534	6518.51
535	6482.48
536	6450.05
537	6420.15
538	6391.60
539	6363.29
540	6334.04
541	6302.73
542	6268.35
543	6230.60
544	6190.45
545	6149.52
546	6109.53
547	6072.20
548	6039.24
549	6012.38
550	5993.25
551	5982.78
552	5980.24
553	5983.76
554	5991.21
555	6000.45
556	6009.32
557	6015.69
558	6017.47
559	6013.13
560	6002.99
561	5989.05
562	5973.84
563	5959.90
564	5949.78
565	5946.06
566	5951.25
567	5967.44
568	5995.04
569	6032.28
570	6076.58
571	6125.28
572	6175.70
573	6225.19
574	6271.08
575	6311.03
576	6344.22
577	6372.34
578	6398.29
579	6425.14
580	6455.97
581	6493.86
582	6541.86
583	6602.79
584	6677.75
585	6764.30
586	6857.91
587	6953.67
588	7046.63
589	7131.83
590	7204.33
591	7259.41
592	7293.95
593	7309.04
594	7308.79
595	7298.07
596	7281.79
597	7264.85
598	7252.15
599	7248.47
600	7257.42
601	7279.03
602	7310.14
603	7346.65
604	7384.42
605	7419.29
606	7447.11
607	7463.77
608	7465.84
609	7452.16
610	7424.03
611	7383.62
612	7333.12
613	7274.77
614	7210.76
615	7143.32
616	7074.44
617	7005.39
618	6936.44
619	6867.49
620	6798.42
621	6729.10
622	6659.40
623	6589.19
624	6518.46
625	6447.71
626	6378.19
627	6311.48
628	6249.19
629	6192.93
630	6144.31
631	6104.94
632	6076.20
633	6058.46
634	6050.38
635	6049.81
636	6054.49
637	6062.17
638	6070.57
639	6077.46
640	6080.74
641	6079.29
642	6073.69
643	6065.40
644	6056.02
645	6047.14
646	6040.39
647	6037.34
648	6039.45
649	6047.21
650	6059.32
651	6073.52
652	6087.35
653	6098.36
654	6104.09
655	6102.09
656	6090.16
657	6067.49
658	6036.21
659	6000.04
660	5963.04
661	5929.29
662	5902.84
663	5887.75
664	5887.79
665	5904.93
666	5937.41
667	5981.26
668	6032.13
669	6085.61
670	6137.30
671	6182.83
672	6218.09
673	6240.70
674	6251.96
675	6255.31
676	6254.59
677	6253.69
678	6256.49
679	6266.84
680	6288.41
681	6323.53
682	6371.82
683	6431.29
684	6499.68
685	6574.68
686	6654.01
687	6735.38
688	6816.63
689	6896.50
690	6975.41
691	7054.78
692	7136.19
693	7221.24
694	7311.51
695	7408.60
696	7513.93
697	7627.91
698	7749.12
699	7875.12
700	8003.30
701	8131.04
702	8255.74
703	8374.79
704	8485.87
705	8588.20
706	8683.66
707	8775.48
708	8867.08
709	8961.92
710	9063.44
711	9175.04
712	9299.63
713	9437.54
714	9585.07
715	9736.67
716	9886.51
717	10028.77
718	10157.63
719	10267.29
720	10352.68
721	10411.73
722	10446.67
723	10461.47
724	10460.33
725	10447.44
726	10427.01
727	10403.20
728	10379.60
729	10357.65
730	10336.14
731	10312.90
732	10285.65
733	10252.14
734	10210.09
735	10157.28
736	10092.27
737	10016.11
738	9932.45
739	9845.77
740	9760.60
741	9681.49
742	9612.97
743	9559.49
744	9524.49
745	9508.60
746	9510.08
747	9526.48
748	9555.35
749	9594.22
750	9640.63
751	9692.17
752	9746.71
753	9802.89
754	9859.85
755	9916.85
756	9973.15
757	10028.02
758	10080.73
759	10130.54
760	10176.74
761	10218.65
762	10255.63
763	10287.01
764	10312.16
765	10330.41
766	10341.13
767	10343.85
768	10338.87
769	10327.73
770	10312.48
771	10295.27
772	10278.22
773	10263.48
774	10253.17
775	10249.12
776	10252.14
777	10261.86
778	10277.47
779	10298.13
780	10322.98
781	10351.20
782	10381.98
783	10415.09
784	10451.88
785	10495.05
786	10547.70
787	10612.95
788	10693.93
789	10793.73
790	10915.35
791	11060.87
792	11230.37
793	11422.69
794	11636.41
795	11870.08
796	12122.28
797	12391.56
798	12676.37
799	12974.65
800	13283.53
801	13599.75
802	13920.00
803	14240.97
804	14559.34
805	14871.82
806	15175.62
807	15469.61
808	15754.55
809	16031.85
810	16302.99
811	16569.43
812	16832.64
813	17094.20
814	17356.48
815	17623.92
816	17902.55
817	18198.81
818	18519.16
819	18870.03
820	19257.85
821	19688.35
822	20163.46
823	20678.09
824	21223.61
825	21790.76
826	22370.24
827	22952.79
828	23529.17
829	24091.12
830	24633.93
831	25157.15
832	25661.87
833	26149.36
834	26620.87
835	27077.64
836	27520.81
837	27950.49
838	28364.14
839	28757.22
840	29124.65
841	29461.36
842	29762.25
843	30022.29
844	30237.12
845	30406.06
846	30534.76
847	30631.92
848	30706.70
849	30768.30
850	30825.90
851	30888.60
852	30964.07
853	31055.31
854	31160.38
855	31275.76
856	31397.79
857	31522.81
858	31647.15
859	31767.27
860	31880.48
861	31985.88
862	32083.74
863	32174.54
864	32258.82
865	32337.07
866	32409.78
867	32476.91
868	32536.46
869	32583.70
870	32612.89
871	32618.15
872	32593.62
873	32533.43
874	32432.02
875	32286.42
876	32100.32
877	31882.39
878	31642.58
879	31390.88
880	31137.27
881	30891.71
882	30662.84
883	30453.52
884	30257.61
885	30065.13
886	29865.53
887	29648.25
888	29402.73
889	29118.86
890	28790.72
891	28424.12
892	28034.62
893	27640.41
894	27259.82
895	26911.22
896	26612.84
897	26381.04
898	26222.92
899	26130.55
900	26089.19
901	26083.07
902	26096.38
903	26113.32
904	26118.43
905	26099.66
906	26054.51
907	25988.55
908	25909.55
909	25825.38
910	25743.95
911	25673.10
912	25619.57
913	25585.04
914	25563.11
915	25543.83
916	25516.73
917	25471.33
918	25397.16
919	25284.15
920	25125.90
921	24925.73
922	24694.53
923	24445.14
924	24190.51
925	23943.59
926	23717.25
927	23522.98
928	23366.42
929	23244.99
930	23152.83
931	23083.67
932	23031.21
933	22989.16
934	22951.45
935	22913.33
936	22873.33
937	22832.08
938	22790.70
939	22750.31
940	22712.07
941	22677.06
942	22645.87
943	22617.27
944	22587.93
945	22553.81
946	22510.84
947	22454.90
948	22381.92
949	22288.54
950	22175.31
951	22050.11
952	21924.66
953	21811.37
954	21722.63
955	21670.86
956	21668.07
957	21722.33
958	21830.63
959	21980.65
960	22157.53
961	22346.24
962	22531.78
963	22699.18
964	22834.71
965	22929.62
966	22981.91
967	22992.18
968	22961.37
969	22890.42
970	22780.29
971	22631.90
972	22446.31
973	22224.67
974	21968.23
975	21678.26
976	21356.01
977	21002.77
978	20619.94
979	20210.48
980	19781.81
981	19345.27
982	18913.29
983	18498.37
984	18113.01
985	17769.63
986	17479.08
987	17246.01
988	17066.85
989	16934.90
990	16843.11
991	16784.40
992	16751.73
993	16738.47
994	16740.39
995	16757.86
996	16793.63
997	16850.91
998	16932.89
999	17042.80
1000	17183.62
1001	17356.53
1002	17558.11
1003	17781.47
1004	18018.88
1005	18262.56
1006	18504.72
1007	18737.71
1008	18955.25
1009	19155.78
1010	19342.64
1011	19520.78
1012	19695.25
1013	19871.13
1014	20053.45
1015	20246.18
1016	20448.88
1017	20654.72
1018	20854.24
1019	21037.64
1020	21195.13
1021	21316.94
1022	21394.31
1023	21424.21
1024	21414.49
1025	21378.74
1026	21331.54
1027	21287.54
1028	21261.37
1029	21266.96
1030	21313.19
1031	21396.72
1032	21505.89
1033	21627.15
1034	21746.85
1035	21851.34
1036	21927.31
1037	21964.94
1038	21964.49
1039	21935.11
1040	21888.42
1041	21836.21
1042	21790.27
1043	21762.31
1044	21762.89
1045	21798.53
1046	21871.34
1047	21981.94
1048	22130.81
1049	22318.45
1050	22545.32
1051	22811.84
1052	23118.12
1053	23463.89
1054	23848.69
1055	24272.08
1056	24733.61
1057	25232.75
1058	25768.01
1059	26333.02
1060	26913.57
1061	27491.87
1062	28049.61
1063	28568.48
1064	29030.21
1065	29418.31
1066	29726.07
1067	29965.23
1068	30157.17
1069	30324.93
1070	30491.64
1071	30680.35
1072	30912.65
1073	31200.63
1074	31536.12
1075	31898.95
1076	32266.57
1077	32616.30
1078	32925.50
1079	33172.09
1080	33338.26
1081	33416.19
1082	33404.66
1083	33303.95
1084	33114.39
1085	32836.34
1086	32470.29
1087	32018.09
1088	31484.99
1089	30878.67
1090	30207.42
1091	29479.58
1092	28703.46
1093	27887.50
1094	27041.10
1095	26176.18
1096	25306.71
1097	24447.14
1098	23611.95
1099	22815.63
1100	22072.37
1101	21393.77
1102	20784.12
1103	20241.78
1104	19763.46
1105	19345.82
1106	18985.50
1107	18679.15
1108	18423.45
1109	18215.25
1110	18051.48
1111	17929.13
1112	17845.18
1113	17796.60
1114	17780.09
1115	17789.75
1116	17812.22
1117	17827.80
1118	17815.08
1119	17752.53
1120	17618.65
1121	17392.65
1122	17060.84
1123	16629.44
1124	16121.25
1125	15563.55
1126	14983.91
1127	14409.87
1128	13868.37
1129	13380.78
1130	12953.23
1131	12579.69
1132	12250.91
1133	11957.47
1134	11689.97
1135	11439.24
1136	11198.46
1137	10966.74
1138	10747.72
1139	10546.14
1140	10366.83
1141	10214.58
1142	10093.84
1143	10006.40
1144	9947.59
1145	9908.24
1146	9878.16
1147	9847.08
1148	9804.78
1149	9741.62
1150	9652.02
1151	9539.42
1152	9412.92
1153	9282.80
1154	9159.39
1155	9053.00
1156	8973.28
1157	8925.84
1158	8908.34
1159	8913.98
1160	8935.17
1161	8964.27
1162	8993.64
1163	9016.26
1164	9027.98
1165	9029.78
1166	9025.05
1167	9017.63
1168	9011.32
1169	9009.93
1170	9016.69
1171	9032.34
1172	9053.96
1173	9077.10
1174	9097.09
1175	9109.27
1176	9109.03
1177	9092.72
1178	9060.17
1179	9015.48
1180	8964.28
1181	8912.37
1182	8865.52
1183	8829.45
1184	8808.85
1185	8805.20
1186	8816.89
1187	8841.35
1188	8875.93
1189	8918.01
1190	8964.94
1191	9014.22
1192	9063.71
1193	9111.48
1194	9155.69
1195	9194.51
1196	9226.10
1197	9248.72
1198	9261.19
1199	9263.57
1200	9256.64
1201	9241.32
1202	9218.54
1203	9189.24
1204	9154.57
1205	9116.75
1206	9079.71
1207	9048.17
1208	9026.97
1209	9020.98
1210	9034.96
1211	9072.65
1212	9133.87
1213	9213.67
1214	9305.43
1215	9402.31
1216	9497.51
1217	9584.41
1218	9658.51
1219	9721.41
1220	9780.01
1221	9842.72
1222	9918.02
1223	10014.38
1224	10139.73
1225	10298.43
1226	10486.94
1227	10696.91
1228	10918.97
1229	11143.71
1230	11361.79
1231	11565.07
1232	11751.04
1233	11925.98
1234	12100.04
1235	12283.94
1236	12488.38
1237	12723.95
1238	12999.21
1239	13316.06
1240	13669.37
1241	14051.71
1242	14455.49
1243	14873.10
1244	15297.42
1245	15724.96
1246	16161.07
1247	16617.20
1248	17106.21
1249	17641.04
1250	18234.51
1251	18897.21
1252	19628.65
1253	20410.10
1254	21214.44
1255	22013.26
1256	22778.12
1257	23480.95
1258	24098.63
1259	24624.46
1260	25068.85
1261	25447.71
1262	25777.40
1263	26074.29
1264	26353.67
1265	26623.72
1266	26876.24
1267	27092.52
1268	27251.61
1269	27332.42
1270	27314.08
1271	27179.31
1272	26926.43
1273	26576.07
1274	26158.02
1275	25703.24
1276	25242.71
1277	24806.93
1278	24421.19
1279	24096.27
1280	23830.67
1281	23619.55
1282	23457.86
1283	23340.60
1284	23263.99
1285	23230.76
1286	23255.28
1287	23357.66
1288	23559.00
1289	23880.39
1290	24342.45
1291	24959.18
1292	25723.21
1293	26605.39
1294	27569.76
1295	28579.79
1296	29598.97
1297	30591.27
1298	31523.74
1299	32369.63
1300	33105.70
1301	33709.39
1302	34158.14
1303	34429.68
1304	34505.53
1305	34380.52
1306	34064.36
1307	33571.82
1308	32918.16
1309	32118.62
1310	31189.22
1311	30150.59
1312	29033.19
1313	27873.30
1314	26708.39
1315	25575.95
1316	24513.02
1317	23550.17
1318	22695.08
1319	21929.62
1320	21226.90
1321	20559.22
1322	19898.89
1323	19219.90
1324	18506.33
1325	17763.17
1326	17007.27
1327	16257.80
1328	15534.01
1329	14854.91
1330	14236.11
1331	13682.04
1332	13185.47
1333	12735.48
1334	12320.83
1335	11930.32
1336	11553.59
1337	11184.90
1338	10827.02
1339	10487.04
1340	10172.79
1341	9892.10
1342	9652.59
1343	9459.35
1344	9310.16
1345	9196.44
1346	9107.81
1347	9033.77
1348	8963.90
1349	8888.73
1350	8803.21
1351	8708.88
1352	8610.08
1353	8511.50
1354	8417.88
1355	8333.73
1356	8262.25
1357	8203.38
1358	8154.90
1359	8114.13
1360	8078.34
1361	8044.80
1362	8010.99
1363	7975.00
1364	7935.61
1365	7891.83
1366	7842.69
1367	7787.22
1368	7724.51
1369	7653.86
1370	7575.03
1371	7487.96
1372	7392.61
1373	7288.96
1374	7177.05
1375	7057.30
1376	6931.16
1377	6800.85
1378	6668.78
1379	6537.36
1380	6408.99
1381	6285.81
1382	6169.09
1383	6059.08
1384	5955.67
1385	5858.74
1386	5768.17
1387	5684.10
1388	5607.97
1389	5543.41
1390	5495.13
1391	5467.95
1392	5466.72
1393	5496.00
1394	5558.23
1395	5650.86
1396	5767.97
1397	5902.90
1398	6048.97
1399	6199.53
1400	6348.63
1401	6492.50
1402	6629.45
1403	6758.40
1404	6878.33
1405	6988.26
1406	7087.95
1407	7180.14
1408	7271.61
1409	7370.72
1410	7485.98
1411	7625.92
1412	7798.56
1413	8009.26
1414	8258.49
1415	8544.30
1416	8864.30
1417	9216.11
1418	9597.80
1419	10010.82
1420	10464.51
1421	10973.47
1422	11553.44
1423	12220.22
1424	12989.62
1425	13877.15
1426	14897.64
1427	16065.27
1428	17394.04
1429	18897.94
1430	20590.34
1431	22475.85
1432	24528.34
1433	26687.52
1434	28881.59
1435	31037.70
1436	33083.21
1437	34950.13
1438	36590.09
1439	37982.02
1440	39115.79
1441	39982.59
1442	40573.83
1443	40883.58
1444	40919.38
1445	40711.63
1446	40301.54
1447	39732.01
1448	39045.93
1449	38285.04
1450	37483.92
1451	36662.86
1452	35834.24
1453	35008.96
1454	34197.80
1455	33410.67
1456	32651.22
1457	31908.79
1458	31163.47
1459	30393.37
1460	29576.52
1461	28691.88
1462	27726.14
1463	26685.74
1464	25591.62
1465	24468.27
1466	23340.38
1467	22232.15
1468	21163.22
1469	20140.53
1470	19160.54
1471	18216.91
1472	17303.13
1473	16412.91
1474	15542.25
1475	14694.12
1476	13877.70
1477	13104.01
1478	12384.18
1479	11729.07
1480	11146.54
1481	10634.87
1482	10183.10
1483	9777.48
1484	9404.03
1485	9048.95
1486	8700.91
1487	8356.57
1488	8020.73
1489	7700.73
1490	7404.11
1491	7138.28
1492	6908.67
1493	6714.12
1494	6546.59
1495	6395.86
1496	6251.54
1497	6103.37
1498	5943.24
1499	5770.15
1500	5590.51
1501	5413.11
1502	5246.93
1503	5100.81
1504	4981.40
1505	4888.31
1506	4813.88
1507	4748.19
1508	4681.13
1509	4602.80
1510	4505.76
1511	4390.39
1512	4264.77
1513	4139.33
1514	4024.65
1515	3931.08
1516	3866.16
1517	3828.99
1518	3810.91
1519	3800.99
1520	3788.18
1521	3761.69
1522	3713.80
1523	3645.28
1524	3564.08
1525	3480.10
1526	3403.36
1527	3343.45
1528	3306.51
1529	3289.60
1530	3282.99
1531	3275.27
1532	3254.93
1533	3211.17
1534	3138.32
1535	3042.63
1536	2938.26
1537	2841.12
1538	2767.18
1539	2731.19
1540	2740.59
1541	2787.72
1542	2856.28
1543	2928.36
1544	2986.00
1545	3012.82
1546	3000.48
1547	2954.75
1548	2888.28
1549	2814.84
1550	2748.15
1551	2700.30
1552	2676.29
1553	2670.82
1554	2674.39
1555	2676.92
1556	2668.45
1557	2641.03
1558	2594.00
1559	2535.17
1560	2475.27
1561	2425.32
1562	2396.10
1563	2395.39
1564	2422.07
1565	2466.91
1566	2518.34
1567	2564.67
1568	2594.62
1569	2600.53
1570	2583.48
1571	2550.66
1572	2510.66
1573	2472.14
1574	2443.17
1575	2428.51
1576	2426.52
1577	2432.22
1578	2440.02
1579	2444.34
1580	2440.46
1581	2427.37
1582	2409.34
1583	2392.78
1584	2384.38
1585	2390.71
1586	2416.53
1587	2460.79
1588	2516.44
1589	2574.56
1590	2626.08
1591	2662.29
1592	2677.33
1593	2672.55
1594	2654.41
1595	2630.62
1596	2608.92
1597	2596.51
1598	2597.74
1599	2611.79
1600	2635.22
1601	2664.16
1602	2694.78
1603	2723.84
1604	2750.44
1605	2776.55
1606	2805.16
1607	2839.39
1608	2882.25
1609	2935.86
1610	2999.91
1611	3072.10
1612	3149.66
1613	3229.76
1614	3309.99
1615	3390.15
1616	3474.18
1617	3568.24
1618	3678.85
1619	3812.48
1620	3974.47
1621	4165.92
1622	4382.82
1623	4619.34
1624	4869.49
1625	5127.60
1626	5391.01
1627	5664.63
1628	5958.98
1629	6285.96
1630	6657.49
1631	7084.70
1632	7574.75
1633	8128.40
1634	8743.39
1635	9417.07
1636	10147.11
1637	10935.27
1638	11796.26
1639	12757.25
1640	13849.18
1641	15103.20
1642	16548.66
1643	18203.95
1644	20065.43
1645	22117.09
1646	24340.60
1647	26717.04
1648	29220.09
1649	31796.73
1650	34363.05
1651	36824.45
1652	39085.31
1653	41050.99
1654	42633.92
1655	43762.46
1656	44375.09
1657	44412.51
1658	43816.54
1659	42547.19
1660	40634.77
1661	38198.69
1662	35391.43
1663	32369.02
1664	29284.47
1665	26267.94
1666	23395.87
1667	20709.04
1668	18240.26
1669	16021.66
1670	14080.00
1671	12421.39
1672	11025.70
1673	9863.02
1674	8902.40
1675	8113.00
1676	7465.05
1677	6931.19
1678	6485.60
1679	6102.80
1680	5757.57
1681	5428.15
1682	5105.38
1683	4794.73
1684	4506.73
1685	4252.40
1686	4041.83
1687	3879.66
1688	3759.37
1689	3668.22
1690	3592.27
1691	3517.77
1692	3433.69
1693	3337.59
1694	3235.37
1695	3135.46
1696	3046.45
1697	2976.10
1698	2928.17
1699	2899.74
1700	2884.84
1701	2877.03
1702	2870.08
1703	2859.58
1704	2845.84
1705	2832.65
1706	2824.68
1707	2826.57
1708	2842.05
1709	2871.41
1710	2910.74
1711	2954.64
1712	2997.55
1713	3034.55
1714	3064.11
1715	3091.33
1716	3124.73
1717	3173.46
1718	3246.46
1719	3350.24
1720	3484.73
1721	3644.45
1722	3822.54
1723	4012.13
1724	4208.02
1725	4411.33
1726	4631.07
1727	4879.15
1728	5167.70
1729	5507.57
1730	5902.45
1731	6342.89
1732	6812.80
1733	7294.93
1734	7772.43
1735	8231.73
1736	8667.64
1737	9081.05
1738	9474.34
1739	9849.77
1740	10207.54
1741	10540.86
1742	10835.69
1743	11075.69
1744	11244.37
1745	11326.50
1746	11312.24
1747	11199.64
1748	10989.98
1749	10685.00
1750	10287.26
1751	9803.85
1752	9250.81
1753	8648.96
1754	8019.98
1755	7385.32
1756	6764.38
1757	6171.38
1758	5616.86
1759	5110.52
1760	4661.72
1761	4276.78
1762	3952.81
1763	3678.28
1764	3439.19
1765	3221.46
1766	3013.14
1767	2809.96
1768	2616.86
1769	2442.02
1770	2293.86
1771	2179.51
1772	2100.19
1773	2048.45
1774	2013.16
1775	1982.73
1776	1946.40
1777	1897.94
1778	1839.15
1779	1775.87
1780	1714.59
1781	1661.53
1782	1621.07
1783	1593.74
1784	1577.80
1785	1571.08
1786	1571.38
1787	1576.59
1788	1584.84
1789	1594.38
1790	1603.49
1791	1610.46
1792	1613.60
1793	1611.22
1794	1601.65
1795	1583.24
1796	1554.44
1797	1514.89
1798	1467.61
1799	1418.56
1800	1374.53
1801	1342.19
1802	1326.61
1803	1327.76
1804	1340.81
1805	1359.54
1806	1377.66
1807	1389.94
1808	1394.49
1809	1392.78
1810	1387.34
1811	1380.78
1812	1375.40
1813	1372.46
1814	1372.19
1815	1374.43
1816	1379.00
1817	1385.51
1818	1392.96
1819	1399.66
1820	1403.70
1821	1403.18
1822	1396.94
1823	1386.16
1824	1374.67
1825	1367.09
1826	1368.04
1827	1380.85
1828	1404.45
1829	1433.15
1830	1459.80
1831	1477.22
1832	1479.89
1833	1467.63
1834	1445.60
1835	1420.66
1836	1399.63
1837	1387.81
1838	1385.64
1839	1389.07
1840	1392.70
1841	1391.17
1842	1380.66
1843	1361.69
1844	1338.53
1845	1316.49
1846	1300.73
1847	1294.80
1848	1297.90
1849	1305.90
1850	1313.84
1851	1316.99
1852	1312.42
1853	1301.60
1854	1288.89
1855	1279.33
1856	1277.65
1857	1286.56
1858	1304.57
1859	1327.76
1860	1351.74
1861	1372.20
1862	1385.26
1863	1387.88
1864	1377.41
1865	1351.29
1866	1308.15
1867	1251.53
1868	1192.17
1869	1143.82
1870	1120.40
1871	1132.76
1872	1180.57
1873	1250.44
1874	1324.45
1875	1384.55
1876	1416.16
1877	1415.10
1878	1386.74
1879	1339.13
1880	1280.50
1881	1218.58
1882	1159.93
1883	1110.32
1884	1075.27
1885	1059.76
1886	1065.57
1887	1088.37
1888	1120.62
1889	1154.26
1890	1181.88
1891	1199.03
1892	1205.41
1893	1202.40
1894	1191.64
1895	1174.96
1896	1154.94
1897	1134.87
1898	1118.27
1899	1108.61
1900	1108.79
1901	1120.30
1902	1143.65
1903	1179.12
1904	1226.48
1905	1283.03
1906	1341.69
1907	1393.19
1908	1428.02
1909	1438.37
1910	1422.80
1911	1387.57
1912	1341.69
1913	1294.26
1914	1252.78
1915	1220.47
1916	1197.16
1917	1181.81
1918	1173.55
1919	1172.56
1920	1181.00
1921	1202.04
1922	1238.87
1923	1292.85
1924	1358.43
1925	1422.08
1926	1467.44
1927	1478.73
1928	1446.74
1929	1378.69
1930	1293.50
1931	1212.83
1932	1156.50
1933	1135.17
1934	1144.96
1935	1175.48
1936	1215.52
1937	1254.74
1938	1285.61
1939	1303.24
1940	1303.51
1941	1283.16
1942	1243.35
1943	1193.92
1944	1149.34
1945	1124.69
1946	1131.49
1947	1168.76
1948	1221.66
1949	1270.77
1950	1297.44
1951	1291.07
1952	1258.60
1953	1217.61
1954	1187.63
1955	1184.45
1956	1209.64
1957	1247.60
1958	1276.62
1959	1275.82
1960	1234.29
1961	1163.60
1962	1089.48
1963	1040.34
1964	1039.10
1965	1087.75
1966	1163.21
1967	1233.55
1968	1267.93
1969	1248.85
1970	1187.59
1971	1112.77
1972	1056.10
1973	1043.15
1974	1077.90
1975	1140.71
1976	1204.23
1977	1242.53
1978	1241.96
1979	1212.40
1980	1176.09
1981	1156.94
1982	1172.42
1983	1220.42
1984	1281.13
1985	1329.74
1986	1344.23
1987	1316.82
1988	1261.80
1989	1203.02
1990	1164.61
1991	1162.40
1992	1192.10
1993	1235.44
1994	1271.20
1995	1281.37
1996	1259.98
1997	1214.63
1998	1157.50
1999	1100.61
2000	1052.93
2001	1017.98
2002	996.58
2003	989.09
2004	995.57
2005	1015.34
2006	1047.23
2007	1089.84
2008	1140.93
2009	1195.27
2010	1244.14
2011	1277.72
2012	1287.43
2013	1271.45
2014	1239.39
2015	1206.23
2016	1186.98
2017	1190.76
2018	1212.83
2019	1239.21
2020	1254.25
2021	1246.49
2022	1217.78
2023	1182.60
2024	1159.00
2025	1162.24
2026	1195.34
2027	1245.19
2028	1292.51
2029	1319.11
2030	1315.97
2031	1290.49
2032	1258.15
2033	1234.74
2034	1228.84
2035	1232.42
2036	1226.82
2037	1191.98
2038	1116.58
2039	1014.28
2040	919.53
2041	871.71
2042	900.68
2043	1002.95
2044	1139.47
2045	1260.03
2046	1320.67
2047	1306.68
2048	1242.22
2049	1166.24
2050	1115.66
2051	1109.28
2052	1136.73
2053	1174.50
2054	1199.06
2055	1197.50
2056	1177.20
2057	1156.15
2058	1152.85
2059	1176.84
2060	1218.10
2061	1254.88
2062	1264.29
2063	1233.20
2064	1172.37
2065	1108.84
2066	1072.26
2067	1082.55
2068	1133.63
2069	1199.58
2070	1250.36
2071	1263.85
2072	1240.95
2073	1201.66
2074	1170.47
2075	1165.54
2076	1185.33
2077	1210.93
2078	1219.15
2079	1193.73
2080	1140.40
2081	1085.16
2082	1059.14
2083	1084.81
2084	1156.70
2085	1243.11
2086	1305.46
2087	1314.70
2088	1272.76
2089	1210.55
2090	1166.70
2091	1171.01
2092	1224.87
2093	1303.78
2094	1376.36
2095	1416.94
2096	1417.95
2097	1387.56
2098	1338.20
2099	1281.56
2100	1226.52
2101	1179.67
2102	1146.76
2103	1131.65
2104	1133.42
2105	1147.64
2106	1169.16
2107	1193.80
2108	1219.78
2109	1246.84
2110	1274.84
2111	1302.04
2112	1323.37
2113	1331.89
2114	1321.21
2115	1289.87
2116	1245.25
2117	1199.17
2118	1163.20
2119	1144.75
2120	1144.88
2121	1161.81
2122	1192.14
2123	1227.63
2124	1254.11
2125	1255.71
2126	1222.42
2127	1163.46
2128	1106.97
2129	1085.41
2130	1119.01
2131	1194.69
2132	1273.99
2133	1315.13
2134	1295.88
2135	1235.94
2136	1179.38
2137	1169.41
2138	1221.82
2139	1307.88
2140	1379.34
2141	1394.63
2142	1347.49
2143	1273.45
2144	1221.35
2145	1227.69
2146	1289.86
2147	1372.56
2148	1433.94
2149	1447.10
2150	1417.94
2151	1371.52
2152	1333.67
2153	1316.72
2154	1312.70
2155	1305.39
2156	1281.53
2157	1240.87
2158	1196.11
2159	1163.12
2160	1152.35
2161	1161.09
2162	1178.16
2163	1191.51
2164	1193.65
2165	1184.17
2166	1165.71
2167	1141.73
2168	1116.75
2169	1096.34
2170	1086.09
2171	1090.01
2172	1108.65
2173	1140.44
2174	1181.69
2175	1221.95
2176	1242.07
2177	1220.86
2178	1147.63
2179	1039.79
2180	935.74
2181	874.50
2182	873.78
2183	916.74
2184	971.77
2185	1011.91
2186	1030.48
2187	1038.83
2188	1051.76
2189	1075.46
2190	1100.03
2191	1108.12
2192	1087.19
2193	1043.87
2194	1003.21
2195	992.29
2196	1019.32
2197	1056.83
2198	1060.35
2199	997.10
2200	880.22
2201	766.48
2202	718.94
2203	766.01
2204	873.58
2205	978.55
2206	1028.77
2207	1017.55
2208	977.34
2209	947.05
2210	945.78
2211	961.40
2212	969.47
2213	953.58
2214	921.79
2215	899.36
2216	909.55
2217	952.65
2218	1000.99
2219	1020.05
2220	993.24
2221	941.46
2222	904.91
2223	914.94
2224	966.21
2225	1021.35
2226	1040.31
2227	1008.95
2228	950.11
2229	899.63
2230	883.79
2231	904.97
2232	951.46
2233	1008.33
2234	1059.16
2235	1086.52
2236	1076.47
2237	1030.31
2238	969.28
2239	920.40
2240	901.42
2241	911.06
2242	938.12
2243	969.48
2244	991.47
2245	990.40
2246	957.23
2247	898.13
2248	834.50
2249	789.81
2250	776.71
2251	792.60
2252	828.62
2253	874.13
2254	916.58
2255	943.28
2256	947.27
2257	934.75
2258	919.95
2259	915.36
2260	923.95
2261	940.99
2262	959.61
2263	972.44
2264	971.84
2265	951.65
2266	911.65
2267	858.92
2268	804.39
2269	764.64
2270	763.77
2271	822.91
2272	933.43
2273	1036.82
2274	1059.76
2275	972.70
2276	834.32
2277	741.96
2278	755.92
2279	844.44
2280	927.50
2281	945.75
2282	907.36
2283	860.11
2284	843.49
2285	857.97
2286	879.19
2287	884.59
2288	869.10
2289	839.77
2290	806.50
2291	779.53
2292	768.77
2293	780.21
2294	810.39
2295	849.26
2296	884.69
2297	903.05
2298	891.44
2299	848.34
2300	798.28
2301	779.08
2302	811.12
2303	870.67
2304	911.66
2305	905.49
2306	867.41
2307	833.80
2308	831.35
2309	862.35
2310	914.88
2311	964.86
2312	973.13
2313	906.35
2314	780.11
2315	673.30
2316	666.22
2317	762.60
2318	882.64
2319	942.20
2320	924.31
2321	871.45
2322	830.05
2323	815.41
2324	820.49
2325	833.94
2326	846.06
2327	849.25
2328	841.10
2329	826.89
2330	815.51
2331	817.23
2332	842.33
2333	890.72
2334	932.53
2335	918.19
2336	824.62
2337	698.11
2338	616.65
2339	622.01
2340	689.08
2341	768.87
2342	825.67
2343	842.87
2344	820.60
2345	786.04
2346	779.85
2347	822.76
2348	895.81
2349	962.57
2350	987.17
2351	940.92
2352	824.45
2353	703.14
2354	667.15
2355	735.22
2356	810.42
2357	789.28
2358	690.27
2359	632.11
2360	690.35
2361	802.73
2362	860.89
2363	838.55
2364	806.16
2365	827.86
2366	883.58
2367	911.22
2368	879.50
2369	807.59
2370	732.56
2371	691.66
2372	713.36
2373	794.92
2374	895.41
2375	965.21
2376	966.90
2377	884.27
2378	750.12
2379	647.14
2380	637.87
2381	704.29
2382	787.33
2383	841.22
2384	846.02
2385	806.37
2386	756.69
2387	734.67
2388	749.01
2389	782.30
2390	805.82
2391	788.59
2392	726.59
2393	674.77
2394	696.72
2395	782.34
2396	859.45
2397	883.37
2398	873.77
2399	858.33
2400	828.44
2401	767.85
2402	700.40
2403	673.57
2404	689.57
2405	693.08
2406	659.18
2407	648.96
2408	714.20
2409	790.95
2410	782.15
2411	714.31
2412	703.14
2413	771.20
2414	814.66
2415	772.36
2416	710.83
2417	701.80
2418	725.12
2419	732.96
2420	724.91
2421	724.44
2422	730.50
2423	726.11
2424	714.74
2425	718.53
2426	747.74
2427	791.97
2428	829.27
2429	833.05
2430	783.74
2431	684.23
2432	588.39
2433	593.66
2434	714.39
2435	825.34
2436	847.27
2437	853.25
2438	890.07
2439	871.64
2440	759.51
2441	673.71
2442	708.14
2443	808.11
2444	882.78
2445	890.42
2446	843.03
2447	792.50
2448	779.34
2449	808.79
2450	853.21
