150	3530.80
151	3528.24
152	3530.05
153	3539.16
154	3555.57
155	3578.25
156	3605.83
157	3636.91
158	3670.10
159	3703.99
160	3737.17
161	3768.26
162	3796.02
163	3819.84
164	3839.84
165	3856.43
166	3870.04
167	3881.10
168	3890.04
169	3897.31
170	3903.33
171	3908.47
172	3912.88
173	3916.42
174	3918.87
175	3919.98
176	3919.51
177	3917.20
178	3912.82
179	3906.13
180	3897.06
181	3886.18
182	3874.83
183	3864.64
184	3857.29
185	3854.42
186	3857.71
187	3868.80
188	3889.36
189	3920.64
190	3962.62
191	4013.70
192	4071.70
193	4134.42
194	4199.62
195	4265.08
196	4328.60
197	4387.95
198	4441.19
199	4487.24
200	4526.00
201	4557.73
202	4582.70
203	4601.18
204	4613.46
205	4619.82
206	4620.53
207	4616.03
208	4607.16
209	4595.24
210	4581.71
211	4568.06
212	4555.74
213	4546.22
214	4540.97
215	4541.42
216	4548.56
217	4562.11
218	4580.52
219	4601.90
220	4624.33
221	4645.88
222	4664.63
223	4678.66
224	4686.11
225	4685.84
226	4678.63
227	4666.89
228	4653.46
229	4641.22
230	4633.02
231	4631.76
232	4640.27
233	4661.31
234	4696.46
235	4744.50
236	4802.19
237	4865.80
238	4931.58
239	4995.78
240	5054.64
241	5104.41
242	5141.53
243	5163.67
244	5171.20
245	5166.11
246	5150.75
247	5127.46
248	5098.61
249	5066.56
250	5033.65
251	5002.14
252	4973.74
253	4949.13
254	4928.51
255	4911.96
256	4899.58
257	4891.45
258	4887.65
259	4888.29
260	4893.38
261	4902.76
262	4915.90
263	4932.15
264	4950.83
265	4971.26
266	4992.78
267	5014.69
268	5036.34
269	5057.13
270	5076.85
271	5095.68
272	5113.93
273	5131.97
274	5150.14
275	5168.78
276	5188.23
277	5208.84
278	5230.74
279	5253.55
280	5276.36
281	5298.11
282	5317.75
283	5334.22
284	5346.45
285	5353.39
286	5354.03
287	5347.91
288	5335.77
289	5319.25
290	5300.17
291	5280.40
292	5261.76
293	5246.10
294	5235.27
295	5230.94
296	5233.93
297	5243.36
298	5257.53
299	5274.53
300	5292.49
301	5309.50
302	5323.68
303	5333.15
304	5336.26
305	5332.33
306	5322.01
307	5306.52
308	5287.12
309	5265.08
310	5241.68
311	5218.18
312	5195.85
313	5175.79
314	5158.62
315	5144.48
316	5133.37
317	5125.27
318	5120.15
319	5118.01
320	5118.83
321	5122.57
322	5129.16
323	5138.38
324	5149.93
325	5163.48
326	5178.69
327	5195.25
328	5212.82
329	5231.07
330	5249.66
331	5268.19
332	5286.12
333	5302.89
334	5317.89
335	5330.56
336	5340.31
337	5346.54
338	5348.68
339	5346.34
340	5339.73
341	5329.80
342	5317.71
343	5304.66
344	5291.85
345	5280.48
346	5271.74
347	5266.79
348	5266.37
349	5270.28
350	5277.56
351	5287.10
352	5297.76
353	5308.42
354	5317.94
355	5325.20
356	5329.14
357	5329.06
358	5324.89
359	5316.83
360	5305.15
361	5290.11
362	5271.97
363	5250.99
364	5227.45
365	5201.70
366	5174.43
367	5146.64
368	5119.46
369	5094.03
370	5071.47
371	5052.92
372	5039.52
373	5032.34
374	5032.14
375	5038.90
376	5052.08
377	5071.06
378	5095.20
379	5123.86
380	5156.40
381	5192.19
382	5230.48
383	5270.17
384	5309.58
385	5346.83
386	5379.99
387	5407.15
388	5426.39
389	5435.79
390	5433.52
391	5418.66
392	5392.75
393	5359.35
394	5322.59
395	5286.62
396	5255.60
397	5233.68
398	5224.99
399	5233.17
400	5259.37
401	5300.46
402	5351.23
403	5406.16
404	5459.71
405	5506.34
406	5540.51
407	5556.80
408	5551.24
409	5524.31
410	5480.77
411	5426.68
412	5368.21
413	5311.50
414	5262.73
415	5228.01
416	5213.01
417	5220.54
418	5248.06
419	5290.21
420	5341.13
421	5394.94
422	5445.74
423	5487.65
424	5514.89
425	5522.90
426	5511.16
427	5483.28
428	5444.17
429	5398.85
430	5352.34
431	5309.67
432	5275.84
433	5255.55
434	5251.68
435	5263.64
436	5288.93
437	5324.74
438	5368.21
439	5416.53
440	5466.84
441	5516.34
442	5562.53
443	5603.93
444	5640.07
445	5670.78
446	5695.94
447	5715.42
448	5729.07
449	5736.78
450	5738.49
451	5734.59
452	5726.22
453	5714.95
454	5702.39
455	5690.15
456	5679.86
457	5673.15
458	5671.57
459	5676.22
460	5686.78
461	5701.68
462	5718.99
463	5736.75
464	5753.00
465	5765.80
466	5773.19
467	5773.51
468	5766.43
469	5753.64
470	5737.74
471	5721.45
472	5707.51
473	5698.64
474	5697.58
475	5706.92
476	5728.24
477	5760.51
478	5800.85
479	5845.91
480	5892.32
481	5936.72
482	5975.74
483	6006.05
484	6024.79
485	6030.94
486	6025.69
487	6011.03
488	5989.06
489	5961.85
490	5931.50
491	5900.08
492	5869.60
493	5841.68
494	5817.08
495	5796.15
496	5779.14
497	5766.31
498	5757.91
499	5754.20
500	5755.41
501	5761.65
502	5772.59
503	5787.59
504	5805.87
505	5826.67
506	5849.22
507	5872.75
508	5896.49
509	5919.67
510	5941.55
511	5961.39
512	5978.46
513	5992.04
514	6001.41
515	6005.84
516	6004.61
517	5997.07
518	5983.01
519	5963.17
520	5938.80
521	5911.24
522	5881.85
523	5852.00
524	5823.03
525	5796.28
526	5772.85
527	5753.16
528	5737.05
529	5724.23
530	5714.37
531	5707.15
532	5702.25
533	5699.34
534	5698.01
535	5697.45
536	5696.39
537	5693.37
538	5686.92
539	5675.58
540	5657.86
541	5632.32
542	5597.70
543	5554.00
544	5503.37
545	5449.05
546	5394.46
547	5343.02
548	5298.16
549	5263.30
550	5241.67
551	5235.07
552	5241.82
553	5257.89
554	5278.68
555	5299.57
556	5315.95
557	5323.20
558	5316.83
559	5293.68
560	5254.73
561	5204.90
562	5150.24
563	5096.92
564	5051.07
565	5018.86
566	5006.38
567	5018.69
568	5056.82
569	5116.67
570	5192.22
571	5277.24
572	5365.49
573	5450.73
574	5526.76
575	5587.94
576	5631.47
577	5659.34
578	5675.73
579	5685.15
580	5692.15
581	5701.27
582	5717.03
583	5743.69
584	5783.73
585	5835.99
586	5897.11
587	5963.33
588	6030.88
589	6095.96
590	6154.81
591	6203.78
592	6240.37
593	6264.96
594	6280.05
595	6288.64
596	6293.76
597	6298.44
598	6305.71
599	6318.52
600	6338.86
601	6365.86
602	6396.13
603	6425.52
604	6449.83
605	6464.88
606	6466.46
607	6450.45
608	6413.74
609	6356.65
610	6283.23
611	6198.79
612	6108.75
613	6018.51
614	5933.50
615	5859.08
616	5799.79
617	5756.99
618	5727.91
619	5708.25
620	5693.53
621	5679.28
622	5661.01
623	5634.28
624	5595.28
625	5543.04
626	5480.77
627	5413.44
628	5346.24
629	5284.39
630	5233.08
631	5197.51
632	5182.19
633	5188.51
634	5212.65
635	5248.34
636	5288.97
637	5327.91
638	5358.54
639	5374.24
640	5369.04
641	5340.24
642	5291.17
643	5228.17
644	5158.08
645	5087.77
646	5024.09
647	4973.91
648	4943.55
649	4936.49
650	4950.57
651	4980.63
652	5020.97
653	5065.85
654	5109.54
655	5146.33
656	5170.88
657	5180.14
658	5175.74
659	5161.95
660	5143.52
661	5125.25
662	5111.92
663	5108.31
664	5118.86
665	5145.91
666	5187.47
667	5239.00
668	5295.46
669	5351.79
670	5402.94
671	5443.87
672	5469.88
673	5478.48
674	5471.83
675	5454.80
676	5432.81
677	5411.29
678	5395.66
679	5391.36
680	5403.47
681	5435.10
682	5485.13
683	5550.08
684	5625.97
685	5708.80
686	5794.59
687	5879.35
688	5959.32
689	6032.20
690	6098.50
691	6160.36
692	6220.21
693	6280.48
694	6343.62
695	6412.07
696	6488.08
697	6573.02
698	6666.46
699	6767.05
700	6873.28
701	6983.63
702	7096.57
703	7210.58
704	7324.26
705	7436.76
706	7548.22
707	7659.27
708	7770.64
709	7883.04
710	7997.20
711	8113.81
712	8233.35
713	8355.15
714	8476.72
715	8594.75
716	8705.80
717	8806.44
718	8893.23
719	8962.77
720	9012.16
721	9040.81
722	9051.30
723	9047.53
724	9033.57
725	9013.49
726	8991.37
727	8971.23
728	8956.45
729	8947.86
730	8943.24
731	8939.22
732	8932.35
733	8919.14
734	8896.13
735	8859.92
736	8808.04
737	8741.06
738	8662.75
739	8577.85
740	8491.21
741	8407.67
742	8332.05
743	8269.11
744	8222.57
745	8193.26
746	8179.60
747	8179.31
748	8190.08
749	8209.60
750	8235.54
751	8265.67
752	8298.14
753	8332.12
754	8367.51
755	8404.34
756	8442.66
757	8482.51
758	8523.94
759	8566.90
760	8610.86
761	8654.30
762	8695.17
763	8731.31
764	8760.57
765	8780.79
766	8789.83
767	8785.93
768	8768.98
769	8741.50
770	8707.15
771	8669.75
772	8633.11
773	8601.05
774	8577.36
775	8565.13
776	8565.03
777	8574.85
778	8591.39
779	8611.35
780	8631.42
781	8648.30
782	8658.82
783	8661.11
784	8657.16
785	8652.19
786	8652.38
787	8663.93
788	8693.07
789	8746.00
790	8828.56
791	8944.14
792	9090.62
793	9262.46
794	9453.41
795	9657.17
796	9867.47
797	10078.02
798	10283.15
799	10479.97
800	10670.14
801	10857.40
802	11045.79
803	11239.38
804	11442.22
805	11658.30
806	11890.75
807	12139.57
808	12401.25
809	12671.13
810	12944.38
811	13216.22
812	13481.84
813	13736.74
814	13978.98
815	14213.25
816	14449.32
817	14698.18
818	14970.94
819	15278.67
820	15632.41
821	16042.05
822	16511.22
823	17032.00
824	17590.59
825	18172.16
826	18761.86
827	19344.83
828	19906.34
829	20433.56
830	20920.82
831	21371.00
832	21790.08
833	22184.34
834	22560.08
835	22923.57
836	23280.81
837	23635.18
838	23983.29
839	24316.61
840	24625.35
841	24899.62
842	25129.56
843	25305.34
844	25418.46
845	25467.15
846	25461.27
847	25416.27
848	25348.51
849	25274.38
850	25210.25
851	25172.29
852	25173.84
853	25218.80
854	25301.12
855	25411.54
856	25540.55
857	25678.61
858	25816.22
859	25944.25
860	26056.35
861	26152.20
862	26235.30
863	26309.92
864	26380.37
865	26450.96
866	26525.94
867	26608.45
868	26697.13
869	26784.67
870	26861.45
871	26917.58
872	26943.16
873	26928.30
874	26863.55
875	26743.14
876	26570.82
877	26357.49
878	26115.79
879	25858.49
880	25598.33
881	25348.01
882	25118.89
883	24916.20
884	24735.79
885	24569.41
886	24408.26
887	24243.51
888	24066.33
889	23868.23
890	23643.84
891	23396.55
892	23137.00
893	22877.81
894	22631.71
895	22411.42
896	22229.63
897	22097.71
898	22020.86
899	21994.22
900	22008.34
901	22053.10
902	22118.33
903	22193.89
904	22269.77
905	22337.27
906	22391.44
907	22430.49
908	22453.47
909	22459.51
910	22447.70
911	22417.18
912	22367.18
913	22297.65
914	22209.51
915	22104.18
916	21983.12
917	21847.80
918	21699.70
919	21540.36
920	21371.87
921	21197.82
922	21022.97
923	20852.35
924	20691.02
925	20544.06
926	20416.49
927	20312.57
928	20233.44
929	20175.78
930	20134.53
931	20104.38
932	20080.03
933	20056.17
934	20027.74
935	19991.36
936	19947.56
937	19899.49
938	19850.86
939	19805.42
940	19766.92
941	19739.04
942	19724.59
943	19723.15
944	19730.76
945	19742.17
946	19752.04
947	19755.03
948	19745.80
949	19719.67
950	19675.36
951	19618.08
952	19556.42
953	19499.55
954	19456.65
955	19436.92
956	19449.25
957	19499.71
958	19586.35
959	19700.52
960	19831.73
961	19969.38
962	20102.87
963	20221.65
964	20316.02
965	20379.87
966	20411.89
967	20412.62
968	20382.88
969	20323.44
970	20235.10
971	20118.56
972	19973.79
973	19799.39
974	19593.13
975	19352.61
976	19075.44
977	18759.22
978	18401.81
979	18003.35
980	17570.80
981	17117.05
982	16656.63
983	16204.21
984	15774.44
985	15381.88
986	15039.51
987	14753.82
988	14522.87
989	14341.45
990	14203.98
991	14104.88
992	14038.56
993	13999.68
994	13984.13
995	13990.22
996	14017.53
997	14065.85
998	14134.99
999	14224.76
1000	14334.86
1001	14464.10
1002	14609.05
1003	14764.58
1004	14925.15
1005	15085.20
1006	15239.18
1007	15381.62
1008	15508.38
1009	15619.73
1010	15720.56
1011	15817.23
1012	15916.24
1013	16024.10
1014	16147.22
1015	16290.88
1016	16455.20
1017	16632.95
1018	16813.88
1019	16987.35
1020	17142.70
1021	17269.31
1022	17357.48
1023	17402.66
1024	17410.10
1025	17390.22
1026	17354.38
1027	17313.95
1028	17280.29
1029	17264.33
1030	17273.58
1031	17307.38
1032	17359.54
1033	17422.57
1034	17488.90
1035	17551.00
1036	17601.49
1037	17634.69
1038	17649.93
1039	17650.87
1040	17642.44
1041	17629.61
1042	17617.37
1043	17610.71
1044	17614.46
1045	17633.00
1046	17670.16
1047	17729.64
1048	17815.08
1049	17930.14
1050	18078.46
1051	18263.41
1052	18487.18
1053	18750.39
1054	19053.05
1055	19395.10
1056	19776.48
1057	20197.06
1058	20655.70
1059	21146.30
1060	21654.74
1061	22163.23
1062	22653.46
1063	23107.12
1064	23505.94
1065	23833.39
1066	24082.57
1067	24264.74
1068	24400.63
1069	24512.61
1070	24623.14
1071	24754.61
1072	24927.94
1073	25154.54
1074	25425.58
1075	25720.27
1076	26015.38
1077	26287.61
1078	26513.66
1079	26671.09
1080	26743.67
1081	26729.72
1082	26637.24
1083	26476.33
1084	26257.25
1085	25990.21
1086	25685.15
1087	25349.64
1088	24985.34
1089	24589.52
1090	24158.45
1091	23688.32
1092	23175.35
1093	22616.13
1094	22010.78
1095	21368.79
1096	20706.95
1097	20043.95
1098	19398.58
1099	18789.63
1100	18235.41
1101	17749.98
1102	17335.46
1103	16984.22
1104	16686.00
1105	16430.40
1106	16207.00
1107	16005.57
1108	15817.51
1109	15638.93
1110	15469.86
1111	15311.42
1112	15164.82
1113	15031.23
1114	14911.67
1115	14805.33
1116	14706.31
1117	14604.33
1118	14487.95
1119	14345.64
1120	14165.88
1121	13937.54
1122	13653.23
1123	13316.07
1124	12937.94
1125	12533.09
1126	12115.93
1127	11700.83
1128	11301.90
1129	10930.60
1130	10591.21
1131	10282.24
1132	10000.69
1133	9743.48
1134	9507.52
1135	9289.82
1136	9088.03
1137	8901.61
1138	8731.32
1139	8578.25
1140	8443.52
1141	8328.23
1142	8233.38
1143	8159.02
1144	8103.00
1145	8061.59
1146	8030.69
1147	8006.21
1148	7984.06
1149	7960.31
1150	7932.18
1151	7899.50
1152	7863.69
1153	7826.51
1154	7789.75
1155	7755.19
1156	7724.52
1157	7698.96
1158	7678.76
1159	7663.63
1160	7653.17
1161	7647.01
1162	7644.74
1163	7646.00
1164	7650.42
1165	7657.73
1166	7667.70
1167	7680.07
1168	7694.61
1169	7711.07
1170	7729.06
1171	7747.57
1172	7764.67
1173	7778.03
1174	7785.28
1175	7784.06
1176	7772.03
1177	7747.64
1178	7712.12
1179	7670.17
1180	7627.69
1181	7590.70
1182	7565.25
1183	7557.23
1184	7570.91
1185	7605.39
1186	7654.74
1187	7711.52
1188	7768.18
1189	7817.14
1190	7851.12
1191	7865.16
1192	7860.46
1193	7842.89
1194	7819.49
1195	7797.39
1196	7783.69
1197	7785.04
1198	7805.19
1199	7841.75
1200	7888.69
1201	7939.24
1202	7986.63
1203	8024.09
1204	8045.68
1205	8049.39
1206	8039.67
1207	8023.93
1208	8010.00
1209	8005.75
1210	8018.95
1211	8055.91
1212	8117.53
1213	8198.09
1214	8289.53
1215	8383.55
1216	8471.83
1217	8546.31
1218	8601.42
1219	8638.79
1220	8666.37
1221	8693.85
1222	8731.02
1223	8787.66
1224	8872.96
1225	8992.06
1226	9141.29
1227	9311.57
1228	9492.67
1229	9674.34
1230	9846.36
1231	10000.03
1232	10133.51
1233	10255.72
1234	10380.31
1235	10521.59
1236	10693.91
1237	10911.37
1238	11185.11
1239	11516.27
1240	11895.46
1241	12309.87
1242	12746.44
1243	13192.09
1244	13634.42
1245	14066.19
1246	14492.60
1247	14927.52
1248	15386.81
1249	15886.44
1250	16442.25
1251	17067.73
1252	17764.84
1253	18516.48
1254	19296.81
1255	20078.62
1256	20834.70
1257	21538.10
1258	22165.99
1259	22709.00
1260	23171.89
1261	23563.93
1262	23894.74
1263	24173.98
1264	24410.74
1265	24610.49
1266	24770.35
1267	24882.08
1268	24936.28
1269	24923.52
1270	24834.44
1271	24661.75
1272	24407.00
1273	24084.34
1274	23713.15
1275	23313.45
1276	22905.27
1277	22508.32
1278	22138.95
1279	21804.00
1280	21502.31
1281	21230.56
1282	20985.29
1283	20763.06
1284	20561.78
1285	20386.30
1286	20253.84
1287	20187.83
1288	20212.68
1289	20352.85
1290	20632.22
1291	21067.60
1292	21652.60
1293	22357.30
1294	23144.41
1295	23976.01
1296	24814.22
1297	25621.89
1298	26366.53
1299	27025.01
1300	27579.51
1301	28013.22
1302	28309.37
1303	28451.44
1304	28426.58
1305	28234.81
1306	27890.52
1307	27412.98
1308	26821.91
1309	26137.03
1310	25378.04
1311	24564.23
1312	23714.21
1313	22846.09
1314	21977.91
1315	21127.72
1316	20313.35
1317	19549.82
1318	18842.21
1319	18184.39
1320	17566.40
1321	16977.93
1322	16408.69
1323	15848.87
1324	15291.64
1325	14736.37
1326	14185.93
1327	13643.89
1328	13113.82
1329	12599.31
1330	12103.81
1331	11630.33
1332	11181.43
1333	10759.56
1334	10367.11
1335	10006.49
1336	9679.85
1337	9387.91
1338	9128.82
1339	8899.38
1340	8696.20
1341	8515.86
1342	8354.94
1343	8209.97
1344	8077.35
1345	7953.35
1346	7834.21
1347	7716.18
1348	7595.52
1349	7469.22
1350	7337.40
1351	7204.93
1352	7078.63
1353	6965.63
1354	6873.04
1355	6807.57
1356	6772.97
1357	6765.96
1358	6778.55
1359	6801.66
1360	6826.15
1361	6843.01
1362	6844.55
1363	6827.82
1364	6795.09
1365	6750.32
1366	6697.68
1367	6641.29
1368	6584.77
1369	6529.05
1370	6470.36
1371	6402.65
1372	6319.50
1373	6214.50
1374	6081.64
1375	5918.61
1376	5732.39
1377	5536.95
1378	5347.94
1379	5181.10
1380	5051.95
1381	4972.71
1382	4943.90
1383	4952.67
1384	4981.61
1385	5012.90
1386	5028.75
1387	5013.34
1388	4960.53
1389	4880.57
1390	4791.48
1391	4712.47
1392	4662.77
1393	4660.67
1394	4717.49
1395	4828.08
1396	4976.23
1397	5143.26
1398	5310.35
1399	5459.02
1400	5574.47
1401	5653.48
1402	5703.90
1403	5736.94
1404	5764.04
1405	5796.62
1406	5845.06
1407	5915.69
1408	6009.29
1409	6124.53
1410	6259.82
1411	6413.56
1412	6584.34
1413	6771.72
1414	6977.08
1415	7202.67
1416	7450.91
1417	7724.25
1418	8025.42
1419	8359.38
1420	8736.27
1421	9169.70
1422	9674.02
1423	10263.64
1424	10952.82
1425	11754.43
1426	12677.37
1427	13727.05
1428	14907.92
1429	16224.35
1430	17680.30
1431	19273.58
1432	20980.46
1433	22753.33
1434	24536.48
1435	26273.50
1436	27908.12
1437	29388.02
1438	30677.39
1439	31763.39
1440	32642.38
1441	33311.86
1442	33769.45
1443	34014.31
1444	34053.32
1445	33906.45
1446	33599.87
1447	33160.73
1448	32616.18
1449	31993.07
1450	31316.19
1451	30606.29
1452	29881.91
1453	29161.13
1454	28461.98
1455	27801.22
1456	27186.65
1457	26605.53
1458	26031.86
1459	25436.81
1460	24791.41
1461	24067.95
1462	23248.98
1463	22343.23
1464	21378.73
1465	20388.19
1466	19404.57
1467	18460.11
1468	17579.95
1469	16769.59
1470	16018.29
1471	15310.97
1472	14632.26
1473	13967.14
1474	13303.91
1475	12640.88
1476	11985.42
1477	11347.49
1478	10737.22
1479	10164.63
1480	9638.01
1481	9160.32
1482	8729.32
1483	8341.20
1484	7992.03
1485	7677.87
1486	7394.69
1487	7138.15
1488	6903.64
1489	6686.43
1490	6481.81
1491	6285.09
1492	6092.38
1493	5902.33
1494	5716.21
1495	5536.18
1496	5364.45
1497	5203.20
1498	5054.29
1499	4918.45
1500	4795.24
1501	4683.85
1502	4583.44
1503	4493.13
1504	4411.51
1505	4335.51
1506	4260.32
1507	4180.62
1508	4091.01
1509	3986.28
1510	3863.05
1511	3723.94
1512	3577.36
1513	3433.51
1514	3302.71
1515	3195.11
1516	3118.60
1517	3074.36
1518	3057.37
1519	3060.83
1520	3077.79
1521	3101.40
1522	3125.44
1523	3145.61
1524	3159.18
1525	3163.84
1526	3157.34
1527	3137.50
1528	3103.01
1529	3054.72
1530	2995.16
1531	2927.27
1532	2854.00
1533	2778.31
1534	2703.27
1535	2632.13
1536	2568.31
1537	2515.22
1538	2476.30
1539	2454.58
1540	2450.75
1541	2460.66
1542	2477.41
1543	2493.57
1544	2501.70
1545	2495.07
1546	2470.47
1547	2430.89
1548	2382.36
1549	2331.39
1550	2284.48
1551	2247.50
1552	2223.64
1553	2212.18
1554	2210.79
1555	2216.92
1556	2228.05
1557	2241.82
1558	2256.62
1559	2271.62
1560	2286.29
1561	2300.14
1562	2312.63
1563	2322.94
1564	2329.35
1565	2329.33
1566	2320.11
1567	2298.91
1568	2263.25
1569	2212.84
1570	2152.80
1571	2091.98
1572	2040.13
1573	2007.00
1574	2001.37
1575	2026.59
1576	2075.56
1577	2135.65
1578	2193.24
1579	2234.75
1580	2248.52
1581	2230.93
1582	2189.86
1583	2137.90
1584	2088.24
1585	2053.89
1586	2045.43
1587	2065.49
1588	2108.54
1589	2166.47
1590	2230.97
1591	2293.91
1592	2348.51
1593	2391.47
1594	2421.95
1595	2439.69
1596	2444.48
1597	2436.47
1598	2417.63
1599	2393.29
1600	2370.46
1601	2356.42
1602	2358.37
1603	2382.21
1604	2428.77
1605	2492.72
1606	2566.50
1607	2642.27
1608	2712.48
1609	2771.77
1610	2820.82
1611	2865.21
1612	2911.77
1613	2967.39
1614	3038.60
1615	3129.94
1616	3242.07
1617	3373.67
1618	3523.06
1619	3688.57
1620	3868.73
1621	4062.83
1622	4271.12
1623	4494.18
1624	4732.60
1625	4987.12
1626	5259.42
1627	5553.58
1628	5875.50
1629	6231.49
1630	6627.89
1631	7070.54
1632	7563.08
1633	8105.45
1634	8695.91
1635	9332.49
1636	10013.48
1637	10740.62
1638	11526.48
1639	12394.10
1640	13369.65
1641	14479.50
1642	15748.62
1643	17193.60
1644	18814.10
1645	20600.33
1646	22540.69
1647	24623.09
1648	26828.89
1649	29115.92
1650	31414.76
1651	33646.56
1652	35731.55
1653	37590.30
1654	39145.92
1655	40327.25
1656	41066.76
1657	41297.73
1658	40954.47
1659	39988.43
1660	38417.39
1661	36343.18
1662	33898.86
1663	31220.84
1664	28443.13
1665	25681.53
1666	23009.03
1667	20470.20
1668	18103.22
1669	15945.72
1670	14030.01
1671	12368.05
1672	10945.95
1673	9740.20
1674	8726.26
1675	7879.58
1676	7176.07
1677	6592.60
1678	6106.68
1679	5695.95
1680	5338.23
1681	5013.81
1682	4711.95
1683	4432.34
1684	4178.29
1685	3953.44
1686	3760.99
1687	3601.35
1688	3469.35
1689	3356.65
1690	3254.32
1691	3153.59
1692	3047.76
1693	2936.73
1694	2826.78
1695	2726.16
1696	2643.21
1697	2585.39
1698	2555.93
1699	2551.01
1700	2563.57
1701	2586.07
1702	2611.14
1703	2632.85
1704	2649.11
1705	2660.65
1706	2668.89
1707	2675.27
1708	2681.05
1709	2686.69
1710	2691.73
1711	2695.36
1712	2696.76
1713	2695.51
1714	2693.53
1715	2697.13
1716	2714.98
1717	2756.15
1718	2829.38
1719	2940.15
1720	3084.95
1721	3252.97
1722	3431.46
1723	3607.75
1724	3771.89
1725	3924.56
1726	4079.53
1727	4255.44
1728	4471.33
1729	4744.41
1730	5081.71
1731	5471.63
1732	5893.09
1733	6323.43
1734	6740.54
1735	7127.43
1736	7480.05
1737	7803.80
1738	8106.30
1739	8395.10
1740	8674.87
1741	8940.67
1742	9177.61
1743	9367.62
1744	9492.43
1745	9535.66
1746	9488.96
1747	9355.74
1748	9144.22
1749	8863.29
1750	8521.93
1751	8129.62
1752	7696.84
1753	7234.59
1754	6753.95
1755	6265.98
1756	5781.32
1757	5309.60
1758	4859.76
1759	4440.55
1760	4060.51
1761	3725.81
1762	3435.48
1763	3181.90
1764	2955.49
1765	2746.63
1766	2547.41
1767	2356.10
1768	2178.38
1769	2022.53
1770	1897.02
1771	1808.77
1772	1757.93
1773	1734.58
1774	1724.56
1775	1713.18
1776	1687.09
1777	1639.90
1778	1577.76
1779	1513.06
1780	1459.17
1781	1428.50
1782	1426.91
1783	1446.62
1784	1471.79
1785	1485.10
1786	1470.06
1787	1417.51
1788	1335.70
1789	1244.70
1790	1167.24
1791	1125.35
1792	1133.73
1793	1187.57
1794	1266.97
1795	1348.22
1796	1407.89
1797	1428.14
1798	1407.12
1799	1356.84
1800	1293.14
1801	1231.91
1802	1186.58
1803	1162.90
1804	1159.37
1805	1172.35
1806	1198.03
1807	1232.56
1808	1271.93
1809	1312.00
1810	1348.59
1811	1377.55
1812	1395.34
1813	1400.44
1814	1393.49
1815	1375.83
1816	1348.86
1817	1314.48
1818	1276.18
1819	1239.17
1820	1209.24
1821	1192.09
1822	1191.88
1823	1207.37
1824	1231.58
1825	1255.58
1826	1270.44
1827	1268.90
1828	1249.38
1829	1216.32
1830	1176.06
1831	1135.06
1832	1098.99
1833	1070.94
1834	1051.44
1835	1040.20
1836	1036.84
1837	1040.91
1838	1051.62
1839	1067.91
1840	1088.62
1841	1112.55
1842	1138.25
1843	1163.50
1844	1185.43
1845	1201.00
1846	1207.26
1847	1202.49
1848	1188.01
1849	1167.57
1850	1145.47
1851	1125.93
1852	1112.18
1853	1105.08
1854	1103.90
1855	1107.55
1856	1114.97
1857	1125.21
1858	1137.62
1859	1151.70
1860	1167.00
1861	1182.90
1862	1198.14
1863	1210.25
1864	1216.14
1865	1212.69
1866	1197.49
1867	1171.33
1868	1139.61
1869	1109.67
1870	1089.01
1871	1083.66
1872	1094.41
1873	1115.89
1874	1140.59
1875	1160.93
1876	1170.97
1877	1169.61
1878	1160.19
1879	1147.31
1880	1135.53
1881	1128.22
1882	1125.90
1883	1127.12
1884	1129.95
1885	1132.53
1886	1133.54
1887	1132.61
1888	1129.94
1889	1125.77
1890	1120.43
1891	1114.38
1892	1108.35
1893	1103.16
1894	1099.58
1895	1097.96
1896	1097.15
1897	1094.51
1898	1086.92
1899	1071.46
1900	1046.68
1901	1014.96
1902	981.32
1903	951.41
1904	930.65
1905	923.23
1906	931.05
1907	954.91
1908	995.34
1909	1051.35
1910	1116.45
1911	1177.48
1912	1218.94
1913	1225.81
1914	1189.59
1915	1119.29
1916	1037.68
1917	970.93
1918	942.95
1919	963.94
1920	1018.80
1921	1079.49
1922	1116.16
1923	1105.01
1924	1044.67
1925	960.00
1926	884.95
1927	852.94
1928	885.46
1929	974.33
1930	1090.18
1931	1198.74
1932	1268.84
1933	1285.05
1934	1256.91
1935	1205.10
1936	1151.58
1937	1114.63
1938	1101.15
1939	1107.48
1940	1126.84
1941	1152.30
1942	1177.31
1943	1196.14
1944	1203.43
1945	1194.07
1946	1164.84
1947	1119.18
1948	1067.88
1949	1024.18
1950	1000.72
1951	1004.67
1952	1031.37
1953	1068.92
1954	1104.08
1955	1125.48
1956	1129.00
1957	1119.23
1958	1103.91
1959	1090.69
1960	1084.64
1961	1084.97
1962	1087.17
1963	1086.01
1964	1076.88
1965	1057.65
1966	1029.15
1967	993.28
1968	952.35
1969	910.52
1970	875.96
1971	859.27
1972	871.22
1973	918.40
1974	992.80
1975	1070.55
1976	1122.60
1977	1122.43
1978	1060.39
1979	959.18
1980	858.61
1981	800.45
1982	814.91
1983	897.16
1984	1010.61
1985	1109.70
1986	1153.67
1987	1126.35
1988	1049.66
1989	962.05
1990	902.64
1991	898.23
1992	945.34
1993	1019.66
1994	1092.33
1995	1138.79
1996	1150.56
1997	1137.27
1998	1114.65
1999	1097.85
2000	1095.84
2001	1106.67
2002	1122.98
2003	1136.75
2004	1141.80
2005	1136.85
2006	1124.23
2007	1107.18
2008	1088.83
2009	1071.64
2010	1057.40
2011	1047.59
2012	1043.51
2013	1045.39
2014	1051.79
2015	1060.42
2016	1068.99
2017	1076.08
2018	1082.28
2019	1089.54
2020	1100.02
2021	1115.25
2022	1134.59
2023	1155.41
2024	1174.47
2025	1188.17
2026	1191.84
2027	1179.29
2028	1143.86
2029	1080.56
2030	993.60
2031	903.52
2032	838.83
2033	827.50
2034	883.89
2035	991.34
2036	1113.20
2037	1209.53
2038	1250.40
2039	1234.52
2040	1184.56
2041	1129.29
2042	1092.73
2043	1081.62
2044	1084.23
2045	1082.97
2046	1062.63
2047	1019.62
2048	965.79
2049	918.88
2050	895.56
2051	904.13
2052	939.39
2053	990.05
2054	1044.29
2055	1092.27
2056	1128.04
2057	1147.67
2058	1148.04
2059	1129.09
2060	1097.30
2061	1063.10
2062	1037.34
2063	1027.79
2064	1034.86
2065	1053.86
2066	1078.96
2067	1104.58
2068	1125.93
2069	1138.83
2070	1139.48
2071	1126.42
2072	1104.69
2073	1084.74
2074	1078.08
2075	1092.50
2076	1124.51
2077	1160.65
2078	1184.98
2079	1185.14
2080	1160.23
2081	1119.90
2082	1076.75
2083	1041.91
2084	1021.43
2085	1016.54
2086	1026.95
2087	1051.18
2088	1084.47
2089	1118.97
2090	1146.12
2091	1159.52
2092	1159.40
2093	1152.06
2094	1145.37
2095	1145.35
2096	1152.30
2097	1161.56
2098	1167.18
2099	1163.91
2100	1148.73
2101	1120.40
2102	1078.53
2103	1025.69
2104	972.04
2105	933.25
2106	925.26
2107	956.21
2108	1015.88
2109	1082.03
2110	1131.09
2111	1147.94
2112	1135.25
2113	1105.90
2114	1073.97
2115	1049.45
2116	1034.73
2117	1028.46
2118	1028.81
2119	1034.65
2120	1045.91
2121	1062.96
2122	1085.93
2123	1113.76
2124	1143.96
2125	1173.48
2126	1199.22
2127	1218.01
2128	1226.70
2129	1222.30
2130	1203.66
2131	1174.43
2132	1141.93
2133	1114.00
2134	1096.01
2135	1088.04
2136	1087.06
2137	1089.41
2138	1091.44
2139	1089.52
2140	1080.19
2141	1062.14
2142	1042.02
2143	1035.77
2144	1061.66
2145	1128.42
2146	1217.01
2147	1285.18
2148	1288.23
2149	1205.88
2150	1070.41
2151	944.64
2152	888.52
2153	922.11
2154	1005.89
2155	1076.38
2156	1081.48
2157	1016.19
2158	922.18
2159	853.03
2160	845.49
2161	895.12
2162	970.93
2163	1039.21
2164	1079.81
2165	1093.82
2166	1091.40
2167	1082.38
2168	1071.83
2169	1060.22
2170	1046.82
2171	1032.34
2172	1020.53
2173	1016.90
2174	1025.46
2175	1043.01
2176	1057.02
2177	1052.22
2178	1019.76
2179	968.51
2180	920.52
2181	898.02
2182	908.66
2183	936.59
2184	956.17
2185	948.24
2186	917.11
2187	887.91
2188	888.68
2189	931.69
2190	1000.23
2191	1063.81
2192	1096.88
2193	1096.71
2194	1082.55
2195	1077.47
2196	1089.55
2197	1098.23
2198	1069.34
2199	978.70
2200	840.91
2201	707.37
2202	634.83
2203	651.11
2204	731.76
2205	827.90
2206	897.28
2207	928.61
2208	937.29
2209	943.86
2210	958.98
2211	977.47
2212	987.77
2213	981.37
2214	959.62
2215	930.86
2216	903.97
2217	883.63
2218	869.30
2219	858.86
2220	851.57
2221	849.88
2222	857.68
2223	876.10
2224	897.35
2225	906.00
2226	887.79
2227	842.48
2228	789.55
2229	754.66
2230	753.51
2231	778.93
2232	810.82
2233	831.81
2234	840.14
2235	847.69
2236	866.45
2237	893.56
2238	906.48
2239	878.89
2240	804.47
2241	716.02
2242	664.25
2243	683.86
2244	760.39
2245	844.56
2246	889.56
2247	884.04
2248	852.57
2249	826.37
2250	818.37
2251	815.45
2252	796.67
2253	753.50
2254	701.78
2255	668.03
2256	669.98
2257	701.11
2258	740.07
2259	768.04
2260	781.97
2261	791.34
2262	806.14
2263	827.33
2264	846.81
2265	856.20
2266	856.37
2267	859.57
2268	878.10
2269	907.23
2270	917.37
2271	875.58
2272	781.95
2273	693.33
2274	683.26
2275	774.59
2276	888.19
2277	903.30
2278	761.03
2279	548.04
2280	423.55
2281	489.54
2282	687.22
2283	865.58
2284	907.81
2285	823.33
2286	701.50
2287	624.87
2288	616.86
2289	660.29
2290	729.81
2291	802.22
2292	856.80
2293	878.64
2294	865.72
2295	825.19
2296	768.53
2297	712.69
2298	676.72
2299	669.92
2300	677.94
2301	674.08
2302	645.53
2303	615.44
2304	623.41
2305	684.48
2306	758.10
2307	781.59
2308	728.92
2309	647.12
2310	607.97
2311	638.56
2312	689.91
2313	694.76
2314	640.73
2315	591.18
2316	616.98
2317	717.50
2318	813.94
2319	829.17
2320	766.21
2321	696.91
2322	685.25
2323	727.83
2324	776.93
2325	795.45
2326	788.67
2327	782.22
2328	791.33
2329	808.92
2330	821.15
2331	823.69
2332	823.91
2333	827.94
2334	827.08
2335	802.69
2336	750.14
2337	701.12
2338	699.89
2339	753.21
2340	805.95
2341	796.44
2342	727.94
2343	670.29
2344	682.04
2345	742.10
2346	781.94
2347	762.64
2348	714.11
2349	684.38
2350	678.09
2351	653.24
2352	583.03
2353	512.41
2354	518.80
2355	619.46
2356	730.29
2357	759.42
2358	715.74
2359	691.02
2360	739.87
2361	800.61
2362	778.70
2363	670.36
2364	574.15
2365	572.30
2366	636.44
2367	685.36
2368	686.21
2369	678.25
2370	700.88
2371	733.60
2372	727.08
2373	670.49
2374	609.58
2375	592.24
2376	623.46
2377	679.40
2378	730.39
2379	749.18
2380	723.31
2381	670.61
2382	622.26
2383	598.84
2384	605.95
2385	640.12
2386	689.40
2387	736.78
2388	761.87
2389	749.52
2390	714.92
2391	708.59
2392	759.13
2393	820.50
2394	827.93
2395	787.79
2396	766.42
2397	795.75
2398	835.20
2399	841.05
2400	823.68
2401	812.46
2402	801.04
2403	760.34
2404	702.21
2405	688.78
2406	742.21
2407	785.20
2408	741.11
2409	644.24
2410	581.54
2411	582.15
2412	615.90
2413	655.25
2414	693.77
2415	724.07
2416	728.06
2417	697.38
2418	651.86
2419	621.92
2420	628.27
2421	668.77
2422	699.31
2423	668.24
2424	589.82
2425	528.39
2426	509.01
2427	507.01
2428	519.05
2429	574.75
2430	660.15
2431	699.45
2432	663.36
2433	617.10
2434	611.20
2435	619.93
2436	620.58
2437	639.70
2438	681.19
2439	687.93
2440	645.01
2441	632.72
2442	679.09
2443	688.04
2444	630.49
2445	625.85
2446	708.15
2447	742.53
2448	679.48
2449	633.75
2450	655.37
