150	3664.84
151	3647.79
152	3628.02
153	3610.75
154	3596.61
155	3585.98
156	3579.30
157	3576.96
158	3579.40
159	3587.03
160	3600.25
161	3619.49
162	3644.95
163	3676.12
164	3711.61
165	3749.70
166	3788.62
167	3826.63
168	3861.96
169	3892.85
170	3917.58
171	3934.71
172	3944.08
173	3947.01
174	3945.43
175	3941.30
176	3936.59
177	3933.28
178	3933.33
179	3938.71
180	3951.08
181	3971.06
182	3997.94
183	4030.54
184	4067.62
185	4107.96
186	4150.32
187	4193.47
188	4236.17
189	4277.35
190	4316.40
191	4353.30
192	4388.26
193	4421.49
194	4453.20
195	4483.61
196	4512.94
197	4541.39
198	4569.11
199	4595.95
200	4621.45
201	4645.06
202	4666.20
203	4684.31
204	4698.82
205	4709.16
206	4714.77
207	4715.32
208	4711.20
209	4703.55
210	4693.75
211	4683.20
212	4673.30
213	4665.45
214	4661.06
215	4661.49
216	4667.71
217	4679.47
218	4695.39
219	4713.73
220	4732.72
221	4750.63
222	4765.69
223	4776.15
224	4780.31
225	4777.06
226	4766.95
227	4751.88
228	4734.13
229	4715.98
230	4699.75
231	4687.72
232	4682.18
233	4685.34
234	4698.57
235	4721.21
236	4751.14
237	4785.87
238	4822.92
239	4859.80
240	4894.00
241	4923.05
242	4944.59
243	4957.19
244	4961.42
245	4959.05
246	4952.13
247	4942.71
248	4932.84
249	4924.57
250	4919.94
251	4920.84
252	4928.28
253	4941.68
254	4959.61
255	4980.53
256	5002.88
257	5025.10
258	5045.62
259	5062.90
260	5075.58
261	5083.14
262	5086.37
263	5086.59
264	5085.21
265	5083.63
266	5083.27
267	5085.54
268	5091.81
269	5103.21
270	5119.83
271	5140.55
272	5163.81
273	5188.00
274	5211.52
275	5232.76
276	5250.11
277	5262.04
278	5267.54
279	5267.37
280	5263.87
281	5259.86
282	5258.18
283	5261.69
284	5273.23
285	5295.65
286	5331.59
287	5382.22
288	5445.06
289	5515.06
290	5586.58
291	5653.97
292	5711.57
293	5753.69
294	5774.71
295	5769.55
296	5736.36
297	5679.38
298	5606.07
299	5524.44
300	5442.56
301	5368.45
302	5310.17
303	5275.69
304	5271.74
305	5299.76
306	5353.85
307	5425.17
308	5504.49
309	5582.59
310	5650.25
311	5698.24
312	5717.53
313	5701.22
314	5649.31
315	5568.59
316	5467.93
317	5356.35
318	5242.89
319	5136.57
320	5046.43
321	4981.11
322	4946.52
323	4941.95
324	4962.17
325	5000.96
326	5052.02
327	5109.04
328	5165.73
329	5215.83
330	5253.60
331	5275.94
332	5284.32
333	5282.36
334	5274.03
335	5263.28
336	5254.10
337	5250.44
338	5256.24
339	5274.57
340	5305.57
341	5346.05
342	5391.65
343	5437.93
344	5480.42
345	5514.66
346	5536.21
347	5540.81
348	5525.83
349	5492.73
350	5446.04
351	5390.99
352	5332.85
353	5276.91
354	5228.44
355	5192.71
356	5174.45
357	5175.89
358	5194.81
359	5226.94
360	5267.66
361	5312.34
362	5356.34
363	5395.04
364	5423.87
365	5439.05
366	5439.53
367	5427.15
368	5404.71
369	5375.07
370	5341.14
371	5305.77
372	5271.85
373	5242.17
374	5218.83
375	5202.43
376	5192.56
377	5188.61
378	5189.94
379	5195.93
380	5205.94
381	5219.34
382	5235.52
383	5253.87
384	5273.81
385	5294.78
386	5316.24
387	5337.61
388	5358.33
389	5377.86
390	5395.64
391	5411.17
392	5424.15
393	5434.40
394	5441.79
395	5446.19
396	5447.46
397	5445.49
398	5440.13
399	5431.36
400	5419.68
401	5406.47
402	5393.53
403	5382.73
404	5375.95
405	5375.06
406	5381.95
407	5398.42
408	5425.62
409	5462.55
410	5506.19
411	5552.89
412	5598.97
413	5640.73
414	5674.49
415	5696.57
416	5703.60
417	5693.93
418	5669.19
419	5632.75
420	5588.28
421	5539.46
422	5489.99
423	5443.53
424	5403.73
425	5373.64
426	5354.36
427	5345.03
428	5344.16
429	5350.20
430	5361.60
431	5376.81
432	5394.30
433	5412.59
434	5430.61
435	5448.11
436	5465.23
437	5482.21
438	5499.30
439	5516.73
440	5534.73
441	5553.54
442	5573.29
443	5593.77
444	5614.45
445	5634.71
446	5653.90
447	5671.38
448	5686.52
449	5698.67
450	5707.26
451	5712.01
452	5713.21
453	5711.42
454	5707.26
455	5701.34
456	5694.27
457	5686.67
458	5679.15
459	5672.27
460	5666.49
461	5662.12
462	5659.49
463	5658.89
464	5660.61
465	5664.97
466	5672.25
467	5682.68
468	5696.08
469	5711.68
470	5728.46
471	5745.36
472	5761.30
473	5775.22
474	5786.05
475	5792.78
476	5794.78
477	5792.46
478	5786.92
479	5779.45
480	5771.37
481	5763.96
482	5758.52
483	5756.36
484	5758.57
485	5765.53
486	5776.78
487	5791.53
488	5808.96
489	5828.25
490	5848.57
491	5869.11
492	5889.08
493	5907.84
494	5925.11
495	5940.76
496	5954.69
497	5966.83
498	5977.09
499	5985.37
500	5991.60
501	5995.82
502	5998.35
503	5999.79
504	6000.82
505	6002.12
506	6004.37
507	6008.24
508	6014.41
509	6023.36
510	6034.82
511	6047.48
512	6059.62
513	6069.48
514	6075.30
515	6075.29
516	6067.69
517	6050.93
518	6024.44
519	5989.82
520	5949.90
521	5907.73
522	5866.39
523	5828.95
524	5798.48
525	5777.94
526	5769.35
527	5771.92
528	5782.53
529	5797.40
530	5812.72
531	5824.64
532	5829.37
533	5823.10
534	5802.73
535	5767.68
536	5720.61
537	5665.36
538	5605.90
539	5546.20
540	5490.24
541	5441.98
542	5405.08
543	5381.56
544	5370.50
545	5369.55
546	5376.10
547	5387.53
548	5401.21
549	5414.54
550	5424.99
551	5430.63
552	5431.05
553	5426.87
554	5418.93
555	5408.08
556	5395.19
557	5381.11
558	5366.69
559	5352.76
560	5340.02
561	5329.06
562	5320.47
563	5314.80
564	5312.62
565	5314.50
566	5320.99
567	5332.59
568	5349.52
569	5371.64
570	5398.69
571	5430.38
572	5466.44
573	5506.58
574	5550.54
575	5597.96
576	5648.26
577	5700.45
578	5753.30
579	5805.59
580	5856.07
581	5903.51
582	5946.68
583	5984.44
584	6016.28
585	6043.00
586	6066.15
587	6087.46
588	6108.63
589	6131.40
590	6157.47
591	6188.48
592	6225.34
593	6267.16
594	6311.71
595	6356.43
596	6398.78
597	6436.17
598	6466.06
599	6485.93
600	6493.86
601	6489.70
602	6474.88
603	6451.29
604	6420.83
605	6385.44
606	6347.02
607	6307.48
608	6268.45
609	6230.62
610	6193.70
611	6157.05
612	6120.01
613	6081.92
614	6042.10
615	5999.91
616	5954.87
617	5907.16
618	5857.86
619	5808.36
620	5760.08
621	5714.44
622	5672.88
623	5636.82
624	5607.46
625	5585.07
626	5568.55
627	5556.23
628	5546.36
629	5537.18
630	5526.92
631	5513.86
632	5496.41
633	5473.90
634	5447.10
635	5417.49
636	5386.62
637	5356.07
638	5327.39
639	5302.16
640	5281.79
641	5266.98
642	5257.06
643	5250.71
644	5246.49
645	5242.95
646	5238.64
647	5232.13
648	5222.09
649	5207.93
650	5190.44
651	5171.17
652	5151.80
653	5134.01
654	5119.50
655	5109.94
656	5106.88
657	5111.07
658	5121.60
659	5136.67
660	5154.26
661	5172.37
662	5189.00
663	5202.14
664	5209.96
665	5211.63
666	5208.46
667	5203.00
668	5198.02
669	5196.33
670	5200.70
671	5213.94
672	5238.62
673	5276.13
674	5325.25
675	5383.25
676	5447.11
677	5513.82
678	5580.32
679	5643.61
680	5700.85
681	5750.42
682	5793.26
683	5831.72
684	5868.48
685	5906.21
686	5947.58
687	5995.26
688	6051.74
689	6118.56
690	6195.27
691	6280.32
692	6371.96
693	6468.42
694	6567.94
695	6668.76
696	6769.17
697	6867.76
698	6963.68
699	7056.39
700	7145.38
701	7230.17
702	7310.25
703	7385.15
704	7454.55
705	7519.04
706	7580.82
707	7642.85
708	7708.25
709	7780.13
710	7861.60
711	7955.76
712	8065.13
713	8189.65
714	8325.01
715	8465.07
716	8603.35
717	8733.41
718	8848.78
719	8943.04
720	9010.61
721	9049.39
722	9062.28
723	9054.20
724	9030.34
725	8995.88
726	8956.02
727	8915.89
728	8879.97
729	8850.17
730	8825.32
731	8803.06
732	8780.95
733	8756.55
734	8727.39
735	8691.07
736	8645.80
737	8591.77
738	8531.25
739	8467.16
740	8402.47
741	8340.17
742	8283.24
743	8234.59
744	8196.59
745	8170.08
746	8154.55
747	8149.14
748	8152.97
749	8165.15
750	8184.79
751	8211.00
752	8242.73
753	8278.62
754	8317.07
755	8356.46
756	8395.13
757	8431.44
758	8463.76
759	8490.59
760	8511.29
761	8526.93
762	8539.46
763	8551.04
764	8563.81
765	8579.93
766	8601.53
767	8630.40
768	8666.71
769	8708.12
770	8751.20
771	8792.38
772	8828.08
773	8854.70
774	8868.71
775	8867.29
776	8850.23
777	8820.35
778	8781.57
779	8737.89
780	8693.34
781	8651.93
782	8617.63
783	8593.95
784	8583.11
785	8586.20
786	8604.00
787	8637.26
788	8686.76
789	8753.24
790	8837.41
791	8939.63
792	9059.48
793	9196.04
794	9348.32
795	9515.29
796	9695.95
797	9889.27
798	10094.21
799	10309.47
800	10533.45
801	10764.35
802	11000.37
803	11239.69
804	11480.52
805	11721.05
806	11959.84
807	12196.54
808	12432.12
809	12667.96
810	12905.49
811	13146.15
812	13391.36
813	13642.62
814	13901.89
815	14172.40
816	14458.33
817	14764.09
818	15094.12
819	15452.84
820	15844.65
821	16273.36
822	16739.48
823	17237.47
824	17758.71
825	18294.02
826	18834.23
827	19370.15
828	19892.67
829	20393.70
830	20868.99
831	21318.89
832	21745.44
833	22150.79
834	22537.15
835	22906.71
836	23261.50
837	23602.55
838	23928.12
839	24234.38
840	24516.99
841	24771.56
842	24993.74
843	25179.17
844	25324.05
845	25427.45
846	25493.36
847	25528.13
848	25538.52
849	25531.27
850	25513.13
851	25490.84
852	25470.75
853	25458.00
854	25456.42
855	25469.44
856	25500.45
857	25552.85
858	25630.00
859	25734.92
860	25868.18
861	26024.92
862	26196.89
863	26375.16
864	26550.75
865	26714.68
866	26858.01
867	26972.56
868	27053.14
869	27098.53
870	27109.10
871	27085.36
872	27027.84
873	26937.07
874	26813.70
875	26659.32
876	26477.90
877	26275.26
878	26057.65
879	25831.34
880	25602.63
881	25377.74
882	25162.23
883	24958.49
884	24764.02
885	24574.20
886	24384.14
887	24188.92
888	23983.62
889	23763.59
890	23526.35
891	23275.71
892	23020.64
893	22771.54
894	22538.84
895	22333.02
896	22164.48
897	22042.48
898	21970.82
899	21944.33
900	21953.78
901	21989.36
902	22041.21
903	22099.51
904	22154.55
905	22198.24
906	22226.94
907	22240.78
908	22240.88
909	22228.45
910	22204.69
911	22170.81
912	22127.83
913	22076.06
914	22014.66
915	21942.25
916	21857.39
917	21758.63
918	21644.54
919	21513.82
920	21366.36
921	21205.23
922	21036.03
923	20864.97
924	20698.31
925	20542.28
926	20403.10
927	20286.24
928	20193.98
929	20124.18
930	20072.90
931	20035.99
932	20009.29
933	19988.63
934	19970.00
935	19950.38
936	19929.10
937	19907.08
938	19885.55
939	19865.76
940	19848.99
941	19836.45
942	19829.06
943	19826.51
944	19827.12
945	19828.79
946	19829.32
947	19826.54
948	19818.30
949	19802.72
950	19779.70
951	19752.32
952	19725.40
953	19704.01
954	19693.28
955	19698.29
956	19723.99
957	19773.92
958	19847.58
959	19941.08
960	20049.61
961	20168.32
962	20292.34
963	20416.80
964	20536.56
965	20645.52
966	20736.18
967	20800.54
968	20830.53
969	20818.06
970	20755.10
971	20634.12
972	20450.96
973	20208.35
974	19913.02
975	19572.46
976	19194.18
977	18785.71
978	18354.58
979	17908.60
980	17456.27
981	17006.71
982	16569.21
983	16153.11
984	15767.71
985	15422.25
986	15124.81
987	14878.78
988	14681.37
989	14527.45
990	14411.58
991	14328.36
992	14272.35
993	14238.33
994	14222.21
995	14221.97
996	14236.72
997	14265.79
998	14308.47
999	14364.10
1000	14432.03
1001	14511.86
1002	14603.89
1003	14708.91
1004	14827.85
1005	14961.62
1006	15111.15
1007	15277.31
1008	15460.04
1009	15656.31
1010	15859.94
1011	16063.73
1012	16260.39
1013	16442.66
1014	16603.29
1015	16735.95
1016	16838.13
1017	16912.91
1018	16965.63
1019	17001.90
1020	17027.38
1021	17047.68
1022	17068.21
1023	17092.90
1024	17123.03
1025	17158.44
1026	17198.70
1027	17243.41
1028	17292.12
1029	17344.38
1030	17399.46
1031	17455.95
1032	17512.02
1033	17565.71
1034	17615.09
1035	17658.19
1036	17693.12
1037	17718.45
1038	17734.18
1039	17741.55
1040	17742.14
1041	17737.54
1042	17729.37
1043	17719.27
1044	17709.49
1045	17704.39
1046	17710.61
1047	17735.59
1048	17786.81
1049	17871.79
1050	17997.97
1051	18171.89
1052	18396.33
1053	18669.03
1054	18985.70
1055	19341.86
1056	19733.00
1057	20154.58
1058	20601.74
1059	21067.89
1060	21543.70
1061	22018.61
1062	22481.86
1063	22922.68
1064	23330.34
1065	23695.02
1066	24011.87
1067	24285.45
1068	24525.25
1069	24741.59
1070	24944.84
1071	25145.34
1072	25352.77
1073	25572.51
1074	25800.83
1075	26028.59
1076	26245.57
1077	26441.49
1078	26606.08
1079	26729.29
1080	26802.59
1081	26821.01
1082	26782.00
1083	26683.48
1084	26523.44
1085	26299.86
1086	26010.90
1087	25656.25
1088	25239.48
1089	24766.92
1090	24245.62
1091	23682.63
1092	23085.03
1093	22459.97
1094	21815.30
1095	21160.78
1096	20507.62
1097	19867.43
1098	19251.84
1099	18672.46
1100	18140.66
1101	17665.30
1102	17248.35
1103	16886.11
1104	16573.36
1105	16304.80
1106	16075.11
1107	15878.99
1108	15711.18
1109	15566.50
1110	15439.87
1111	15326.24
1112	15220.55
1113	15117.74
1114	15012.77
1115	14900.79
1116	14777.43
1117	14638.76
1118	14480.96
1119	14300.22
1120	14092.72
1121	13854.81
1122	13584.16
1123	13282.30
1124	12953.92
1125	12604.55
1126	12239.80
1127	11865.29
1128	11486.63
1129	11109.67
1130	10740.83
1131	10386.99
1132	10055.17
1133	9752.36
1134	9485.59
1135	9261.53
1136	9084.18
1137	8950.50
1138	8852.18
1139	8779.62
1140	8723.10
1141	8672.96
1142	8619.79
1143	8556.48
1144	8481.41
1145	8396.79
1146	8305.71
1147	8211.30
1148	8116.69
1149	8024.94
1150	7938.62
1151	7859.22
1152	7787.52
1153	7724.20
1154	7669.89
1155	7625.25
1156	7590.87
1157	7566.95
1158	7552.99
1159	7548.06
1160	7551.17
1161	7561.32
1162	7577.51
1163	7598.69
1164	7623.63
1165	7650.73
1166	7678.25
1167	7704.38
1168	7727.35
1169	7745.38
1170	7756.87
1171	7761.07
1172	7758.40
1173	7749.83
1174	7736.35
1175	7719.00
1176	7698.79
1177	7676.77
1178	7654.12
1179	7632.13
1180	7612.17
1181	7595.62
1182	7583.83
1183	7578.14
1184	7579.53
1185	7587.87
1186	7601.91
1187	7620.08
1188	7640.80
1189	7662.46
1190	7683.51
1191	7702.75
1192	7719.90
1193	7735.39
1194	7749.81
1195	7763.79
1196	7777.94
1197	7792.82
1198	7808.79
1199	7825.68
1200	7843.04
1201	7860.38
1202	7877.18
1203	7892.93
1204	7907.27
1205	7920.42
1206	7933.63
1207	7948.61
1208	7967.13
1209	7990.98
1210	8021.92
1211	8061.54
1212	8110.70
1213	8169.46
1214	8237.53
1215	8314.62
1216	8400.42
1217	8494.60
1218	8596.61
1219	8705.21
1220	8818.58
1221	8934.71
1222	9051.63
1223	9167.32
1224	9279.95
1225	9388.66
1226	9494.78
1227	9600.95
1228	9710.12
1229	9825.23
1230	9949.22
1231	10084.88
1232	10234.23
1233	10398.12
1234	10576.90
1235	10770.81
1236	10980.14
1237	11205.16
1238	11446.57
1239	11706.38
1240	11987.96
1241	12295.17
1242	12631.90
1243	13002.02
1244	13409.28
1245	13856.48
1246	14344.06
1247	14870.84
1248	15435.29
1249	16035.83
1250	16670.85
1251	17338.00
1252	18031.21
1253	18738.32
1254	19444.33
1255	20133.85
1256	20791.44
1257	21401.88
1258	21952.59
1259	22439.71
1260	22868.52
1261	23247.21
1262	23584.22
1263	23887.98
1264	24166.24
1265	24421.95
1266	24647.16
1267	24826.93
1268	24944.81
1269	24984.25
1270	24928.90
1271	24765.44
1272	24493.84
1273	24133.00
1274	23709.64
1275	23251.45
1276	22786.16
1277	22341.04
1278	21938.85
1279	21589.58
1280	21292.50
1281	21043.94
1282	20840.03
1283	20676.97
1284	20551.73
1285	20465.64
1286	20427.76
1287	20450.96
1288	20548.79
1289	20734.79
1290	21022.18
1291	21420.31
1292	21925.79
1293	22522.26
1294	23189.33
1295	23906.29
1296	24652.37
1297	25406.45
1298	26145.13
1299	26840.42
1300	27461.71
1301	27977.90
1302	28357.90
1303	28570.99
1304	28592.29
1305	28417.41
1306	28064.89
1307	27560.99
1308	26932.72
1309	26207.08
1310	25410.74
1311	24568.33
1312	23700.03
1313	22823.43
1314	21955.57
1315	21113.49
1316	20314.03
1317	19570.97
1318	18887.41
1319	18254.37
1320	17658.79
1321	17087.22
1322	16526.23
1323	15963.16
1324	15390.05
1325	14808.71
1326	14226.46
1327	13651.73
1328	13092.96
1329	12558.53
1330	12055.62
1331	11587.46
1332	11153.23
1333	10750.79
1334	10377.89
1335	10032.29
1336	9711.88
1337	9415.23
1338	9142.25
1339	8893.45
1340	8669.51
1341	8471.07
1342	8298.70
1343	8152.24
1344	8029.32
1345	7925.62
1346	7836.33
1347	7756.56
1348	7681.48
1349	7606.58
1350	7528.97
1351	7448.11
1352	7364.52
1353	7278.80
1354	7191.59
1355	7103.58
1356	7015.81
1357	6930.20
1358	6849.26
1359	6775.62
1360	6711.92
1361	6660.75
1362	6623.90
1363	6600.45
1364	6586.45
1365	6576.94
1366	6566.89
1367	6551.26
1368	6525.34
1369	6486.13
1370	6433.62
1371	6369.22
1372	6294.61
1373	6211.45
1374	6121.38
1375	6025.78
1376	5925.33
1377	5820.19
1378	5710.42
1379	5596.06
1380	5477.19
1381	5354.50
1382	5230.93
1383	5111.89
1384	5003.69
1385	4912.69
1386	4845.25
1387	4806.99
1388	4800.01
1389	4820.38
1390	4861.35
1391	4915.70
1392	4976.24
1393	5036.03
1394	5090.31
1395	5139.40
1396	5187.02
1397	5237.68
1398	5295.91
1399	5366.13
1400	5451.46
1401	5551.00
1402	5659.92
1403	5772.25
1404	5881.94
1405	5982.97
1406	6070.63
1407	6145.40
1408	6214.73
1409	6288.82
1410	6378.16
1411	6493.24
1412	6643.81
1413	6835.63
1414	7067.17
1415	7333.24
1416	7628.05
1417	7945.77
1418	8281.14
1419	8633.00
1420	9009.72
1421	9426.01
1422	9898.01
1423	10441.93
1424	11073.85
1425	11808.88
1426	12659.19
1427	13634.43
1428	14743.54
1429	15995.43
1430	17398.49
1431	18954.33
1432	20640.70
1433	22408.84
1434	24201.04
1435	25958.79
1436	27623.72
1437	29141.28
1438	30472.81
1439	31601.84
1440	32520.73
1441	33222.98
1442	33702.20
1443	33954.09
1444	33984.75
1445	33817.89
1446	33485.61
1447	33021.27
1448	32458.28
1449	31829.26
1450	31162.03
1451	30474.97
1452	29781.15
1453	29092.66
1454	28421.52
1455	27778.81
1456	27169.19
1457	26582.56
1458	25999.31
1459	25397.75
1460	24756.13
1461	24053.54
1462	23275.98
1463	22427.22
1464	21524.04
1465	20586.44
1466	19634.54
1467	18688.23
1468	17764.77
1469	16874.17
1470	16020.43
1471	15205.97
1472	14433.09
1473	13704.00
1474	13019.94
1475	12379.23
1476	11777.55
1477	11209.83
1478	10670.95
1479	10155.88
1480	9660.90
1481	9186.38
1482	8736.64
1483	8317.21
1484	7933.70
1485	7591.59
1486	7294.68
1487	7041.29
1488	6824.17
1489	6634.29
1490	6462.52
1491	6299.77
1492	6138.21
1493	5973.98
1494	5807.45
1495	5640.29
1496	5474.32
1497	5311.33
1498	5152.96
1499	5000.39
1500	4854.29
1501	4715.16
1502	4583.51
1503	4459.80
1504	4344.33
1505	4236.73
1506	4136.01
1507	4040.96
1508	3950.33
1509	3862.93
1510	3777.87
1511	3695.24
1512	3616.08
1513	3541.74
1514	3473.60
1515	3412.97
1516	3360.63
1517	3315.72
1518	3275.90
1519	3238.36
1520	3200.30
1521	3158.99
1522	3112.66
1523	3062.25
1524	3010.96
1525	2962.62
1526	2921.08
1527	2890.01
1528	2871.63
1529	2864.28
1530	2863.41
1531	2863.77
1532	2860.07
1533	2847.20
1534	2821.59
1535	2783.15
1536	2734.15
1537	2677.35
1538	2615.54
1539	2551.49
1540	2487.74
1541	2426.44
1542	2369.48
1543	2318.69
1544	2275.92
1545	2242.74
1546	2219.43
1547	2203.96
1548	2193.18
1549	2183.78
1550	2172.46
1551	2156.52
1552	2135.95
1553	2114.55
1554	2097.74
1555	2091.12
1556	2100.22
1557	2129.17
1558	2177.09
1559	2237.21
1560	2300.76
1561	2358.77
1562	2402.40
1563	2424.46
1564	2422.74
1565	2399.48
1566	2358.25
1567	2302.71
1568	2236.57
1569	2163.89
1570	2089.63
1571	2019.36
1572	1958.82
1573	1913.70
1574	1889.21
1575	1887.74
1576	1906.23
1577	1938.74
1578	1978.82
1579	2020.04
1580	2056.51
1581	2084.76
1582	2104.76
1583	2117.87
1584	2125.62
1585	2129.59
1586	2131.45
1587	2133.35
1588	2137.87
1589	2147.74
1590	2165.69
1591	2194.27
1592	2234.69
1593	2284.75
1594	2339.78
1595	2394.56
1596	2443.85
1597	2482.88
1598	2509.36
1599	2525.56
1600	2536.03
1601	2545.68
1602	2559.40
1603	2581.48
1604	2613.85
1605	2655.56
1606	2704.64
1607	2759.00
1608	2816.56
1609	2875.66
1610	2935.60
1611	2996.54
1612	3058.82
1613	3122.82
1614	3189.04
1615	3258.85
1616	3335.14
1617	3421.65
1618	3522.25
1619	3640.81
1620	3781.03
1621	3945.97
1622	4137.95
1623	4359.00
1624	4611.12
1625	4896.22
1626	5215.45
1627	5568.00
1628	5951.62
1629	6363.72
1630	6801.70
1631	7263.46
1632	7749.29
1633	8263.41
1634	8811.83
1635	9400.84
1636	10036.91
1637	10728.37
1638	11489.43
1639	12339.95
1640	13301.54
1641	14395.87
1642	15643.73
1643	17060.41
1644	18650.14
1645	20410.96
1646	22339.75
1647	24432.74
1648	26677.37
1649	29029.31
1650	31407.49
1651	33718.13
1652	35866.23
1653	37757.99
1654	39308.36
1655	40451.94
1656	41135.87
1657	41309.98
1658	40925.06
1659	39946.35
1660	38395.05
1661	36363.24
1662	33969.36
1663	31334.64
1664	28578.69
1665	25808.22
1666	23099.74
1667	20509.68
1668	18089.95
1669	15891.87
1670	13959.33
1671	12307.60
1672	10915.66
1673	9748.97
1674	8771.54
1675	7947.99
1676	7247.59
1677	6650.17
1678	6142.26
1679	5711.83
1680	5346.97
1681	5036.15
1682	4769.31
1683	4538.11
1684	4334.80
1685	4151.71
1686	3981.48
1687	3818.71
1688	3662.02
1689	3512.21
1690	3370.56
1691	3238.31
1692	3116.68
1693	3006.63
1694	2908.94
1695	2824.31
1696	2753.44
1697	2696.93
1698	2654.96
1699	2627.00
1700	2612.18
1701	2609.57
1702	2618.15
1703	2636.00
1704	2658.89
1705	2680.86
1706	2695.56
1707	2696.70
1708	2679.59
1709	2645.47
1710	2602.84
1711	2562.82
1712	2536.75
1713	2535.23
1714	2564.58
1715	2622.92
1716	2704.06
1717	2801.02
1718	2906.97
1719	3016.56
1720	3128.56
1721	3245.11
1722	3369.21
1723	3503.93
1724	3652.49
1725	3818.56
1726	4006.49
1727	4220.80
1728	4466.04
1729	4746.29
1730	5063.01
1731	5412.87
1732	5790.14
1733	6188.65
1734	6602.11
1735	7023.25
1736	7442.40
1737	7848.09
1738	8228.46
1739	8571.71
1740	8867.22
1741	9108.42
1742	9292.89
1743	9419.55
1744	9487.42
1745	9495.46
1746	9442.28
1747	9326.06
1748	9144.74
1749	8896.29
1750	8579.44
1751	8197.41
1752	7762.11
1753	7290.13
1754	6798.94
1755	6305.70
1756	5825.06
1757	5365.39
1758	4930.63
1759	4523.64
1760	4147.16
1761	3802.98
1762	3490.06
1763	3204.71
1764	2942.48
1765	2698.91
1766	2470.57
1767	2257.82
1768	2065.45
1769	1899.86
1770	1767.55
1771	1673.91
1772	1619.42
1773	1597.27
1774	1597.60
1775	1610.17
1776	1625.22
1777	1635.65
1778	1639.14
1779	1635.77
1780	1625.99
1781	1610.30
1782	1589.29
1783	1563.79
1784	1534.73
1785	1503.08
1786	1469.84
1787	1436.11
1788	1403.26
1789	1372.86
1790	1346.53
1791	1325.78
1792	1311.27
1793	1301.40
1794	1292.84
1795	1281.79
1796	1264.60
1797	1239.28
1798	1208.55
1799	1179.30
1800	1159.51
1801	1157.06
1802	1177.55
1803	1219.60
1804	1275.16
1805	1334.24
1806	1386.80
1807	1424.30
1808	1443.01
1809	1444.09
1810	1430.22
1811	1404.25
1812	1369.54
1813	1331.15
1814	1295.99
1815	1271.51
1816	1265.06
1817	1281.44
1818	1316.85
1819	1358.14
1820	1389.12
1821	1393.63
1822	1359.74
1823	1289.94
1824	1202.30
1825	1120.00
1826	1066.29
1827	1059.20
1828	1099.33
1829	1168.85
1830	1244.00
1831	1300.95
1832	1320.98
1833	1302.13
1834	1259.25
1835	1212.44
1836	1181.78
1837	1182.32
1838	1213.64
1839	1260.75
1840	1304.38
1841	1325.48
1842	1310.51
1843	1261.68
1844	1194.75
1845	1129.22
1846	1084.12
1847	1072.62
1848	1092.33
1849	1128.92
1850	1165.12
1851	1184.25
1852	1175.59
1853	1142.39
1854	1097.37
1855	1055.28
1856	1030.13
1857	1030.43
1858	1053.25
1859	1089.10
1860	1127.21
1861	1157.48
1862	1173.65
1863	1176.17
1864	1168.79
1865	1155.82
1866	1141.41
1867	1128.99
1868	1120.96
1869	1119.28
1870	1125.79
1871	1141.55
1872	1164.75
1873	1190.19
1874	1211.53
1875	1222.48
1876	1218.62
1877	1201.19
1878	1176.54
1879	1152.50
1880	1136.70
1881	1134.44
1882	1145.36
1883	1165.13
1884	1188.51
1885	1210.39
1886	1226.46
1887	1234.05
1888	1231.34
1889	1216.67
1890	1189.15
1891	1151.02
1892	1108.95
1893	1071.40
1894	1046.89
1895	1041.69
1896	1054.80
1897	1077.88
1898	1100.27
1899	1111.54
1900	1104.37
1901	1079.22
1902	1042.03
1903	999.97
1904	959.92
1905	926.58
1906	900.81
1907	881.60
1908	867.62
1909	857.91
1910	852.84
1911	854.41
1912	865.17
1913	887.63
1914	923.22
1915	970.46
1916	1025.58
1917	1084.24
1918	1142.13
1919	1195.34
1920	1240.67
1921	1275.28
1922	1296.45
1923	1301.96
1924	1291.58
1925	1267.31
1926	1231.96
1927	1188.55
1928	1140.96
1929	1095.35
1930	1059.45
1931	1041.33
1932	1047.57
1933	1077.87
1934	1120.96
1935	1160.68
1936	1180.59
1937	1168.80
1938	1127.49
1939	1071.85
1940	1020.88
1941	992.40
1942	996.05
1943	1025.47
1944	1065.71
1945	1100.43
1946	1116.08
1947	1108.92
1948	1086.13
1949	1058.51
1950	1036.69
1951	1028.03
1952	1032.72
1953	1046.59
1954	1064.62
1955	1082.22
1956	1096.62
1957	1107.23
1958	1114.26
1959	1118.01
1960	1119.04
1961	1118.45
1962	1117.67
1963	1118.16
1964	1120.63
1965	1122.90
1966	1119.39
1967	1103.31
1968	1068.53
1969	1013.88
1970	948.96
1971	889.86
1972	853.70
1973	853.75
1974	889.81
1975	946.99
1976	1005.55
1977	1046.82
1978	1060.45
1979	1052.14
1980	1036.02
1981	1027.43
1982	1038.08
1983	1068.73
1984	1110.20
1985	1150.46
1986	1178.31
1987	1187.17
1988	1177.60
1989	1153.28
1990	1118.42
1991	1078.07
1992	1039.31
1993	1010.58
1994	1000.46
1995	1015.00
1996	1051.14
1997	1095.61
1998	1131.75
1999	1144.25
2000	1126.80
2001	1088.99
2002	1048.28
2003	1022.71
2004	1024.39
2005	1050.02
2006	1084.71
2007	1110.94
2008	1114.36
2009	1092.39
2010	1055.94
2011	1020.52
2012	1000.58
2013	1003.38
2014	1023.95
2015	1051.56
2016	1075.08
2017	1086.96
2018	1088.15
2019	1085.22
2020	1085.84
2021	1095.84
2022	1115.10
2023	1137.91
2024	1156.91
2025	1165.81
2026	1162.85
2027	1152.30
2028	1140.71
2029	1134.23
2030	1135.47
2031	1140.67
2032	1143.01
2033	1135.57
2034	1114.49
2035	1082.97
2036	1048.75
2037	1020.32
2038	1004.31
2039	1001.86
2040	1009.55
2041	1022.74
2042	1037.18
2043	1050.05
2044	1060.13
2045	1066.69
2046	1069.10
2047	1066.95
2048	1060.13
2049	1048.62
2050	1032.90
2051	1015.64
2052	1003.03
2053	1002.82
2054	1021.87
2055	1060.76
2056	1108.19
2057	1146.62
2058	1158.60
2059	1134.20
2060	1079.95
2061	1012.29
2062	949.15
2063	904.41
2064	881.88
2065	878.52
2066	889.75
2067	911.17
2068	939.10
2069	970.42
2070	1002.17
2071	1031.51
2072	1056.04
2073	1073.71
2074	1082.61
2075	1081.89
2076	1073.64
2077	1062.56
2078	1053.98
2079	1052.12
2080	1057.57
2081	1067.63
2082	1078.69
2083	1087.96
2084	1095.33
2085	1103.22
2086	1114.69
2087	1131.64
2088	1152.24
2089	1171.17
2090	1182.20
2091	1180.14
2092	1163.29
2093	1133.08
2094	1091.93
2095	1043.34
2096	993.67
2097	951.78
2098	926.87
2099	925.27
2100	945.20
2101	978.34
2102	1014.86
2103	1046.77
2104	1070.99
2105	1088.08
2106	1099.50
2107	1107.10
2108	1113.46
2109	1121.62
2110	1134.31
2111	1151.58
2112	1168.00
2113	1174.94
2114	1164.17
2115	1132.63
2116	1086.63
2117	1037.13
2118	994.92
2119	966.59
2120	952.33
2121	949.60
2122	955.65
2123	968.42
2124	986.64
2125	1009.34
2126	1035.27
2127	1062.22
2128	1087.06
2129	1106.48
2130	1118.17
2131	1122.52
2132	1121.98
2133	1119.38
2134	1116.59
2135	1113.46
2136	1108.67
2137	1101.62
2138	1096.17
2139	1103.44
2140	1137.48
2141	1207.64
2142	1304.21
2143	1395.02
2144	1441.38
2145	1417.85
2146	1338.50
2147	1250.51
2148	1206.10
2149	1232.60
2150	1303.47
2151	1360.85
2152	1349.25
2153	1251.49
2154	1107.67
2155	980.99
2156	924.10
2157	945.80
2158	1011.34
2159	1074.58
2160	1102.88
2161	1096.92
2162	1078.85
2163	1072.36
2164	1086.99
2165	1110.36
2166	1121.09
2167	1102.84
2168	1058.88
2169	1011.17
2170	985.46
2171	996.17
2172	1032.98
2173	1071.25
2174	1087.02
2175	1070.08
2176	1028.20
2177	975.70
2178	925.88
2179	887.42
2180	865.44
2181	863.16
2182	878.91
2183	903.26
2184	923.61
2185	929.55
2186	918.72
2187	895.93
2188	868.33
2189	844.74
2190	836.79
2191	857.01
2192	912.98
2193	995.93
2194	1081.42
2195	1142.17
2196	1160.94
2197	1139.77
2198	1090.54
2199	1026.72
2200	961.58
2201	908.06
2202	877.74
2203	875.46
2204	894.28
2205	921.64
2206	945.55
2207	958.23
2208	955.68
2209	936.01
2210	902.53
2211	866.35
2212	841.39
2213	837.42
2214	852.84
2215	877.88
2216	901.81
2217	917.37
2218	921.58
2219	913.45
2220	894.42
2221	870.48
2222	849.94
2223	839.58
2224	840.48
2225	848.73
2226	859.54
2227	870.35
2228	881.79
2229	895.54
2230	912.09
2231	929.02
2232	942.33
2233	948.54
2234	946.72
2235	938.17
2236	924.82
2237	908.55
2238	891.16
2239	874.14
2240	857.73
2241	839.76
2242	817.33
2243	791.68
2244	774.96
2245	786.56
2246	839.60
2247	920.61
2248	989.76
2249	1006.53
2250	961.59
2251	889.00
2252	835.67
2253	827.67
2254	849.98
2255	868.87
2256	859.65
2257	825.71
2258	787.82
2259	765.89
2260	767.12
2261	788.38
2262	822.73
2263	859.71
2264	885.62
2265	888.83
2266	869.19
2267	840.50
2268	819.95
2269	817.96
2270	834.49
2271	864.14
2272	895.70
2273	909.38
2274	884.91
2275	821.06
2276	753.31
2277	731.48
2278	779.20
2279	859.68
2280	905.91
2281	874.19
2282	786.44
2283	702.27
2284	667.65
2285	677.74
2286	696.23
2287	695.29
2288	684.45
2289	696.51
2290	751.46
2291	824.64
2292	863.62
2293	833.93
2294	760.94
2295	707.76
2296	720.06
2297	781.02
2298	835.02
2299	839.23
2300	800.31
2301	754.68
2302	733.31
2303	741.69
2304	770.27
2305	807.83
2306	845.62
2307	876.16
2308	891.48
2309	882.46
2310	842.26
2311	777.22
2312	713.59
2313	679.83
2314	679.59
2315	683.52
2316	660.67
2317	617.08
2318	598.61
2319	646.13
2320	747.37
2321	845.05
2322	889.84
2323	883.65
2324	861.75
2325	850.02
2326	839.72
2327	808.15
2328	753.68
2329	711.49
2330	720.78
2331	779.46
2332	837.89
2333	849.42
2334	821.59
2335	803.84
2336	830.25
2337	877.13
2338	893.69
2339	857.02
2340	796.22
2341	754.44
2342	749.19
2343	768.91
2344	796.67
2345	824.66
2346	850.74
2347	868.96
2348	865.12
2349	828.47
2350	772.99
2351	736.76
2352	746.25
2353	781.84
2354	800.58
2355	786.73
2356	773.07
2357	795.84
2358	842.16
2359	859.99
2360	822.70
2361	773.62
2362	773.75
2363	822.30
2364	850.84
2365	809.83
2366	740.80
2367	722.78
2368	772.76
2369	822.87
2370	807.83
2371	739.61
2372	674.16
2373	645.77
2374	648.22
2375	664.84
2376	688.54
2377	718.61
2378	753.03
2379	785.87
2380	805.72
2381	793.12
2382	735.73
2383	659.96
2384	624.55
2385	657.99
2386	716.66
2387	741.07
2388	721.70
2389	691.72
2390	688.46
2391	734.99
2392	816.81
2393	852.54
2394	768.17
2395	625.04
2396	581.81
2397	690.06
2398	813.26
2399	824.30
2400	773.16
2401	772.10
2402	819.36
2403	824.77
2404	767.89
2405	736.40
2406	785.56
2407	846.48
2408	830.58
2409	741.51
2410	641.61
2411	584.42
2412	596.14
2413	668.14
2414	759.14
2415	823.62
2416	830.29
2417	776.18
2418	701.49
2419	655.55
2420	659.23
2421	704.45
2422	755.77
2423	770.46
2424	735.72
2425	675.14
2426	639.29
2427	677.13
2428	762.00
2429	796.53
2430	759.86
2431	751.89
2432	826.39
2433	908.50
2434	918.44
2435	854.42
2436	763.60
2437	711.93
2438	735.24
2439	805.97
2440	862.09
2441	842.85
2442	756.44
2443	702.17
2444	733.73
2445	785.50
2446	778.64
2447	697.34
2448	600.63
2449	587.31
2450	652.97
