150	3664.36
151	3647.63
152	3633.52
153	3629.41
154	3635.29
155	3649.35
156	3669.22
157	3692.50
158	3716.78
159	3739.66
160	3758.72
161	3771.59
162	3776.28
163	3772.37
164	3761.33
165	3745.34
166	3726.64
167	3707.47
168	3690.08
169	3676.72
170	3669.61
171	3670.62
172	3680.29
173	3697.45
174	3720.34
175	3747.12
176	3775.96
177	3805.00
178	3832.42
179	3856.40
180	3875.43
181	3889.20
182	3898.85
183	3906.08
184	3912.62
185	3920.21
186	3930.62
187	3945.57
188	3966.78
189	3995.65
190	4032.27
191	4075.25
192	4122.67
193	4172.54
194	4222.87
195	4271.67
196	4316.96
197	4356.77
198	4389.44
199	4414.36
200	4432.12
201	4443.71
202	4450.16
203	4452.51
204	4451.77
205	4449.00
206	4445.20
207	4441.36
208	4438.23
209	4436.38
210	4436.29
211	4438.46
212	4443.38
213	4451.52
214	4463.37
215	4479.41
216	4499.86
217	4524.29
218	4551.59
219	4580.46
220	4609.60
221	4637.69
222	4663.43
223	4685.52
224	4702.66
225	4713.91
226	4719.18
227	4719.12
228	4714.58
229	4706.41
230	4695.48
231	4682.63
232	4668.74
233	4654.66
234	4641.22
235	4629.25
236	4619.53
237	4612.83
238	4609.93
239	4611.62
240	4618.67
241	4631.87
242	4651.89
243	4678.86
244	4711.63
245	4748.31
246	4786.83
247	4825.12
248	4861.12
249	4892.75
250	4917.96
251	4934.88
252	4942.76
253	4942.84
254	4937.43
255	4928.98
256	4920.00
257	4912.94
258	4910.30
259	4914.54
260	4927.81
261	4950.91
262	4982.56
263	5020.57
264	5062.67
265	5106.55
266	5149.92
267	5190.48
268	5225.95
269	5254.32
270	5274.57
271	5286.88
272	5291.85
273	5290.13
274	5282.34
275	5269.14
276	5251.18
277	5229.11
278	5203.80
279	5176.74
280	5149.99
281	5125.76
282	5106.31
283	5093.86
284	5090.65
285	5098.92
286	5120.74
287	5156.92
288	5205.19
289	5261.14
290	5319.83
291	5376.33
292	5425.67
293	5462.90
294	5483.10
295	5481.81
296	5457.17
297	5412.35
298	5353.12
299	5285.70
300	5216.36
301	5151.35
302	5096.92
303	5059.29
304	5043.80
305	5052.25
306	5081.42
307	5126.10
308	5180.85
309	5240.19
310	5298.68
311	5350.85
312	5391.32
313	5415.78
314	5423.26
315	5416.10
316	5397.65
317	5371.34
318	5340.62
319	5308.92
320	5279.67
321	5256.17
322	5240.83
323	5233.82
324	5233.82
325	5239.18
326	5248.19
327	5259.20
328	5270.50
329	5280.44
330	5287.44
331	5290.55
332	5289.84
333	5285.85
334	5279.20
335	5270.53
336	5260.45
337	5249.59
338	5238.58
339	5227.97
340	5218.05
341	5208.83
342	5200.22
343	5192.12
344	5184.44
345	5177.06
346	5169.90
347	5162.87
348	5155.94
349	5149.31
350	5143.29
351	5138.24
352	5134.54
353	5132.53
354	5132.59
355	5135.07
356	5140.25
357	5148.07
358	5157.86
359	5168.62
360	5179.35
361	5189.03
362	5196.63
363	5201.13
364	5201.53
365	5197.15
366	5188.42
367	5176.88
368	5164.51
369	5153.29
370	5145.20
371	5142.22
372	5146.35
373	5159.44
374	5182.46
375	5214.34
376	5252.71
377	5294.88
378	5338.19
379	5379.93
380	5417.42
381	5448.00
382	5469.33
383	5480.49
384	5482.57
385	5477.51
386	5467.33
387	5454.05
388	5439.72
389	5426.35
390	5415.94
391	5410.04
392	5408.98
393	5412.14
394	5418.60
395	5427.44
396	5437.74
397	5448.57
398	5459.01
399	5468.22
400	5475.76
401	5481.89
402	5487.19
403	5492.30
404	5497.88
405	5504.55
406	5512.96
407	5523.74
408	5537.27
409	5553.23
410	5570.58
411	5588.09
412	5604.50
413	5618.57
414	5629.04
415	5634.66
416	5634.30
417	5627.42
418	5614.69
419	5597.35
420	5576.79
421	5554.39
422	5531.52
423	5509.57
424	5489.89
425	5473.61
426	5461.08
427	5451.88
428	5445.32
429	5440.71
430	5437.34
431	5434.51
432	5431.53
433	5427.77
434	5423.03
435	5417.97
436	5413.68
437	5411.32
438	5412.07
439	5417.10
440	5427.60
441	5444.69
442	5469.07
443	5499.96
444	5535.14
445	5571.93
446	5607.62
447	5639.52
448	5664.90
449	5681.07
450	5685.63
451	5677.76
452	5659.51
453	5634.40
454	5606.17
455	5578.59
456	5555.40
457	5540.36
458	5537.14
459	5548.32
460	5573.33
461	5608.83
462	5650.67
463	5694.65
464	5736.57
465	5772.24
466	5797.47
467	5808.62
468	5804.48
469	5787.65
470	5762.40
471	5733.26
472	5704.73
473	5681.33
474	5667.59
475	5667.81
476	5684.72
477	5717.02
478	5760.49
479	5810.21
480	5861.25
481	5908.65
482	5947.47
483	5972.81
484	5980.66
485	5970.36
486	5945.30
487	5910.34
488	5870.52
489	5830.85
490	5796.38
491	5772.09
492	5762.65
493	5770.56
494	5794.10
495	5829.25
496	5871.58
497	5916.61
498	5959.88
499	5996.94
500	6023.43
501	6036.13
502	6035.06
503	6023.06
504	6003.75
505	5980.83
506	5957.97
507	5938.85
508	5927.13
509	5925.91
510	5936.06
511	5955.35
512	5980.36
513	6007.49
514	6033.16
515	6053.79
516	6065.79
517	6065.82
518	6051.96
519	6025.29
520	5988.55
521	5944.82
522	5897.19
523	5848.76
524	5802.61
525	5761.76
526	5728.55
527	5703.32
528	5684.76
529	5671.05
530	5660.38
531	5650.93
532	5640.86
533	5628.37
534	5611.88
535	5590.70
536	5565.25
537	5536.38
538	5504.99
539	5471.96
540	5438.18
541	5404.55
542	5371.96
543	5341.30
544	5313.50
545	5289.48
546	5270.16
547	5256.46
548	5249.31
549	5249.62
550	5258.24
551	5275.27
552	5299.16
553	5327.17
554	5356.31
555	5383.58
556	5405.95
557	5420.43
558	5424.09
559	5414.90
560	5393.59
561	5363.53
562	5328.88
563	5293.81
564	5262.54
565	5239.27
566	5228.15
567	5232.68
568	5253.73
569	5288.83
570	5334.26
571	5386.18
572	5440.72
573	5494.03
574	5542.27
575	5581.98
576	5611.48
577	5632.18
578	5646.87
579	5658.57
580	5670.30
581	5685.09
582	5705.96
583	5735.74
584	5776.01
585	5825.78
586	5882.55
587	5943.50
588	6005.83
589	6066.71
590	6123.33
591	6172.97
592	6213.60
593	6245.06
594	6268.50
595	6285.41
596	6297.29
597	6305.64
598	6311.96
599	6317.72
600	6323.98
601	6330.69
602	6336.75
603	6340.75
604	6341.28
605	6336.91
606	6326.24
607	6307.85
608	6280.69
609	6244.81
610	6201.48
611	6152.37
612	6099.19
613	6043.66
614	5987.49
615	5932.39
616	5879.91
617	5831.09
618	5786.24
619	5745.44
620	5708.71
621	5676.10
622	5647.64
623	5623.37
624	5603.21
625	5586.72
626	5572.87
627	5560.37
628	5547.92
629	5534.19
630	5517.87
631	5497.67
632	5472.44
633	5441.87
634	5407.00
635	5369.53
636	5331.21
637	5293.85
638	5259.20
639	5229.06
640	5205.03
641	5187.98
642	5177.29
643	5171.66
644	5169.65
645	5169.84
646	5170.78
647	5171.04
648	5169.29
649	5164.85
650	5158.21
651	5150.56
652	5143.17
653	5137.34
654	5134.36
655	5135.52
656	5141.97
657	5154.12
658	5170.78
659	5189.92
660	5209.31
661	5226.72
662	5239.93
663	5246.72
664	5245.08
665	5234.29
666	5216.34
667	5194.78
668	5173.49
669	5156.33
670	5147.19
671	5149.94
672	5168.19
673	5203.87
674	5255.40
675	5319.18
676	5391.18
677	5467.35
678	5543.65
679	5616.04
680	5680.72
681	5735.27
682	5780.20
683	5817.66
684	5850.17
685	5880.24
686	5910.38
687	5943.10
688	5980.83
689	6025.47
690	6077.88
691	6138.34
692	6207.00
693	6284.03
694	6369.58
695	6463.80
696	6566.73
697	6677.65
698	6794.42
699	6914.21
700	7033.99
701	7150.79
702	7261.58
703	7363.39
704	7453.58
705	7531.32
706	7599.01
707	7660.62
708	7720.38
709	7782.53
710	7851.31
711	7930.95
712	8025.05
713	8134.38
714	8255.10
715	8381.33
716	8506.86
717	8625.51
718	8731.05
719	8817.33
720	8879.00
721	8914.24
722	8926.16
723	8919.93
724	8900.95
725	8874.65
726	8846.44
727	8821.71
728	8804.99
729	8797.80
730	8797.87
731	8801.58
732	8805.18
733	8804.90
734	8796.98
735	8777.73
736	8744.26
737	8696.38
738	8636.72
739	8568.74
740	8496.03
741	8422.15
742	8350.66
743	8285.07
744	8228.31
745	8181.64
746	8144.93
747	8117.64
748	8099.22
749	8089.13
750	8086.81
751	8091.70
752	8103.21
753	8120.66
754	8143.30
755	8170.38
756	8201.14
757	8234.83
758	8270.68
759	8307.98
760	8346.26
761	8385.48
762	8425.88
763	8467.73
764	8511.31
765	8556.91
766	8604.78
767	8655.02
768	8706.85
769	8758.21
770	8806.45
771	8848.82
772	8882.60
773	8905.06
774	8913.49
775	8905.86
776	8882.47
777	8846.40
778	8801.69
779	8752.46
780	8702.87
781	8657.04
782	8619.06
783	8592.56
784	8579.85
785	8582.10
786	8600.15
787	8634.84
788	8686.99
789	8757.42
790	8846.90
791	8955.73
792	9083.19
793	9227.94
794	9388.50
795	9563.38
796	9751.10
797	9950.16
798	10159.10
799	10376.43
800	10600.72
801	10830.55
802	11064.48
803	11301.10
804	11538.96
805	11776.68
806	12013.14
807	12248.27
808	12483.21
809	12719.47
810	12958.61
811	13202.20
812	13451.79
813	13708.98
814	13975.64
815	14254.35
816	14548.25
817	14860.60
818	15194.66
819	15553.73
820	15941.04
821	16359.40
822	16809.14
823	17286.06
824	17783.60
825	18294.85
826	18812.85
827	19330.65
828	19841.34
829	20338.68
830	20818.85
831	21280.96
832	21725.22
833	22151.88
834	22561.24
835	22953.57
836	23329.06
837	23686.99
838	24024.29
839	24336.12
840	24617.21
841	24862.25
842	25065.94
843	25223.00
844	25329.04
845	25384.07
846	25395.79
847	25375.54
848	25335.28
849	25286.97
850	25242.59
851	25213.96
852	25211.14
853	25238.18
854	25292.87
855	25370.94
856	25467.99
857	25579.58
858	25701.29
859	25828.79
860	25958.38
861	26087.73
862	26215.41
863	26340.13
864	26460.64
865	26575.68
866	26683.96
867	26783.84
868	26872.25
869	26944.21
870	26993.99
871	27015.78
872	27003.77
873	26952.16
874	26855.47
875	26710.98
876	26523.09
877	26301.54
878	26057.39
879	25801.79
880	25545.87
881	25300.70
882	25076.21
883	24876.86
884	24698.87
885	24534.79
886	24376.73
887	24216.73
888	24046.86
889	23859.47
890	23649.60
891	23419.85
892	23179.08
893	22937.83
894	22706.76
895	22496.52
896	22317.71
897	22179.89
898	22087.57
899	22037.07
900	22020.95
901	22031.24
902	22059.94
903	22099.04
904	22140.67
905	22178.05
906	22207.56
907	22228.22
908	22239.78
909	22242.02
910	22234.74
911	22217.71
912	22190.62
913	22152.71
914	22102.50
915	22038.19
916	21957.92
917	21859.86
918	21742.17
919	21603.15
920	21442.53
921	21263.77
922	21073.25
923	20878.09
924	20685.45
925	20502.50
926	20336.36
927	20193.43
928	20077.04
929	19986.20
930	19918.20
931	19870.12
932	19839.02
933	19821.97
934	19816.03
935	19818.38
936	19826.38
937	19837.48
938	19849.22
939	19859.10
940	19864.64
941	19863.38
942	19853.37
943	19834.37
944	19808.13
945	19777.09
946	19743.73
947	19710.55
948	19680.04
949	19654.59
950	19636.06
951	19625.31
952	19622.67
953	19628.39
954	19642.72
955	19665.88
956	19698.13
957	19739.68
958	19790.68
959	19851.23
960	19921.42
961	20001.32
962	20091.04
963	20190.59
964	20299.10
965	20411.97
966	20519.57
967	20610.29
968	20672.29
969	20693.72
970	20662.77
971	20568.34
972	20403.91
973	20172.32
974	19881.84
975	19541.76
976	19161.43
977	18750.19
978	18317.39
979	17872.25
980	17423.63
981	16980.12
982	16550.18
983	16142.32
984	15765.01
985	15426.67
986	15134.63
987	14891.89
988	14695.74
989	14541.27
990	14423.32
991	14336.74
992	14276.35
993	14237.21
994	14215.46
995	14209.31
996	14218.10
997	14241.35
998	14278.59
999	14329.37
1000	14393.22
1001	14469.74
1002	14558.69
1003	14659.94
1004	14773.40
1005	14898.98
1006	15036.56
1007	15186.03
1008	15346.79
1009	15516.72
1010	15692.11
1011	15868.71
1012	16042.23
1013	16208.40
1014	16362.96
1015	16502.05
1016	16623.67
1017	16728.38
1018	16817.86
1019	16893.89
1020	16958.29
1021	17012.86
1022	17059.36
1023	17099.42
1024	17134.39
1025	17165.44
1026	17193.74
1027	17220.44
1028	17246.70
1029	17273.65
1030	17302.11
1031	17332.26
1032	17363.79
1033	17396.32
1034	17429.42
1035	17462.70
1036	17495.75
1037	17528.14
1038	17559.43
1039	17589.13
1040	17616.75
1041	17641.79
1042	17663.76
1043	17682.23
1044	17697.60
1045	17713.19
1046	17735.51
1047	17772.15
1048	17830.79
1049	17919.13
1050	18044.80
1051	18214.62
1052	18432.01
1053	18695.79
1054	19002.98
1055	19350.41
1056	19734.87
1057	20153.14
1058	20601.42
1059	21073.15
1060	21557.29
1061	22040.78
1062	22510.23
1063	22952.28
1064	23353.58
1065	23701.99
1066	23991.99
1067	24230.53
1068	24431.05
1069	24608.16
1070	24776.50
1071	24950.65
1072	25144.28
1073	25364.86
1074	25606.80
1075	25856.72
1076	26099.69
1077	26320.71
1078	26504.80
1079	26637.39
1080	26707.12
1081	26710.02
1082	26647.05
1083	26520.29
1084	26331.85
1085	26083.85
1086	25778.48
1087	25418.55
1088	25008.46
1089	24553.72
1090	24060.12
1091	23533.48
1092	22979.61
1093	22404.38
1094	21814.12
1095	21216.48
1096	20620.05
1097	20033.73
1098	19466.40
1099	18926.94
1100	18424.04
1101	17964.47
1102	17549.61
1103	17176.50
1104	16840.96
1105	16538.78
1106	16265.71
1107	16017.61
1108	15790.86
1109	15583.48
1110	15394.85
1111	15224.75
1112	15072.94
1113	14939.20
1114	14823.15
1115	14722.73
1116	14631.20
1117	14537.79
1118	14430.67
1119	14297.90
1120	14127.60
1121	13908.23
1122	13632.02
1123	13301.68
1124	12928.72
1125	12526.96
1126	12110.41
1127	11693.05
1128	11288.63
1129	10908.62
1130	10558.33
1131	10238.11
1132	9947.02
1133	9684.04
1134	9448.15
1135	9238.32
1136	9053.30
1137	8891.32
1138	8750.23
1139	8627.77
1140	8521.69
1141	8429.72
1142	8349.63
1143	8279.44
1144	8217.74
1145	8163.51
1146	8115.85
1147	8073.83
1148	8036.56
1149	8003.12
1150	7972.66
1151	7944.41
1152	7917.66
1153	7891.71
1154	7865.86
1155	7839.42
1156	7811.81
1157	7783.07
1158	7754.48
1159	7728.02
1160	7705.81
1161	7689.95
1162	7682.56
1163	7685.40
1164	7698.65
1165	7719.66
1166	7744.40
1167	7768.65
1168	7788.17
1169	7798.73
1170	7796.67
1171	7780.68
1172	7752.95
1173	7717.14
1174	7677.08
1175	7636.64
1176	7599.63
1177	7569.44
1178	7547.75
1179	7534.20
1180	7527.70
1181	7527.09
1182	7531.20
1183	7538.88
1184	7549.15
1185	7561.56
1186	7576.22
1187	7593.37
1188	7613.28
1189	7636.23
1190	7662.42
1191	7691.74
1192	7723.12
1193	7754.82
1194	7784.88
1195	7811.36
1196	7832.31
1197	7845.95
1198	7851.42
1199	7849.95
1200	7843.95
1201	7836.07
1202	7828.98
1203	7825.33
1204	7827.67
1205	7837.88
1206	7856.81
1207	7884.82
1208	7922.22
1209	7969.31
1210	8026.36
1211	8093.41
1212	8169.60
1213	8253.01
1214	8341.30
1215	8432.11
1216	8523.07
1217	8611.86
1218	8696.85
1219	8778.30
1220	8858.11
1221	8938.66
1222	9022.34
1223	9111.55
1224	9208.60
1225	9315.06
1226	9431.00
1227	9555.52
1228	9687.53
1229	9825.94
1230	9969.66
1231	10117.90
1232	10271.18
1233	10432.08
1234	10604.09
1235	10790.84
1236	10995.95
1237	11223.01
1238	11475.04
1239	11753.16
1240	12056.50
1241	12383.55
1242	12732.75
1243	13102.53
1244	13491.52
1245	13899.84
1246	14331.22
1247	14791.88
1248	15288.61
1249	15828.25
1250	16417.55
1251	17061.76
1252	17758.67
1253	18493.82
1254	19247.12
1255	19997.58
1256	20724.22
1257	21406.26
1258	22025.80
1259	22574.47
1260	23053.87
1261	23468.75
1262	23824.18
1263	24125.18
1264	24376.51
1265	24580.81
1266	24735.98
1267	24836.88
1268	24877.68
1269	24852.54
1270	24755.69
1271	24582.83
1272	24336.02
1273	24026.45
1274	23669.02
1275	23279.12
1276	22872.17
1277	22463.42
1278	22066.90
1279	21693.04
1280	21349.24
1281	21042.11
1282	20778.17
1283	20563.99
1284	20406.14
1285	20311.53
1286	20287.55
1287	20341.88
1288	20482.22
1289	20716.29
1290	21051.51
1291	21491.91
1292	22030.41
1293	22648.66
1294	23324.73
1295	24036.44
1296	24761.57
1297	25477.90
1298	26163.02
1299	26794.24
1300	27348.68
1301	27803.42
1302	28135.54
1303	28322.42
1304	28345.49
1305	28200.55
1306	27899.39
1307	27459.27
1308	26897.92
1309	26233.09
1310	25482.69
1311	24665.43
1312	23801.86
1313	22913.53
1314	22022.23
1315	21149.77
1316	20317.68
1317	19544.04
1318	18834.60
1319	18181.24
1320	17571.12
1321	16990.98
1322	16427.52
1323	15868.18
1324	15304.59
1325	14737.02
1326	14170.72
1327	13611.88
1328	13066.70
1329	12541.39
1330	12041.51
1331	11570.55
1332	11129.90
1333	10720.25
1334	10342.25
1335	9996.53
1336	9683.55
1337	9402.85
1338	9152.27
1339	8928.78
1340	8729.21
1341	8550.40
1342	8389.17
1343	8242.57
1344	8108.15
1345	7983.96
1346	7868.15
1347	7758.92
1348	7654.43
1349	7553.11
1350	7454.31
1351	7358.82
1352	7268.06
1353	7183.50
1354	7106.63
1355	7038.86
1356	6980.91
1357	6931.93
1358	6890.02
1359	6853.03
1360	6818.80
1361	6785.19
1362	6750.36
1363	6713.47
1364	6674.80
1365	6635.01
1366	6594.78
1367	6554.81
1368	6515.58
1369	6476.61
1370	6435.71
1371	6389.87
1372	6335.93
1373	6270.73
1374	6191.29
1375	6095.93
1376	5986.39
1377	5866.96
1378	5742.52
1379	5618.01
1380	5498.32
1381	5387.84
1382	5289.13
1383	5202.72
1384	5128.41
1385	5065.95
1386	5015.06
1387	4975.55
1388	4947.40
1389	4930.99
1390	4926.86
1391	4935.59
1392	4957.74
1393	4993.83
1394	5043.85
1395	5106.65
1396	5180.26
1397	5262.57
1398	5351.42
1399	5444.68
1400	5540.31
1401	5636.48
1402	5731.58
1403	5824.10
1404	5912.51
1405	5995.33
1406	6071.65
1407	6142.99
1408	6214.12
1409	6291.07
1410	6380.03
1411	6487.17
1412	6618.43
1413	6778.41
1414	6969.33
1415	7192.21
1416	7447.82
1417	7736.97
1418	8060.64
1419	8421.13
1420	8823.85
1421	9276.30
1422	9786.40
1423	10362.14
1424	11011.58
1425	11744.02
1426	12572.14
1427	13511.65
1428	14579.05
1429	15790.91
1430	17163.23
1431	18704.01
1432	20393.20
1433	22179.60
1434	24001.47
1435	25796.13
1436	27501.07
1437	29057.83
1438	30424.87
1439	31584.24
1440	32527.45
1441	33247.19
1442	33736.28
1443	33989.89
1444	34014.99
1445	33838.54
1446	33496.95
1447	33028.13
1448	32469.98
1449	31859.15
1450	31224.87
1451	30581.52
1452	29935.22
1453	29290.53
1454	28651.95
1455	28023.47
1456	27405.62
1457	26790.98
1458	26167.00
1459	25520.02
1460	24836.35
1461	24102.88
1462	23311.42
1463	22466.25
1464	21580.88
1465	20671.06
1466	19752.64
1467	18841.26
1468	17950.18
1469	17086.15
1470	16250.54
1471	15443.26
1472	14664.15
1473	13913.09
1474	13190.48
1475	12498.26
1476	11839.78
1477	11218.81
1478	10639.12
1479	10104.42
1480	9617.35
1481	9177.27
1482	8780.37
1483	8421.86
1484	8096.88
1485	7800.58
1486	7528.19
1487	7275.29
1488	7037.78
1489	6811.66
1490	6592.93
1491	6377.67
1492	6162.91
1493	5948.69
1494	5738.31
1495	5536.06
1496	5346.32
1497	5173.40
1498	5020.56
1499	4887.65
1500	4770.91
1501	4665.43
1502	4566.20
1503	4468.31
1504	4367.92
1505	4264.75
1506	4162.17
1507	4064.67
1508	3976.87
1509	3903.23
1510	3846.76
1511	3805.77
1512	3773.96
1513	3743.62
1514	3706.97
1515	3656.38
1516	3586.40
1517	3498.02
1518	3398.20
1519	3295.61
1520	3199.05
1521	3117.10
1522	3056.25
1523	3017.10
1524	2995.27
1525	2985.05
1526	2980.64
1527	2976.32
1528	2967.20
1529	2950.50
1530	2925.00
1531	2889.90
1532	2844.42
1533	2787.98
1534	2721.51
1535	2649.43
1536	2578.50
1537	2515.97
1538	2469.11
1539	2444.58
1540	2445.40
1541	2467.03
1542	2500.64
1543	2536.55
1544	2565.11
1545	2577.40
1546	2568.38
1547	2539.83
1548	2496.85
1549	2445.08
1550	2390.17
1551	2337.56
1552	2291.80
1553	2256.15
1554	2233.33
1555	2226.00
1556	2236.74
1557	2266.85
1558	2313.08
1559	2366.90
1560	2417.93
1561	2455.60
1562	2469.62
1563	2452.63
1564	2406.08
1565	2339.41
1566	2264.36
1567	2192.83
1568	2136.32
1569	2103.07
1570	2093.41
1571	2102.16
1572	2122.86
1573	2148.97
1574	2174.28
1575	2194.24
1576	2207.58
1577	2214.70
1578	2216.35
1579	2213.28
1580	2206.29
1581	2196.48
1582	2185.32
1583	2174.47
1584	2165.57
1585	2160.28
1586	2160.14
1587	2166.27
1588	2179.40
1589	2200.12
1590	2229.00
1591	2266.51
1592	2312.10
1593	2362.74
1594	2413.63
1595	2459.53
1596	2495.20
1597	2515.97
1598	2520.13
1599	2511.34
1600	2495.97
1601	2480.83
1602	2472.70
1603	2477.44
1604	2497.42
1605	2530.76
1606	2574.04
1607	2623.66
1608	2676.10
1609	2728.77
1610	2781.44
1611	2835.85
1612	2894.23
1613	2958.85
1614	3031.89
1615	3115.03
1616	3209.05
1617	3314.21
1618	3430.71
1619	3558.76
1620	3699.01
1621	3853.65
1622	4026.73
1623	4223.01
1624	4447.29
1625	4704.29
1626	4998.03
1627	5330.72
1628	5703.24
1629	6116.15
1630	6569.97
1631	7064.94
1632	7599.84
1633	8171.10
1634	8774.05
1635	9403.89
1636	10056.25
1637	10732.02
1638	11448.69
1639	12239.69
1640	13143.31
1641	14198.10
1642	15440.33
1643	16892.26
1644	18547.99
1645	20385.88
1646	22381.31
1647	24509.22
1648	26739.94
1649	29027.27
1650	31305.81
1651	33503.52
1652	35547.74
1653	37366.01
1654	38887.62
1655	40045.76
1656	40776.07
1657	41014.77
1658	40699.02
1659	39781.89
1660	38278.05
1661	36280.19
1662	33910.02
1663	31292.37
1664	28550.32
1665	25793.57
1666	23100.32
1667	20527.85
1668	18128.77
1669	15955.03
1670	14050.76
1671	12429.97
1672	11068.44
1673	9927.71
1674	8967.80
1675	8149.57
1676	7440.10
1677	6820.55
1678	6281.05
1679	5813.67
1680	5410.56
1681	5063.80
1682	4765.28
1683	4506.63
1684	4279.40
1685	4075.16
1686	3885.87
1687	3706.01
1688	3535.13
1689	3375.63
1690	3230.45
1691	3102.51
1692	2994.14
1693	2905.90
1694	2836.60
1695	2784.53
1696	2747.92
1697	2724.82
1698	2712.35
1699	2706.12
1700	2701.02
1701	2691.87
1702	2673.68
1703	2643.43
1704	2603.06
1705	2558.21
1706	2515.41
1707	2481.23
1708	2461.66
1709	2460.54
1710	2479.13
1711	2517.73
1712	2576.53
1713	2655.38
1714	2752.17
1715	2861.04
1716	2974.13
1717	3083.28
1718	3180.60
1719	3261.32
1720	3329.20
1721	3394.92
1722	3471.02
1723	3570.03
1724	3703.19
1725	3876.65
1726	4090.26
1727	4341.54
1728	4627.77
1729	4945.91
1730	5291.27
1731	5656.10
1732	6031.13
1733	6406.83
1734	6773.91
1735	7125.19
1736	7458.87
1737	7777.01
1738	8082.62
1739	8378.58
1740	8665.47
1741	8936.25
1742	9175.93
1743	9366.99
1744	9491.80
1745	9534.59
1746	9487.78
1747	9355.64
1748	9147.38
1749	8872.82
1750	8541.76
1751	8163.65
1752	7747.31
1753	7301.18
1754	6833.67
1755	6353.20
1756	5868.61
1757	5389.64
1758	4926.74
1759	4490.51
1760	4091.34
1761	3737.36
1762	3429.79
1763	3163.41
1764	2931.12
1765	2725.75
1766	2540.97
1767	2373.62
1768	2224.26
1769	2094.79
1770	1987.21
1771	1902.96
1772	1841.00
1773	1796.62
1774	1763.55
1775	1735.35
1776	1705.92
1777	1671.21
1778	1630.75
1779	1585.88
1780	1538.21
1781	1489.45
1782	1441.53
1783	1396.95
1784	1358.53
1785	1329.15
1786	1311.53
1787	1307.36
1788	1315.79
1789	1334.28
1790	1359.87
1791	1389.59
1792	1420.47
1793	1449.52
1794	1473.74
1795	1490.13
1796	1495.77
1797	1488.52
1798	1468.53
1799	1437.95
1800	1399.43
1801	1355.74
1802	1310.02
1803	1266.58
1804	1230.91
1805	1208.81
1806	1205.93
1807	1225.85
1808	1265.43
1809	1314.70
1810	1361.54
1811	1393.89
1812	1402.28
1813	1386.01
1814	1353.66
1815	1316.81
1816	1287.13
1817	1274.00
1818	1278.95
1819	1295.04
1820	1312.53
1821	1321.60
1822	1314.48
1823	1290.51
1824	1256.63
1825	1222.33
1826	1197.13
1827	1188.60
1828	1197.65
1829	1218.18
1830	1241.83
1831	1260.19
1832	1266.73
1833	1261.02
1834	1248.75
1835	1237.53
1836	1234.89
1837	1246.05
1838	1269.03
1839	1295.05
1840	1313.35
1841	1313.38
1842	1288.12
1843	1240.71
1844	1183.02
1845	1129.32
1846	1093.50
1847	1084.97
1848	1101.28
1849	1130.85
1850	1159.87
1851	1175.02
1852	1167.77
1853	1140.97
1854	1105.03
1855	1072.09
1856	1053.61
1857	1056.47
1858	1077.98
1859	1109.91
1860	1143.01
1861	1168.64
1862	1181.70
1863	1183.32
1864	1177.71
1865	1169.54
1866	1162.96
1867	1159.72
1868	1158.06
1869	1154.77
1870	1146.55
1871	1131.18
1872	1110.59
1873	1091.44
1874	1082.08
1875	1090.72
1876	1122.37
1877	1172.40
1878	1227.46
1879	1271.66
1880	1289.73
1881	1272.47
1882	1225.41
1883	1164.36
1884	1107.48
1885	1071.72
1886	1066.63
1887	1087.65
1888	1122.78
1889	1158.75
1890	1183.58
1891	1191.08
1892	1183.16
1893	1165.06
1894	1142.38
1895	1120.14
1896	1101.43
1897	1087.40
1898	1078.57
1899	1075.35
1900	1077.64
1901	1084.02
1902	1092.18
1903	1099.59
1904	1104.00
1905	1104.65
1906	1103.42
1907	1103.53
1908	1108.34
1909	1120.38
1910	1139.07
1911	1160.05
1912	1177.64
1913	1186.17
1914	1181.27
1915	1162.17
1916	1130.90
1917	1090.21
1918	1043.37
1919	996.07
1920	958.54
1921	943.31
1922	963.04
1923	1026.35
1924	1127.09
1925	1241.80
1926	1341.03
1927	1396.02
1928	1388.35
1929	1325.38
1930	1232.92
1931	1141.00
1932	1077.06
1933	1055.15
1934	1068.15
1935	1099.47
1936	1131.46
1937	1149.90
1938	1151.15
1939	1141.36
1940	1129.57
1941	1124.28
1942	1129.77
1943	1142.12
1944	1152.95
1945	1153.26
1946	1136.21
1947	1102.69
1948	1062.12
1949	1026.76
1950	1008.41
1951	1014.05
1952	1040.21
1953	1077.05
1954	1113.52
1955	1140.23
1956	1154.06
1957	1159.48
1958	1163.68
1959	1173.69
1960	1193.69
1961	1221.44
1962	1250.62
1963	1274.06
1964	1285.20
1965	1279.82
1966	1256.46
1967	1214.69
1968	1154.78
1969	1080.88
1970	1005.57
1971	946.44
1972	921.77
1973	944.53
1974	1009.32
1975	1090.65
1976	1156.51
1977	1177.06
1978	1138.06
1979	1055.28
1980	960.29
1981	886.82
1982	861.11
1983	886.64
1984	946.26
1985	1016.94
1986	1077.20
1987	1114.52
1988	1130.22
1989	1131.64
1990	1126.77
1991	1121.98
1992	1119.79
1993	1119.96
1994	1121.65
1995	1123.66
1996	1123.86
1997	1118.95
1998	1105.31
1999	1079.85
2000	1042.48
2001	998.46
2002	955.69
2003	922.29
2004	904.79
2005	905.48
2006	923.49
2007	957.13
2008	1004.01
2009	1059.47
2010	1116.23
2011	1166.13
2012	1201.55
2013	1217.96
2014	1216.08
2015	1199.11
2016	1170.68
2017	1135.02
2018	1097.64
2019	1064.93
2020	1043.28
2021	1037.09
2022	1044.53
2023	1057.85
2024	1067.65
2025	1065.83
2026	1050.08
2027	1025.73
2028	1000.99
2029	983.98
2030	980.28
2031	991.07
2032	1015.31
2033	1051.18
2034	1094.08
2035	1133.06
2036	1153.07
2037	1138.86
2038	1081.85
2039	992.26
2040	896.05
2041	822.99
2042	797.27
2043	823.40
2044	884.84
2045	958.36
2046	1022.30
2047	1063.88
2048	1082.06
2049	1080.36
2050	1063.32
2051	1037.69
2052	1013.83
2053	1003.66
2054	1017.83
2055	1058.56
2056	1112.05
2057	1156.18
2058	1168.95
2059	1139.08
2060	1078.55
2061	1013.38
2062	971.33
2063	971.64
2064	1012.66
2065	1078.48
2066	1150.17
2067	1211.17
2068	1251.50
2069	1266.21
2070	1251.94
2071	1208.46
2072	1144.09
2073	1074.25
2074	1015.94
2075	982.89
2076	978.80
2077	998.52
2078	1034.39
2079	1078.64
2080	1123.66
2081	1162.05
2082	1186.59
2083	1192.08
2084	1179.46
2085	1155.38
2086	1128.13
2087	1104.77
2088	1088.34
2089	1078.08
2090	1072.14
2091	1068.88
2092	1067.53
2093	1068.11
2094	1070.92
2095	1076.51
2096	1086.23
2097	1102.08
2098	1125.97
2099	1156.95
2100	1186.33
2101	1199.17
2102	1179.83
2103	1120.59
2104	1034.30
2105	948.86
2106	894.34
2107	889.88
2108	928.68
2109	986.93
2110	1038.46
2111	1065.77
2112	1069.74
2113	1061.80
2114	1054.63
2115	1056.55
2116	1067.93
2117	1085.15
2118	1104.12
2119	1121.63
2120	1135.78
2121	1145.28
2122	1149.45
2123	1149.65
2124	1149.74
2125	1154.33
2126	1166.21
2127	1182.08
2128	1192.68
2129	1187.57
2130	1161.87
2131	1125.78
2132	1100.90
2133	1109.80
2134	1162.79
2135	1244.03
2136	1322.48
2137	1367.59
2138	1365.67
2139	1330.49
2140	1287.88
2141	1260.62
2142	1253.68
2143	1250.95
2144	1229.77
2145	1175.71
2146	1099.69
2147	1033.78
2148	1013.08
2149	1055.36
2150	1140.90
2151	1228.17
2152	1276.51
2153	1268.45
2154	1221.25
2155	1166.32
2156	1130.23
2157	1118.09
2158	1113.63
2159	1095.31
2160	1050.16
2161	986.19
2162	924.82
2163	887.59
2164	883.36
2165	901.35
2166	922.69
2167	931.88
2168	927.64
2169	922.22
2170	930.81
2171	961.50
2172	1006.86
2173	1050.46
2174	1075.92
2175	1074.07
2176	1045.18
2177	993.42
2178	926.27
2179	858.78
2180	811.55
2181	803.46
2182	838.71
2183	898.01
2184	952.17
2185	977.07
2186	967.94
2187	937.31
2188	902.12
2189	877.19
2190	872.86
2191	896.86
2192	951.95
2193	1026.42
2194	1094.74
2195	1129.72
2196	1117.62
2197	1070.16
2198	1011.79
2199	964.91
2200	938.83
2201	930.29
2202	932.49
2203	939.55
2204	947.70
2205	954.16
2206	956.12
2207	950.20
2208	932.61
2209	901.33
2210	863.07
2211	837.84
2212	849.68
2213	909.39
2214	992.97
2215	1052.17
2216	1043.89
2217	966.03
2218	866.45
2219	806.06
2220	818.29
2221	878.81
2222	933.07
2223	936.36
2224	889.26
2225	831.97
2226	809.07
2227	837.17
2228	893.01
2229	939.36
2230	950.22
2231	927.16
2232	887.65
2233	849.08
2234	819.44
2235	798.28
2236	783.38
2237	774.48
2238	774.18
2239	785.69
2240	809.77
2241	842.38
2242	876.81
2243	904.62
2244	914.07
2245	891.64
2246	830.19
2247	745.24
2248	674.75
2249	656.59
2250	699.57
2251	772.13
2252	830.74
2253	851.26
2254	847.77
2255	851.47
2256	882.65
2257	930.06
2258	963.43
2259	958.75
2260	920.61
2261	876.10
2262	850.91
2263	847.07
2264	843.00
2265	815.30
2266	761.06
2267	702.69
2268	667.47
2269	665.10
2270	678.77
2271	683.49
2272	666.64
2273	638.41
2274	618.42
2275	621.14
2276	648.43
2277	695.05
2278	751.40
2279	801.29
2280	826.04
2281	815.06
2282	777.09
2283	732.32
2284	699.50
2285	688.37
2286	702.14
2287	738.53
2288	785.12
2289	823.71
2290	842.58
2291	849.23
2292	862.89
2293	893.30
2294	920.27
2295	905.72
2296	827.89
2297	714.01
2298	621.24
2299	593.76
2300	630.27
2301	701.14
2302	774.68
2303	827.83
2304	844.99
2305	824.79
2306	791.48
2307	778.91
2308	801.43
2309	835.23
2310	843.64
2311	813.74
2312	772.87
2313	757.64
2314	773.87
2315	785.07
2316	750.79
2317	671.32
2318	591.69
2319	558.15
2320	577.77
2321	623.21
2322	666.17
2323	699.78
2324	731.55
2325	766.85
2326	799.91
2327	820.87
2328	828.66
2329	837.03
2330	861.00
2331	897.77
2332	923.93
2333	915.82
2334	868.82
2335	794.98
2336	712.94
2337	646.22
2338	617.23
2339	631.22
2340	666.98
2341	697.25
2342	711.62
2343	718.35
2344	729.53
2345	752.37
2346	789.08
2347	834.64
2348	873.65
2349	889.11
2350	874.37
2351	834.61
2352	779.51
2353	720.85
2354	671.84
2355	647.09
2356	661.80
2357	718.83
2358	783.18
2359	794.82
2360	732.83
2361	665.39
2362	679.38
2363	770.61
2364	836.41
2365	801.24
2366	721.23
2367	706.41
2368	775.96
2369	826.67
2370	772.13
2371	667.84
2372	635.98
2373	705.39
2374	770.81
2375	737.64
2376	649.16
2377	615.29
2378	670.47
2379	743.99
2380	769.70
2381	768.55
2382	796.06
2383	857.07
2384	901.11
2385	891.94
2386	849.59
2387	809.89
2388	778.90
2389	742.26
2390	707.00
2391	711.73
2392	769.93
2393	816.85
2394	775.65
2395	667.20
2396	592.51
2397	605.87
2398	662.50
2399	706.71
2400	741.97
2401	790.77
2402	829.76
2403	809.17
2404	739.20
2405	706.13
2406	762.04
2407	851.04
2408	892.30
2409	866.28
2410	800.54
2411	738.09
2412	717.95
2413	744.90
2414	784.49
2415	798.05
2416	765.72
2417	702.49
2418	671.41
2419	716.36
2420	784.57
2421	799.89
2422	783.70
2423	807.12
2424	853.04
2425	839.34
2426	772.99
2427	751.60
2428	790.34
2429	792.81
2430	742.12
2431	754.67
2432	856.35
2433	894.14
2434	804.03
2435	745.30
2436	806.74
2437	837.72
2438	745.29
2439	678.45
2440	746.72
2441	838.98
2442	857.22
2443	860.48
2444	882.63
2445	840.48
2446	712.23
2447	609.53
2448	600.89
2449	642.33
2450	678.61
