150	4517.02
151	4516.68
152	4522.28
153	4536.54
154	4559.16
155	4588.36
156	4621.88
157	4657.39
158	4692.57
159	4725.11
160	4752.68
161	4772.99
162	4784.17
163	4785.94
164	4780.01
165	4768.80
166	4754.78
167	4740.48
168	4728.37
169	4720.96
170	4720.72
171	4729.69
172	4748.29
173	4774.93
174	4807.25
175	4842.83
176	4879.23
177	4914.03
178	4944.79
179	4969.12
180	4985.06
181	4992.36
182	4992.90
183	4989.30
184	4984.26
185	4980.50
186	4980.73
187	4987.67
188	5003.98
189	5031.80
190	5071.23
191	5119.95
192	5174.79
193	5232.49
194	5289.79
195	5343.43
196	5390.16
197	5426.75
198	5450.59
199	5461.20
200	5460.53
201	5451.31
202	5436.39
203	5418.59
204	5400.75
205	5385.68
206	5376.21
207	5374.71
208	5382.26
209	5398.50
210	5422.65
211	5453.90
212	5491.41
213	5534.37
214	5581.95
215	5633.31
216	5687.51
217	5743.25
218	5798.89
219	5852.73
220	5903.00
221	5948.00
222	5985.98
223	6015.21
224	6034.03
225	6041.43
226	6038.25
227	6026.88
228	6010.11
229	5990.75
230	5971.61
231	5955.52
232	5945.29
233	5943.62
234	5952.33
235	5971.03
236	5997.71
237	6030.03
238	6065.57
239	6101.96
240	6136.81
241	6167.73
242	6192.45
243	6209.47
244	6218.99
245	6222.25
246	6220.66
247	6215.69
248	6208.78
249	6201.38
250	6194.93
251	6190.79
252	6189.77
253	6191.72
254	6196.01
255	6201.90
256	6208.66
257	6215.55
258	6221.84
259	6226.80
260	6229.86
261	6231.10
262	6231.62
263	6232.97
264	6236.73
265	6244.50
266	6257.88
267	6278.45
268	6307.80
269	6347.03
270	6395.63
271	6451.07
272	6510.16
273	6569.60
274	6626.11
275	6676.40
276	6717.20
277	6745.26
278	6758.11
279	6755.45
280	6739.00
281	6711.10
282	6674.12
283	6630.43
284	6582.41
285	6532.42
286	6482.81
287	6435.63
288	6392.21
289	6353.43
290	6320.02
291	6292.73
292	6272.29
293	6259.43
294	6254.91
295	6259.32
296	6272.65
297	6293.64
298	6320.40
299	6350.90
300	6383.13
301	6415.08
302	6444.73
303	6470.07
304	6489.31
305	6501.58
306	6507.29
307	6507.37
308	6502.80
309	6494.55
310	6483.62
311	6471.00
312	6457.66
313	6444.47
314	6431.97
315	6420.37
316	6409.76
317	6400.25
318	6391.93
319	6384.90
320	6379.25
321	6375.07
322	6372.45
323	6371.40
324	6371.95
325	6374.08
326	6377.79
327	6383.07
328	6389.93
329	6398.35
330	6408.32
331	6419.68
332	6432.12
333	6445.22
334	6458.54
335	6471.66
336	6484.14
337	6495.54
338	6505.44
339	6513.45
340	6519.31
341	6522.90
342	6524.16
343	6523.05
344	6519.50
345	6513.47
346	6504.90
347	6493.75
348	6480.07
349	6464.15
350	6446.46
351	6427.53
352	6407.85
353	6387.95
354	6368.34
355	6349.53
356	6332.03
357	6316.24
358	6302.43
359	6290.78
360	6281.48
361	6274.72
362	6270.66
363	6269.50
364	6271.40
365	6276.45
366	6284.42
367	6294.75
368	6306.78
369	6319.84
370	6333.25
371	6346.34
372	6358.43
373	6368.89
374	6377.38
375	6384.23
376	6390.18
377	6396.09
378	6402.81
379	6411.20
380	6422.11
381	6436.39
382	6454.70
383	6476.95
384	6501.98
385	6528.17
386	6553.85
387	6577.37
388	6597.04
389	6611.21
390	6618.27
391	6617.20
392	6608.61
393	6594.44
394	6577.00
395	6558.61
396	6541.59
397	6528.28
398	6520.99
399	6521.79
400	6531.55
401	6549.04
402	6572.02
403	6598.11
404	6624.91
405	6650.03
406	6671.05
407	6685.65
408	6691.98
409	6689.87
410	6680.73
411	6666.43
412	6648.89
413	6630.02
414	6611.74
415	6595.95
416	6584.46
417	6578.41
418	6577.74
419	6581.73
420	6589.54
421	6600.33
422	6613.28
423	6627.54
424	6642.27
425	6656.67
426	6670.01
427	6681.64
428	6690.93
429	6697.27
430	6700.04
431	6698.62
432	6692.39
433	6680.80
434	6663.73
435	6641.83
436	6616.17
437	6587.93
438	6558.25
439	6528.30
440	6499.25
441	6472.24
442	6448.35
443	6428.36
444	6412.76
445	6401.99
446	6396.44
447	6396.52
448	6402.65
449	6415.23
450	6434.53
451	6460.20
452	6490.68
453	6523.82
454	6557.39
455	6589.12
456	6616.78
457	6638.10
458	6650.92
459	6653.81
460	6647.52
461	6634.78
462	6618.84
463	6603.01
464	6590.60
465	6584.90
466	6589.19
467	6606.34
468	6637.14
469	6679.24
470	6728.88
471	6782.13
472	6835.02
473	6883.60
474	6923.92
475	6952.17
476	6965.85
477	6965.65
478	6954.56
479	6936.16
480	6914.04
481	6891.80
482	6873.04
483	6861.31
484	6859.62
485	6868.87
486	6887.36
487	6912.50
488	6941.59
489	6971.91
490	7000.75
491	7025.41
492	7043.39
493	7053.19
494	7055.41
495	7051.79
496	7044.25
497	7034.72
498	7025.15
499	7017.49
500	7013.61
501	7015.02
502	7021.95
503	7033.60
504	7048.87
505	7066.65
506	7085.81
507	7105.23
508	7123.79
509	7140.49
510	7154.69
511	7166.34
512	7175.58
513	7182.58
514	7187.52
515	7190.57
516	7191.92
517	7191.70
518	7189.96
519	7186.43
520	7180.74
521	7172.44
522	7161.12
523	7146.34
524	7127.68
525	7104.74
526	7077.36
527	7046.03
528	7011.84
529	6976.05
530	6939.90
531	6904.65
532	6871.55
533	6841.83
534	6816.50
535	6795.59
536	6777.93
537	6761.91
538	6745.86
539	6728.13
540	6707.05
541	6680.97
542	6648.42
543	6608.87
544	6563.54
545	6514.49
546	6463.92
547	6414.05
548	6367.08
549	6325.22
550	6290.59
551	6264.61
552	6247.02
553	6236.38
554	6231.03
555	6229.27
556	6229.39
557	6229.71
558	6228.56
559	6224.76
560	6218.54
561	6211.49
562	6205.59
563	6202.87
564	6205.33
565	6214.99
566	6233.86
567	6263.54
568	6304.21
569	6354.14
570	6410.95
571	6472.17
572	6535.31
573	6597.89
574	6657.45
575	6711.76
576	6759.81
577	6802.58
578	6842.00
579	6880.13
580	6919.05
581	6960.83
582	7007.53
583	7061.07
584	7122.34
585	7190.11
586	7261.92
587	7335.04
588	7406.76
589	7474.35
590	7535.09
591	7586.36
592	7626.33
593	7655.25
594	7674.83
595	7687.17
596	7694.37
597	7698.56
598	7701.83
599	7706.24
600	7713.29
601	7722.84
602	7733.22
603	7742.36
604	7748.15
605	7748.49
606	7741.25
607	7724.38
608	7696.26
609	7656.89
610	7608.00
611	7551.92
612	7491.02
613	7427.67
614	7364.23
615	7303.07
616	7246.25
617	7194.68
618	7147.82
619	7104.59
620	7063.83
621	7024.38
622	6985.08
623	6944.80
624	6902.50
625	6857.68
626	6810.63
627	6761.97
628	6712.34
629	6662.40
630	6612.83
631	6564.27
632	6517.41
633	6473.07
634	6432.27
635	6396.13
636	6365.79
637	6342.39
638	6327.08
639	6320.97
640	6325.00
641	6339.05
642	6361.07
643	6388.06
644	6416.85
645	6444.27
646	6467.14
647	6482.29
648	6486.79
649	6479.02
650	6459.95
651	6431.92
652	6397.53
653	6359.39
654	6320.09
655	6282.25
656	6248.36
657	6220.24
658	6198.35
659	6182.40
660	6171.95
661	6166.55
662	6165.73
663	6169.06
664	6176.11
665	6186.58
666	6200.47
667	6217.97
668	6239.27
669	6264.58
670	6294.10
671	6328.04
672	6366.56
673	6409.48
674	6455.95
675	6504.72
676	6554.48
677	6603.88
678	6651.60
679	6696.33
680	6736.84
681	6772.70
682	6805.03
683	6835.86
684	6867.40
685	6901.87
686	6941.47
687	6988.42
688	7044.78
689	7111.72
690	7188.61
691	7273.82
692	7365.54
693	7461.94
694	7561.20
695	7661.51
696	7761.12
697	7858.79
698	7954.21
699	8047.57
700	8139.14
701	8229.19
702	8318.00
703	8405.84
704	8493.08
705	8580.50
706	8669.69
707	8762.55
708	8861.10
709	8967.33
710	9083.25
711	9210.84
712	9351.62
713	9504.97
714	9666.85
715	9831.64
716	9993.53
717	10146.65
718	10285.18
719	10403.32
720	10496.02
721	10561.49
722	10602.56
723	10623.91
724	10630.49
725	10627.23
726	10619.07
727	10610.92
728	10606.92
729	10608.46
730	10613.52
731	10618.86
732	10621.07
733	10616.80
734	10602.64
735	10575.28
736	10532.30
737	10474.24
738	10404.65
739	10328.09
740	10249.17
741	10172.51
742	10102.74
743	10044.38
744	10001.08
745	9973.90
746	9961.75
747	9962.93
748	9975.73
749	9998.41
750	10029.23
751	10066.50
752	10108.75
753	10155.00
754	10204.66
755	10257.21
756	10312.15
757	10368.96
758	10427.13
759	10486.09
760	10544.87
761	10601.79
762	10654.74
763	10701.55
764	10740.04
765	10768.03
766	10783.36
767	10784.23
768	10770.54
769	10744.76
770	10710.53
771	10671.63
772	10631.86
773	10595.00
774	10564.82
775	10544.58
776	10535.68
777	10537.42
778	10548.31
779	10566.80
780	10591.34
781	10620.37
782	10652.43
783	10686.93
784	10725.78
785	10773.08
786	10833.51
787	10911.81
788	11012.71
789	11140.93
790	11300.89
791	11495.01
792	11721.25
793	11974.78
794	12250.19
795	12542.03
796	12844.87
797	13153.26
798	13462.16
799	13768.24
800	14071.05
801	14371.41
802	14670.34
803	14968.89
804	15268.07
805	15568.91
806	15872.17
807	16177.74
808	16484.55
809	16791.16
810	17096.13
811	17398.00
812	17695.32
813	17986.82
814	18272.59
815	18556.46
816	18845.00
817	19145.51
818	19465.29
819	19811.67
820	20191.96
821	20612.70
822	21076.49
823	21578.53
824	22110.32
825	22662.70
826	23226.46
827	23792.43
828	24351.49
829	24895.64
830	25421.04
831	25928.84
832	26422.03
833	26903.73
834	27377.09
835	27845.25
836	28311.12
837	28775.61
838	29234.44
839	29679.38
840	30101.20
841	30490.63
842	30838.41
843	31135.31
844	31373.25
845	31549.90
846	31672.92
847	31754.79
848	31808.75
849	31848.05
850	31885.96
851	31935.60
852	32008.13
853	32108.24
854	32233.79
855	32380.43
856	32543.63
857	32718.87
858	32901.60
859	33087.33
860	33271.85
861	33451.59
862	33623.36
863	33784.06
864	33930.60
865	34059.86
866	34168.77
867	34254.22
868	34313.13
869	34342.48
870	34339.22
871	34300.33
872	34222.76
873	34103.50
874	33939.79
875	33731.11
876	33482.66
877	33204.02
878	32905.81
879	32598.71
880	32293.40
881	32000.52
882	31729.45
883	31483.91
884	31258.93
885	31045.76
886	30835.13
887	30617.73
888	30384.29
889	30125.82
890	29836.42
891	29518.77
892	29182.65
893	28839.78
894	28501.98
895	28181.08
896	27888.86
897	27636.07
898	27428.52
899	27263.96
900	27136.49
901	27039.65
902	26966.97
903	26911.98
904	26868.29
905	26830.25
906	26794.39
907	26759.02
908	26722.94
909	26685.00
910	26644.04
911	26598.87
912	26548.23
913	26490.27
914	26422.25
915	26341.10
916	26243.63
917	26126.69
918	25987.10
919	25821.95
920	25630.23
921	25416.20
922	25188.17
923	24955.48
924	24727.53
925	24513.73
926	24323.42
927	24164.68
928	24040.24
929	23945.37
930	23872.34
931	23813.02
932	23759.30
933	23703.05
934	23636.53
935	23554.54
936	23457.93
937	23351.56
938	23241.15
939	23132.46
940	23031.26
941	22943.25
942	22872.90
943	22820.38
944	22780.97
945	22748.28
946	22715.77
947	22676.88
948	22625.09
949	22554.64
950	22464.05
951	22359.83
952	22252.66
953	22153.97
954	22075.20
955	22027.79
956	22022.83
957	22068.01
958	22161.46
959	22293.21
960	22451.12
961	22622.94
962	22796.38
963	22959.21
964	23099.99
965	23210.56
966	23287.15
967	23327.72
968	23330.44
969	23293.48
970	23215.03
971	23093.41
972	22927.91
973	22719.78
974	22471.39
975	22185.33
976	21864.20
977	21510.60
978	21127.28
979	20718.31
980	20291.69
981	19858.83
982	19432.12
983	19024.01
984	18646.93
985	18313.26
986	18033.74
987	17812.85
988	17646.70
989	17528.24
990	17450.04
991	17404.66
992	17384.69
993	17383.16
994	17395.80
995	17423.34
996	17469.19
997	17537.24
998	17631.37
999	17755.48
1000	17913.23
1001	18106.35
1002	18331.57
1003	18581.93
1004	18849.52
1005	19126.42
1006	19404.69
1007	19676.47
1008	19935.01
1009	20177.25
1010	20403.99
1011	20617.24
1012	20819.14
1013	21011.85
1014	21197.47
1015	21377.72
1016	21552.50
1017	21719.14
1018	21873.92
1019	22012.98
1020	22132.45
1021	22228.48
1022	22297.71
1023	22339.51
1024	22358.43
1025	22361.79
1026	22357.37
1027	22352.98
1028	22356.43
1029	22375.18
1030	22414.13
1031	22472.09
1032	22543.70
1033	22622.61
1034	22702.47
1035	22776.91
1036	22839.69
1037	22886.03
1038	22915.38
1039	22930.85
1040	22936.63
1041	22936.96
1042	22936.07
1043	22938.22
1044	22948.00
1045	22971.12
1046	23014.51
1047	23085.52
1048	23191.55
1049	23339.98
1050	23538.16
1051	23792.36
1052	24104.59
1053	24471.05
1054	24885.70
1055	25342.19
1056	25834.18
1057	26355.32
1058	26898.97
1059	27457.14
1060	28019.66
1061	28575.34
1062	29112.85
1063	29620.88
1064	30088.14
1065	30504.45
1066	30865.82
1067	31179.91
1068	31460.46
1069	31722.28
1070	31980.18
1071	32248.99
1072	32542.47
1073	32867.78
1074	33217.95
1075	33577.69
1076	33929.99
1077	34257.80
1078	34544.06
1079	34772.11
1080	34928.00
1081	35004.17
1082	34997.34
1083	34905.13
1084	34725.25
1085	34455.38
1086	34093.43
1087	33639.01
1088	33096.03
1089	32471.57
1090	31773.42
1091	31009.45
1092	30187.49
1093	29315.58
1094	28403.10
1095	27463.13
1096	26511.62
1097	25565.29
1098	24640.87
1099	23755.09
1100	22924.43
1101	22162.76
1102	21476.80
1103	20867.37
1104	20333.74
1105	19875.06
1106	19490.49
1107	19179.08
1108	18938.65
1109	18763.65
1110	18645.65
1111	18575.43
1112	18543.75
1113	18541.33
1114	18558.83
1115	18586.00
1116	18610.04
1117	18616.02
1118	18588.38
1119	18511.54
1120	18369.95
1121	18148.57
1122	17837.50
1123	17441.28
1124	16976.48
1125	16462.92
1126	15920.61
1127	15369.58
1128	14829.46
1129	14316.57
1130	13838.18
1131	13394.23
1132	12982.82
1133	12601.89
1134	12249.41
1135	11923.42
1136	11622.65
1137	11347.64
1138	11100.28
1139	10882.78
1140	10697.40
1141	10546.36
1142	10431.62
1143	10352.99
1144	10305.08
1145	10278.88
1146	10264.56
1147	10252.23
1148	10232.04
1149	10194.63
1150	10134.09
1151	10052.20
1152	9955.55
1153	9851.74
1154	9748.41
1155	9653.19
1156	9573.25
1157	9513.11
1158	9471.96
1159	9446.06
1160	9431.11
1161	9422.79
1162	9416.79
1163	9409.14
1164	9397.56
1165	9382.75
1166	9366.81
1167	9352.11
1168	9341.00
1169	9335.82
1170	9338.52
1171	9349.37
1172	9366.18
1173	9385.68
1174	9404.51
1175	9419.27
1176	9426.62
1177	9423.79
1178	9410.27
1179	9388.21
1180	9360.76
1181	9331.15
1182	9302.61
1183	9278.36
1184	9261.14
1185	9252.32
1186	9251.90
1187	9259.48
1188	9274.61
1189	9296.84
1190	9325.71
1191	9360.45
1192	9399.58
1193	9441.05
1194	9482.67
1195	9522.24
1196	9557.56
1197	9586.50
1198	9607.30
1199	9618.96
1200	9621.00
1201	9612.99
1202	9594.52
1203	9565.21
1204	9525.10
1205	9476.47
1206	9425.12
1207	9378.54
1208	9344.44
1209	9330.56
1210	9344.52
1211	9392.34
1212	9473.99
1213	9582.17
1214	9706.92
1215	9838.03
1216	9965.29
1217	10078.75
1218	10171.18
1219	10243.31
1220	10302.71
1221	10358.91
1222	10421.54
1223	10500.22
1224	10604.04
1225	10738.65
1226	10902.01
1227	11087.42
1228	11287.20
1229	11493.62
1230	11699.02
1231	11896.69
1232	12084.55
1233	12267.64
1234	12454.19
1235	12652.85
1236	12872.30
1237	13121.10
1238	13406.27
1239	13729.67
1240	14087.71
1241	14475.05
1242	14886.21
1243	15315.70
1244	15758.32
1245	16210.97
1246	16675.71
1247	17158.16
1248	17664.76
1249	18202.00
1250	18776.31
1251	19392.80
1252	20050.28
1253	20737.07
1254	21436.69
1255	22131.92
1256	22805.53
1257	23440.47
1258	24022.38
1259	24545.73
1260	25014.26
1261	25434.62
1262	25813.76
1263	26158.59
1264	26475.46
1265	26766.93
1266	27026.85
1267	27243.47
1268	27403.83
1269	27494.91
1270	27503.83
1271	27420.07
1272	27243.31
1273	26987.90
1274	26674.15
1275	26323.18
1276	25956.11
1277	25593.79
1278	25254.49
1279	24949.09
1280	24682.31
1281	24457.14
1282	24276.48
1283	24143.27
1284	24061.12
1285	24037.28
1286	24085.53
1287	24222.85
1288	24466.77
1289	24834.83
1290	25344.10
1291	26005.69
1292	26811.29
1293	27732.84
1294	28736.09
1295	29786.29
1296	30848.68
1297	31888.75
1298	32873.59
1299	33773.53
1300	34560.66
1301	35207.46
1302	35686.44
1303	35970.42
1304	36037.34
1305	35883.05
1306	35523.46
1307	34981.22
1308	34279.64
1309	33442.05
1310	32491.93
1311	31453.68
1312	30353.77
1313	29219.83
1314	28079.75
1315	26961.41
1316	25892.40
1317	24895.85
1318	23979.21
1319	23132.22
1320	22338.66
1321	21581.70
1322	20844.53
1323	20111.30
1324	19371.83
1325	18627.72
1326	17887.27
1327	17160.06
1328	16455.75
1329	15783.85
1330	15152.28
1331	14563.69
1332	14015.21
1333	13502.24
1334	13020.02
1335	12563.80
1336	12129.38
1337	11715.39
1338	11325.74
1339	10966.99
1340	10646.15
1341	10370.26
1342	10146.03
1343	9977.00
1344	9857.50
1345	9773.77
1346	9709.80
1347	9649.44
1348	9576.63
1349	9477.25
1350	9345.75
1351	9189.45
1352	9021.12
1353	8854.27
1354	8702.39
1355	8578.45
1356	8491.18
1357	8439.40
1358	8415.22
1359	8409.24
1360	8411.98
1361	8414.05
1362	8407.20
1363	8387.12
1364	8353.91
1365	8309.10
1366	8254.37
1367	8191.39
1368	8121.66
1369	8045.71
1370	7962.48
1371	7870.07
1372	7766.46
1373	7649.65
1374	7517.79
1375	7370.39
1376	7210.52
1377	7043.84
1378	6876.67
1379	6715.36
1380	6566.19
1381	6434.46
1382	6321.92
1383	6226.32
1384	6144.04
1385	6071.32
1386	6004.41
1387	5940.10
1388	5877.71
1389	5820.91
1390	5775.44
1391	5747.31
1392	5742.59
1393	5767.00
1394	5823.96
1395	5911.48
1396	6023.89
1397	6154.71
1398	6297.43
1399	6445.57
1400	6593.22
1401	6736.23
1402	6872.13
1403	6998.94
1404	7114.72
1405	7217.61
1406	7306.64
1407	7384.57
1408	7459.20
1409	7540.26
1410	7637.75
1411	7761.60
1412	7921.32
1413	8123.81
1414	8371.29
1415	8663.57
1416	9000.12
1417	9380.36
1418	9803.95
1419	10272.32
1420	10790.97
1421	11368.11
1422	12012.59
1423	12733.25
1424	13539.18
1425	14441.74
1426	15458.89
1427	16614.29
1428	17933.19
1429	19440.93
1430	21162.08
1431	23109.83
1432	25257.62
1433	27534.67
1434	29855.31
1435	32132.49
1436	34279.49
1437	36216.27
1438	37890.88
1439	39290.55
1440	40418.23
1441	41278.73
1442	41877.05
1443	42219.24
1444	42316.73
1445	42190.11
1446	41864.28
1447	41364.85
1448	40717.41
1449	39947.84
1450	39083.32
1451	38153.77
1452	37190.60
1453	36225.50
1454	35290.12
1455	34414.24
1456	33614.62
1457	32878.21
1458	32172.71
1459	31461.61
1460	30708.30
1461	29877.44
1462	28944.57
1463	27912.98
1464	26806.36
1465	25653.41
1466	24483.07
1467	23323.78
1468	22199.26
1469	21119.97
1470	20085.47
1471	19092.39
1472	18137.20
1473	17216.44
1474	16327.79
1475	15472.28
1476	14653.98
1477	13877.80
1478	13148.72
1479	12471.63
1480	11850.10
1481	11283.60
1482	10767.63
1483	10296.48
1484	9864.35
1485	9465.49
1486	9094.69
1487	8748.60
1488	8425.70
1489	8125.06
1490	7845.81
1491	7587.07
1492	7347.90
1493	7127.15
1494	6923.47
1495	6735.44
1496	6561.63
1497	6400.60
1498	6250.77
1499	6110.04
1500	5975.80
1501	5845.26
1502	5715.63
1503	5584.17
1504	5448.85
1505	5309.98
1506	5170.27
1507	5033.18
1508	4902.22
1509	4780.88
1510	4671.90
1511	4575.87
1512	4491.19
1513	4415.59
1514	4346.79
1515	4282.49
1516	4220.72
1517	4160.39
1518	4101.23
1519	4043.21
1520	3986.33
1521	3930.57
1522	3876.02
1523	3823.02
1524	3772.12
1525	3723.92
1526	3679.03
1527	3638.00
1528	3600.96
1529	3566.93
1530	3534.10
1531	3500.45
1532	3463.94
1533	3422.70
1534	3375.86
1535	3325.00
1536	3273.27
1537	3224.20
1538	3181.31
1539	3147.79
1540	3124.87
1541	3109.65
1542	3096.91
1543	3080.99
1544	3056.23
1545	3017.66
1546	2963.91
1547	2899.89
1548	2833.60
1549	2773.52
1550	2728.10
1551	2704.55
1552	2704.70
1553	2722.65
1554	2749.27
1555	2775.05
1556	2790.53
1557	2788.04
1558	2766.27
1559	2731.24
1560	2691.57
1561	2656.13
1562	2633.55
1563	2630.07
1564	2644.69
1565	2669.84
1566	2696.03
1567	2713.69
1568	2713.68
1569	2690.49
1570	2647.43
1571	2593.95
1572	2540.97
1573	2499.42
1574	2479.34
1575	2485.73
1576	2513.88
1577	2553.96
1578	2595.21
1579	2626.91
1580	2639.74
1581	2630.45
1582	2604.39
1583	2570.44
1584	2537.91
1585	2516.01
1586	2512.01
1587	2526.98
1588	2555.60
1589	2590.56
1590	2624.37
1591	2649.82
1592	2662.04
1593	2661.86
1594	2654.25
1595	2645.17
1596	2640.59
1597	2645.96
1598	2663.87
1599	2691.74
1600	2724.40
1601	2756.24
1602	2781.70
1603	2796.38
1604	2800.22
1605	2798.50
1606	2798.45
1607	2807.49
1608	2832.81
1609	2879.42
1610	2946.42
1611	3028.14
1612	3117.64
1613	3207.97
1614	3292.90
1615	3370.42
1616	3446.46
1617	3531.15
1618	3635.30
1619	3769.66
1620	3942.72
1621	4154.65
1622	4395.63
1623	4652.24
1624	4910.72
1625	5158.02
1626	5386.97
1627	5605.51
1628	5832.69
1629	6090.25
1630	6400.05
1631	6782.35
1632	7249.79
1633	7802.52
1634	8434.95
1635	9140.65
1636	9913.50
1637	10751.86
1638	11668.04
1639	12687.80
1640	13841.01
1641	15157.75
1642	16666.34
1643	18384.36
1644	20307.74
1645	22420.32
1646	24703.62
1647	27138.57
1648	29697.93
1649	32325.29
1650	34930.41
1651	37411.31
1652	39664.95
1653	41589.74
1654	43094.64
1655	44112.40
1656	44590.90
1657	44481.27
1658	43735.82
1659	42324.41
1660	40284.82
1661	37740.95
1662	34848.66
1663	31767.18
1664	28652.51
1665	25635.89
1666	22790.42
1667	20150.59
1668	17742.29
1669	15590.67
1670	13715.88
1671	12118.49
1672	10774.35
1673	9650.08
1674	8711.32
1675	7924.26
1676	7259.20
1677	6695.79
1678	6219.61
1679	5817.53
1680	5476.53
1681	5184.37
1682	4931.72
1683	4712.55
1684	4522.04
1685	4355.45
1686	4208.06
1687	4075.21
1688	3952.36
1689	3835.05
1690	3718.81
1691	3599.33
1692	3473.86
1693	3344.68
1694	3218.92
1695	3105.20
1696	3012.19
1697	2947.68
1698	2914.94
1699	2909.86
1700	2924.91
1701	2952.06
1702	2983.35
1703	3011.71
1704	3032.35
1705	3042.17
1706	3038.49
1707	3018.74
1708	2981.98
1709	2933.33
1710	2885.27
1711	2852.95
1712	2851.72
1713	2895.55
1714	2990.49
1715	3127.47
1716	3289.42
1717	3457.88
1718	3614.88
1719	3747.86
1720	3859.06
1721	3962.80
1722	4076.57
1723	4217.94
1724	4402.15
1725	4635.75
1726	4914.39
1727	5229.75
1728	5573.10
1729	5936.25
1730	6313.88
1731	6706.02
1732	7115.38
1733	7545.12
1734	7998.05
1735	8473.70
1736	8963.40
1737	9452.51
1738	9924.98
1739	10364.70
1740	10756.37
1741	11087.29
1742	11347.47
1743	11527.78
1744	11619.26
1745	11614.45
1746	11512.56
1747	11322.40
1748	11056.78
1749	10729.00
1750	10351.92
1751	9935.76
1752	9485.54
1753	9003.48
1754	8491.33
1755	7951.09
1756	7387.12
1757	6809.62
1758	6232.91
1759	5672.32
1760	5143.00
1761	4657.67
1762	4221.62
1763	3833.27
1764	3489.00
1765	3185.09
1766	2918.16
1767	2686.22
1768	2488.85
1769	2326.22
1770	2198.54
1771	2105.50
1772	2044.53
1773	2009.71
1774	1993.70
1775	1989.02
1776	1988.46
1777	1986.53
1778	1980.74
1779	1970.12
1780	1953.96
1781	1931.66
1782	1903.46
1783	1871.26
1784	1837.99
1785	1806.74
1786	1780.44
1787	1760.53
1788	1745.06
1789	1729.69
1790	1709.58
1791	1680.07
1792	1638.66
1793	1588.39
1794	1536.69
1795	1492.06
1796	1462.83
1797	1454.92
1798	1467.34
1799	1493.06
1800	1523.40
1801	1549.74
1802	1565.18
1803	1568.21
1804	1562.44
1805	1552.99
1806	1545.00
1807	1542.43
1808	1545.48
1809	1550.53
1810	1552.73
1811	1547.26
1812	1530.51
1813	1502.97
1814	1469.47
1815	1436.26
1816	1409.62
1817	1394.74
1818	1393.13
1819	1402.31
1820	1418.46
1821	1437.71
1822	1456.80
1823	1474.58
1824	1492.15
1825	1511.37
1826	1534.09
1827	1561.24
1828	1590.59
1829	1616.60
1830	1632.66
1831	1632.23
1832	1610.55
1833	1568.67
1834	1513.52
1835	1453.85
1836	1398.42
1837	1354.77
1838	1326.53
1839	1313.71
1840	1315.24
1841	1329.91
1842	1355.96
1843	1390.12
1844	1427.80
1845	1464.04
1846	1494.04
1847	1514.34
1848	1525.16
1849	1529.48
1850	1530.99
1851	1533.19
1852	1538.00
1853	1543.57
1854	1545.49
1855	1538.83
1856	1519.05
1857	1484.44
1858	1439.08
1859	1390.45
1860	1346.62
1861	1315.14
1862	1300.58
1863	1302.18
1864	1316.63
1865	1340.15
1866	1368.88
1867	1398.56
1868	1424.34
1869	1441.17
1870	1444.02
1871	1429.03
1872	1396.57
1873	1351.91
1874	1302.05
1875	1254.11
1876	1214.51
1877	1187.57
1878	1175.76
1879	1180.97
1880	1204.69
1881	1245.63
1882	1295.74
1883	1342.21
1884	1371.25
1885	1370.40
1886	1335.26
1887	1276.82
1888	1214.15
1889	1167.64
1890	1154.98
1891	1182.20
1892	1238.81
1893	1307.66
1894	1370.94
1895	1413.48
1896	1428.78
1897	1419.09
1898	1389.43
1899	1345.13
1900	1292.38
1901	1239.49
1902	1196.22
1903	1172.66
1904	1177.59
1905	1212.99
1906	1268.64
1907	1328.32
1908	1374.98
1909	1394.41
1910	1382.94
1911	1349.68
1912	1308.26
1913	1272.43
1914	1252.73
1915	1251.07
1916	1262.59
1917	1280.72
1918	1299.14
1919	1313.46
1920	1322.97
1921	1328.78
1922	1332.32
1923	1334.91
1924	1337.42
1925	1340.20
1926	1343.40
1927	1347.15
1928	1351.54
1929	1356.48
1930	1361.79
1931	1367.27
1932	1372.40
1933	1375.37
1934	1372.24
1935	1358.14
1936	1328.35
1937	1281.24
1938	1224.68
1939	1175.32
1940	1152.31
1941	1172.96
1942	1242.70
1943	1343.87
1944	1446.42
1945	1518.47
1946	1534.51
1947	1491.50
1948	1411.32
1949	1324.11
1950	1259.25
1951	1235.89
1952	1250.82
1953	1287.31
1954	1326.00
1955	1350.33
1956	1354.57
1957	1346.07
1958	1336.81
1959	1338.56
1960	1358.23
1961	1391.70
1962	1427.93
1963	1454.54
1964	1460.90
1965	1443.37
1966	1406.57
1967	1358.11
1968	1305.75
1969	1256.29
1970	1214.48
1971	1183.79
1972	1167.42
1973	1167.68
1974	1184.03
1975	1212.76
1976	1249.12
1977	1288.29
1978	1325.44
1979	1355.82
1980	1374.68
1981	1377.46
1982	1361.45
1983	1329.52
1984	1289.57
1985	1250.91
1986	1222.06
1987	1207.43
1988	1205.03
1989	1210.14
1990	1217.73
1991	1223.86
1992	1227.06
1993	1227.62
1994	1226.24
1995	1223.62
1996	1220.51
1997	1217.64
1998	1215.78
1999	1215.67
2000	1218.05
2001	1223.66
2002	1233.23
2003	1247.44
2004	1266.89
2005	1291.84
2006	1322.28
2007	1358.10
2008	1398.06
2009	1437.00
2010	1465.27
2011	1471.73
2012	1446.76
2013	1389.06
2014	1311.34
2015	1232.90
2016	1173.26
2017	1146.02
2018	1150.73
2019	1177.66
2020	1215.07
2021	1252.29
2022	1282.33
2023	1301.64
2024	1307.75
2025	1298.74
2026	1274.76
2027	1238.59
2028	1194.06
2029	1145.45
2030	1098.58
2031	1062.09
2032	1045.99
2033	1059.61
2034	1105.95
2035	1173.60
2036	1241.85
2037	1288.66
2038	1298.48
2039	1274.31
2040	1234.63
2041	1201.81
2042	1194.33
2043	1216.65
2044	1258.30
2045	1304.04
2046	1340.17
2047	1360.83
2048	1370.59
2049	1378.00
2050	1390.75
2051	1410.39
2052	1428.46
2053	1432.10
2054	1409.40
2055	1357.51
2056	1290.87
2057	1232.90
2058	1206.92
2059	1225.04
2060	1275.01
2061	1329.86
2062	1361.05
2063	1350.82
2064	1307.62
2065	1257.91
2066	1231.08
2067	1246.67
2068	1297.79
2069	1357.38
2070	1394.30
2071	1386.42
2072	1337.68
2073	1273.63
2074	1224.88
2075	1214.06
2076	1239.34
2077	1277.20
2078	1298.76
2079	1282.77
2080	1232.54
2081	1173.98
2082	1138.83
2083	1150.42
2084	1204.78
2085	1272.30
2086	1316.64
2087	1310.43
2088	1255.64
2089	1181.63
2090	1125.12
2091	1114.96
2092	1154.52
2093	1223.99
2094	1297.28
2095	1352.38
2096	1380.49
2097	1384.26
2098	1369.52
2099	1342.16
2100	1307.62
2101	1270.98
2102	1237.10
2103	1209.83
2104	1190.49
2105	1178.46
2106	1172.81
2107	1173.22
2108	1180.96
2109	1198.32
2110	1227.28
2111	1266.49
2112	1307.62
2113	1338.44
2114	1347.40
2115	1330.79
2116	1299.12
2117	1269.87
2118	1259.15
2119	1271.86
2120	1295.82
2121	1311.83
2122	1304.22
2123	1274.57
2124	1245.73
2125	1247.58
2126	1301.77
2127	1401.15
2128	1510.32
2129	1586.67
2130	1600.04
2131	1554.67
2132	1481.03
2133	1414.34
2134	1377.99
2135	1369.71
2136	1372.23
2137	1367.27
2138	1345.94
2139	1314.69
2140	1286.78
2141	1274.55
2142	1283.21
2143	1309.49
2144	1347.13
2145	1389.23
2146	1427.91
2147	1454.56
2148	1460.93
2149	1442.79
2150	1404.33
2151	1354.75
2152	1304.36
2153	1264.14
2154	1245.89
2155	1261.35
2156	1316.44
2157	1398.34
2158	1475.78
2159	1513.84
2160	1492.06
2161	1424.21
2162	1345.99
2163	1293.58
2164	1283.84
2165	1303.57
2166	1327.05
2167	1331.69
2168	1310.11
2169	1269.54
2170	1221.53
2171	1177.56
2172	1148.24
2173	1143.55
2174	1170.96
2175	1228.48
2176	1301.89
2177	1372.65
2178	1424.52
2179	1448.52
2180	1441.19
2181	1401.76
2182	1335.87
2183	1259.15
2184	1191.33
2185	1148.02
2186	1130.90
2187	1129.23
2188	1129.59
2189	1122.71
2190	1107.29
2191	1085.99
2192	1062.72
2193	1043.35
2194	1035.47
2195	1045.76
2196	1072.69
2197	1099.58
2198	1102.68
2199	1065.18
2200	996.00
2201	928.41
2202	899.21
2203	925.69
2204	989.98
2205	1057.83
2206	1100.18
2207	1110.84
2208	1103.33
2209	1094.58
2210	1092.33
2211	1089.81
2212	1074.61
2213	1038.90
2214	988.34
2215	938.12
2216	903.91
2217	894.56
2218	910.53
2219	948.65
2220	1001.86
2221	1056.08
2222	1093.89
2223	1102.89
2224	1087.26
2225	1065.61
2226	1057.55
2227	1069.92
2228	1091.44
2229	1104.59
2230	1097.43
2231	1071.62
2232	1036.66
2233	1002.43
2234	975.35
2235	958.70
2236	954.29
2237	961.49
2238	976.61
2239	994.91
2240	1012.47
2241	1027.15
2242	1037.61
2243	1041.80
2244	1035.56
2245	1013.39
2246	972.69
2247	921.46
2248	878.16
2249	861.13
2250	874.67
2251	903.65
2252	926.99
2253	932.00
2254	922.69
2255	911.19
2256	909.14
2257	924.08
2258	960.28
2259	1015.79
2260	1073.21
2261	1103.42
2262	1082.62
2263	1014.28
2264	929.09
2265	861.79
2266	831.20
2267	836.00
2268	866.36
2269	906.26
2270	932.03
2271	921.31
2272	873.54
2273	824.88
2274	822.94
2275	886.12
2276	973.52
2277	1018.71
2278	983.27
2279	897.06
2280	825.28
2281	815.05
2282	857.38
2283	910.35
2284	938.84
2285	939.98
2286	931.27
2287	927.91
2288	928.61
2289	921.59
2290	899.40
2291	871.12
2292	856.05
2293	866.53
2294	891.88
2295	907.12
2296	895.04
2297	865.06
2298	842.85
2299	847.16
2300	872.28
2301	897.89
2302	906.83
2303	895.49
2304	868.80
2305	835.78
2306	810.26
2307	806.94
2308	832.06
2309	876.19
2310	923.13
2311	959.16
2312	976.39
2313	971.36
2314	948.96
2315	924.19
2316	912.31
2317	916.27
2318	925.63
2319	928.76
2320	923.47
2321	915.82
2322	911.52
2323	909.72
2324	905.46
2325	895.91
2326	884.61
2327	878.87
2328	887.80
2329	921.83
2330	985.54
2331	1060.06
2332	1101.49
2333	1074.61
2334	993.15
2335	909.22
2336	867.62
2337	874.80
2338	913.51
2339	958.77
2340	981.57
2341	962.28
2342	918.55
2343	903.15
2344	951.17
2345	1026.82
2346	1055.15
2347	1001.74
2348	916.21
2349	870.11
2350	881.30
2351	907.80
2352	909.79
2353	897.82
2354	908.00
2355	944.74
2356	956.60
2357	891.33
2358	762.90
2359	641.77
2360	588.64
2361	614.05
2362	697.40
2363	797.87
2364	861.63
2365	857.66
2366	815.55
2367	792.13
2368	813.81
2369	861.53
2370	905.29
2371	927.03
2372	921.72
2373	902.60
2374	900.12
2375	926.46
2376	936.98
2377	871.19
2378	740.18
2379	639.69
2380	638.48
2381	685.53
2382	689.42
2383	648.80
2384	653.89
2385	754.55
2386	878.52
2387	931.48
2388	917.99
2389	911.30
2390	932.62
2391	914.51
2392	812.69
2393	703.13
2394	694.22
2395	784.34
2396	873.64
2397	893.91
2398	864.19
2399	830.85
2400	824.44
2401	856.25
2402	912.33
2403	960.19
2404	966.59
2405	909.97
2406	804.86
2407	720.19
2408	716.77
2409	777.13
2410	842.57
2411	880.51
2412	891.89
2413	889.90
2414	889.03
2415	891.87
2416	883.18
2417	849.47
2418	795.92
2419	742.29
2420	718.84
2421	744.49
2422	793.02
2423	817.38
2424	808.62
2425	800.71
2426	840.82
2427	955.58
2428	1086.54
2429	1108.01
2430	1004.60
2431	920.60
2432	937.03
2433	965.86
2434	929.67
2435	869.74
2436	845.48
2437	860.47
2438	886.11
2439	888.92
2440	866.16
2441	859.81
2442	893.16
2443	930.99
2444	924.94
2445	855.30
2446	759.43
2447	720.01
2448	761.50
2449	824.02
2450	860.06
