150	4480.09
151	4478.12
152	4480.12
153	4488.61
154	4503.49
155	4523.69
156	4547.80
157	4574.38
158	4601.99
159	4629.18
160	4654.52
161	4676.57
162	4694.12
163	4706.72
164	4714.90
165	4719.52
166	4721.50
167	4721.76
168	4721.19
169	4720.73
170	4721.25
171	4723.58
172	4728.08
173	4734.60
174	4742.81
175	4752.35
176	4762.87
177	4773.99
178	4785.37
179	4796.64
180	4807.58
181	4818.36
182	4829.70
183	4842.47
184	4857.60
185	4876.01
186	4898.60
187	4926.30
188	4960.00
189	5000.34
190	5046.98
191	5098.42
192	5152.74
193	5207.99
194	5262.23
195	5313.49
196	5359.82
197	5399.28
198	5430.30
199	5452.46
200	5466.73
201	5474.49
202	5477.20
203	5476.31
204	5473.27
205	5469.53
206	5466.52
207	5465.53
208	5467.36
209	5472.30
210	5480.45
211	5491.91
212	5506.80
213	5525.22
214	5547.26
215	5573.00
216	5602.34
217	5634.48
218	5668.07
219	5701.54
220	5733.34
221	5761.88
222	5785.61
223	5802.96
224	5812.42
225	5813.05
226	5805.48
227	5791.68
228	5773.95
229	5754.61
230	5736.00
231	5720.44
232	5710.26
233	5707.69
234	5714.29
235	5729.84
236	5752.88
237	5781.66
238	5814.38
239	5849.29
240	5884.59
241	5918.51
242	5949.38
243	5976.13
244	5999.03
245	6019.17
246	6037.83
247	6056.27
248	6075.76
249	6097.58
250	6122.99
251	6153.12
252	6188.27
253	6227.29
254	6268.26
255	6309.12
256	6347.82
257	6382.30
258	6410.51
259	6430.40
260	6440.25
261	6439.80
262	6430.95
263	6416.55
264	6399.58
265	6383.03
266	6369.87
267	6363.09
268	6365.63
269	6379.89
270	6406.18
271	6442.39
272	6485.48
273	6532.37
274	6579.93
275	6625.06
276	6664.67
277	6695.68
278	6715.70
279	6724.23
280	6722.56
281	6712.50
282	6695.90
283	6674.60
284	6650.45
285	6625.31
286	6600.97
287	6578.87
288	6559.61
289	6543.15
290	6529.31
291	6517.93
292	6508.83
293	6501.82
294	6496.73
295	6493.40
296	6491.72
297	6491.70
298	6493.43
299	6496.98
300	6502.45
301	6509.93
302	6519.50
303	6531.24
304	6545.11
305	6560.51
306	6576.09
307	6590.19
308	6601.12
309	6607.18
310	6606.67
311	6597.90
312	6579.23
313	6549.64
314	6510.07
315	6463.42
316	6413.20
317	6362.95
318	6316.22
319	6276.55
320	6247.49
321	6232.39
322	6233.30
323	6249.06
324	6276.34
325	6311.33
326	6350.17
327	6389.01
328	6424.01
329	6451.33
330	6467.51
331	6470.89
332	6462.91
333	6446.48
334	6424.76
335	6400.91
336	6378.07
337	6359.40
338	6348.02
339	6346.47
340	6355.25
341	6372.55
342	6395.76
343	6422.21
344	6449.19
345	6474.04
346	6494.06
347	6506.67
348	6510.09
349	6504.53
350	6491.72
351	6473.71
352	6452.61
353	6430.49
354	6409.46
355	6391.58
356	6378.77
357	6371.98
358	6370.58
359	6373.15
360	6378.16
361	6384.08
362	6389.37
363	6392.50
364	6391.96
365	6386.54
366	6376.07
367	6361.49
368	6344.10
369	6325.24
370	6306.25
371	6288.46
372	6273.19
373	6261.73
374	6254.96
375	6252.81
376	6254.63
377	6259.63
378	6267.02
379	6276.01
380	6285.80
381	6295.61
382	6304.75
383	6312.95
384	6320.58
385	6328.23
386	6336.54
387	6346.14
388	6357.66
389	6371.75
390	6389.00
391	6409.72
392	6433.39
393	6458.83
394	6484.67
395	6509.51
396	6531.98
397	6550.70
398	6564.29
399	6571.54
400	6572.04
401	6566.81
402	6557.52
403	6545.97
404	6533.94
405	6523.23
406	6515.63
407	6512.90
408	6516.36
409	6525.98
410	6540.42
411	6557.98
412	6576.89
413	6595.42
414	6611.80
415	6624.30
416	6631.30
417	6631.87
418	6626.43
419	6616.12
420	6602.17
421	6585.84
422	6568.38
423	6551.06
424	6535.10
425	6521.57
426	6510.99
427	6503.29
428	6498.22
429	6495.52
430	6494.93
431	6496.19
432	6499.03
433	6503.19
434	6508.42
435	6514.49
436	6521.17
437	6528.24
438	6535.47
439	6542.63
440	6549.51
441	6555.88
442	6561.53
443	6566.28
444	6569.99
445	6572.53
446	6573.78
447	6573.61
448	6571.89
449	6568.49
450	6563.34
451	6556.58
452	6548.80
453	6540.79
454	6533.40
455	6527.44
456	6523.76
457	6523.19
458	6526.53
459	6534.35
460	6546.43
461	6561.89
462	6579.64
463	6598.61
464	6617.69
465	6635.81
466	6651.88
467	6664.97
468	6674.86
469	6682.43
470	6689.03
471	6696.11
472	6705.10
473	6717.44
474	6734.56
475	6757.82
476	6788.00
477	6824.42
478	6865.33
479	6908.74
480	6952.63
481	6994.99
482	7033.81
483	7067.09
484	7093.16
485	7111.49
486	7122.97
487	7129.01
488	7131.08
489	7130.62
490	7129.11
491	7128.01
492	7128.68
493	7132.08
494	7138.26
495	7146.80
496	7157.19
497	7168.91
498	7181.46
499	7194.31
500	7206.96
501	7218.90
502	7229.64
503	7238.71
504	7245.62
505	7249.92
506	7251.12
507	7248.77
508	7242.39
509	7231.63
510	7216.62
511	7198.13
512	7177.19
513	7154.87
514	7132.24
515	7110.34
516	7090.25
517	7072.96
518	7059.05
519	7048.22
520	7039.72
521	7032.68
522	7026.22
523	7019.48
524	7011.59
525	7001.70
526	6989.15
527	6973.88
528	6956.32
529	6937.01
530	6916.53
531	6895.44
532	6874.31
533	6853.68
534	6834.00
535	6815.17
536	6796.48
537	6776.96
538	6755.62
539	6731.48
540	6703.54
541	6670.84
542	6632.52
543	6588.50
544	6540.08
545	6489.19
546	6437.90
547	6388.29
548	6342.43
549	6302.38
550	6270.12
551	6246.91
552	6232.26
553	6224.52
554	6221.73
555	6221.96
556	6223.25
557	6223.64
558	6221.23
559	6214.61
560	6203.88
561	6190.59
562	6176.73
563	6164.29
564	6155.30
565	6151.76
566	6155.67
567	6168.73
568	6191.55
569	6223.29
570	6262.62
571	6308.13
572	6358.40
573	6412.04
574	6467.64
575	6523.88
576	6579.97
577	6635.88
578	6692.01
579	6748.78
580	6806.63
581	6866.01
582	6927.33
583	6990.98
584	7056.88
585	7123.99
586	7190.79
587	7255.58
588	7316.71
589	7372.51
590	7421.31
591	7461.51
592	7492.13
593	7513.73
594	7528.02
595	7536.96
596	7542.54
597	7546.74
598	7551.56
599	7558.91
600	7570.12
601	7584.73
602	7600.63
603	7615.26
604	7626.05
605	7630.39
606	7625.70
607	7609.42
608	7579.60
609	7536.25
610	7481.57
611	7418.48
612	7349.96
613	7278.99
614	7208.54
615	7141.59
616	7080.73
617	7027.18
618	6980.40
619	6939.16
620	6902.16
621	6868.10
622	6835.70
623	6803.65
624	6770.80
625	6736.57
626	6701.22
627	6665.40
628	6629.77
629	6595.03
630	6561.85
631	6530.90
632	6502.80
633	6477.76
634	6455.38
635	6435.00
636	6415.89
637	6397.31
638	6378.55
639	6358.87
640	6337.64
641	6314.64
642	6290.42
643	6265.93
644	6242.16
645	6220.13
646	6200.86
647	6185.34
648	6174.52
649	6168.98
650	6168.60
651	6172.89
652	6181.25
653	6193.14
654	6207.96
655	6225.16
656	6244.14
657	6264.25
658	6284.70
659	6304.62
660	6323.13
661	6339.36
662	6352.41
663	6361.40
664	6365.53
665	6364.42
666	6358.62
667	6349.21
668	6337.38
669	6324.31
670	6311.20
671	6299.23
672	6289.58
673	6283.36
674	6281.55
675	6285.01
676	6294.63
677	6311.26
678	6335.78
679	6369.05
680	6411.84
681	6464.36
682	6525.64
683	6594.04
684	6667.78
685	6745.07
686	6824.13
687	6903.18
688	6980.56
689	7055.25
690	7127.57
691	7198.59
692	7269.50
693	7341.51
694	7415.83
695	7493.65
696	7576.13
697	7664.10
698	7757.82
699	7857.20
700	7962.13
701	8072.47
702	8188.10
703	8308.90
704	8434.68
705	8565.08
706	8699.36
707	8836.61
708	8975.87
709	9116.20
710	9256.66
711	9396.30
712	9534.13
713	9669.07
714	9799.78
715	9924.86
716	10042.89
717	10152.44
718	10252.09
719	10340.41
720	10416.18
721	10478.97
722	10529.43
723	10568.70
724	10597.97
725	10618.42
726	10631.24
727	10637.61
728	10638.58
729	10634.67
730	10625.75
731	10611.49
732	10591.52
733	10565.46
734	10532.95
735	10493.63
736	10447.42
737	10395.05
738	10338.15
739	10278.61
740	10218.35
741	10159.28
742	10103.33
743	10052.39
744	10008.13
745	9971.64
746	9943.45
747	9923.98
748	9913.62
749	9912.77
750	9921.83
751	9941.15
752	9970.78
753	10010.05
754	10057.78
755	10112.67
756	10173.43
757	10238.74
758	10307.32
759	10377.79
760	10448.52
761	10517.22
762	10581.32
763	10638.16
764	10685.09
765	10719.45
766	10738.61
767	10740.40
768	10724.73
769	10694.80
770	10655.19
771	10610.72
772	10566.18
773	10526.39
774	10496.11
775	10479.30
776	10477.15
777	10487.50
778	10507.05
779	10532.40
780	10560.12
781	10586.80
782	10609.18
783	10625.47
784	10638.16
785	10653.41
786	10678.42
787	10720.46
788	10786.76
789	10884.59
790	11020.78
791	11199.42
792	11418.53
793	11672.27
794	11954.03
795	12257.16
796	12575.00
797	12900.92
798	13228.70
799	13554.16
800	13876.43
801	14196.15
802	14514.18
803	14831.40
804	15148.66
805	15466.83
806	15786.48
807	16107.20
808	16427.46
809	16745.37
810	17059.00
811	17366.43
812	17665.71
813	17955.11
814	18234.38
815	18507.29
816	18780.59
817	19061.80
818	19358.48
819	19678.20
820	20028.47
821	20416.22
822	20844.95
823	21311.90
824	21811.11
825	22336.06
826	22880.23
827	23437.09
828	24000.11
829	24563.21
830	25121.80
831	25673.12
832	26215.07
833	26745.60
834	27262.67
835	27764.24
836	28248.26
837	28712.42
838	29153.82
839	29569.09
840	29954.76
841	30307.35
842	30623.38
843	30899.38
844	31132.47
845	31322.63
846	31474.81
847	31596.36
848	31695.02
849	31778.53
850	31854.65
851	31931.04
852	32014.40
853	32108.17
854	32212.36
855	32325.89
856	32447.58
857	32576.22
858	32710.65
859	32849.62
860	32991.66
861	33134.75
862	33276.50
863	33414.47
864	33546.21
865	33669.25
866	33781.14
867	33879.21
868	33959.94
869	34018.70
870	34050.43
871	34050.01
872	34012.32
873	33932.26
874	33805.02
875	33628.46
876	33407.19
877	33150.93
878	32870.67
879	32577.47
880	32282.38
881	31996.39
882	31729.17
883	31484.33
884	31256.17
885	31034.94
886	30810.32
887	30572.00
888	30309.65
889	30013.33
890	29677.00
891	29305.37
892	28912.11
893	28513.30
894	28125.18
895	27763.98
896	27445.85
897	27185.38
898	26989.56
899	26853.05
900	26764.87
901	26713.23
902	26686.28
903	26672.20
904	26659.37
905	26638.27
906	26605.26
907	26561.70
908	26510.26
909	26453.73
910	26394.89
911	26336.48
912	26280.69
913	26227.14
914	26171.32
915	26106.94
916	26027.44
917	25926.22
918	25796.74
919	25632.77
920	25431.26
921	25197.47
922	24943.21
923	24681.94
924	24427.22
925	24192.61
926	23991.57
927	23835.73
928	23728.97
929	23664.33
930	23630.48
931	23615.57
932	23607.69
933	23595.00
934	23566.08
935	23513.00
936	23435.91
937	23340.32
938	23232.89
939	23120.38
940	23009.54
941	22907.01
942	22818.40
943	22745.45
944	22685.52
945	22634.51
946	22588.15
947	22542.17
948	22492.34
949	22434.88
950	22368.66
951	22297.50
952	22227.82
953	22166.46
954	22120.30
955	22096.22
956	22100.88
957	22138.86
958	22208.96
959	22305.04
960	22419.67
961	22545.30
962	22674.41
963	22799.48
964	22913.15
965	23008.72
966	23080.44
967	23122.87
968	23130.64
969	23098.39
970	23020.75
971	22892.76
972	22711.99
973	22481.17
974	22206.04
975	21892.88
976	21548.04
977	21177.83
978	20788.62
979	20387.11
980	19980.96
981	19578.69
982	19189.07
983	18820.88
984	18482.89
985	18183.82
986	17931.27
987	17728.32
988	17572.18
989	17457.77
990	17379.76
991	17332.82
992	17311.60
993	17311.10
994	17328.03
995	17362.38
996	17415.89
997	17490.62
998	17588.62
999	17711.96
1000	17862.55
1001	18041.24
1002	18246.11
1003	18473.15
1004	18717.85
1005	18975.66
1006	19242.05
1007	19512.48
1008	19782.55
1009	20048.28
1010	20306.12
1011	20552.68
1012	20784.56
1013	20998.36
1014	21190.74
1015	21358.79
1016	21501.67
1017	21621.48
1018	21721.52
1019	21805.26
1020	21876.16
1021	21937.69
1022	21993.20
1023	22045.50
1024	22096.31
1025	22146.77
1026	22197.95
1027	22250.89
1028	22306.63
1029	22366.14
1030	22429.72
1031	22496.11
1032	22562.99
1033	22627.77
1034	22687.89
1035	22740.76
1036	22783.87
1037	22815.52
1038	22836.35
1039	22849.06
1040	22856.92
1041	22863.23
1042	22871.31
1043	22884.48
1044	22906.33
1045	22941.37
1046	22995.14
1047	23073.51
1048	23182.35
1049	23327.59
1050	23515.08
1051	23750.11
1052	24035.57
1053	24371.10
1054	24755.09
1055	25185.78
1056	25661.38
1057	26180.08
1058	26739.16
1059	27331.50
1060	27942.89
1061	28555.92
1062	29152.68
1063	29715.26
1064	30225.79
1065	30668.04
1066	31034.68
1067	31335.22
1068	31587.92
1069	31812.62
1070	32029.17
1071	32257.42
1072	32515.91
1073	32814.92
1074	33147.11
1075	33494.71
1076	33837.91
1077	34156.74
1078	34431.28
1079	34642.14
1080	34773.91
1081	34820.38
1082	34781.53
1083	34658.69
1084	34453.23
1085	34166.57
1086	33800.13
1087	33355.62
1088	32835.43
1089	32242.52
1090	31579.89
1091	30850.62
1092	30057.75
1093	29204.66
1094	28297.57
1095	27350.30
1096	26382.58
1097	25415.71
1098	24471.01
1099	23569.85
1100	22733.15
1101	21977.96
1102	21310.49
1103	20728.04
1104	20225.59
1105	19797.91
1106	19439.82
1107	19146.11
1108	18911.49
1109	18730.43
1110	18597.24
1111	18506.14
1112	18451.38
1113	18427.16
1114	18427.56
1115	18444.84
1116	18466.25
1117	18474.75
1118	18452.14
1119	18380.14
1120	18240.51
1121	18015.58
1122	17693.71
1123	17280.09
1124	16793.93
1125	16258.24
1126	15696.25
1127	15131.18
1128	14585.81
1129	14078.63
1130	13616.48
1131	13196.87
1132	12814.88
1133	12465.45
1134	12143.50
1135	11844.13
1136	11563.74
1137	11302.22
1138	11062.01
1139	10846.22
1140	10658.00
1141	10500.49
1142	10376.54
1143	10287.03
1144	10227.92
1145	10191.77
1146	10170.37
1147	10155.47
1148	10138.83
1149	10112.56
1150	10071.20
1151	10014.69
1152	9946.33
1153	9870.14
1154	9790.17
1155	9710.48
1156	9634.98
1157	9566.94
1158	9508.24
1159	9460.01
1160	9423.25
1161	9398.93
1162	9388.04
1163	9391.26
1164	9407.83
1165	9434.42
1166	9466.49
1167	9499.30
1168	9528.10
1169	9548.18
1170	9555.28
1171	9547.29
1172	9525.22
1173	9491.37
1174	9448.24
1175	9398.30
1176	9344.07
1177	9288.05
1178	9232.84
1179	9181.12
1180	9135.62
1181	9099.07
1182	9074.19
1183	9063.63
1184	9069.16
1185	9089.70
1186	9121.45
1187	9159.76
1188	9199.92
1189	9237.22
1190	9267.12
1191	9286.48
1192	9295.91
1193	9298.80
1194	9299.30
1195	9301.59
1196	9309.82
1197	9327.90
1198	9357.95
1199	9398.39
1200	9445.41
1201	9494.80
1202	9542.28
1203	9583.62
1204	9614.96
1205	9634.27
1206	9642.51
1207	9642.01
1208	9635.31
1209	9624.97
1210	9613.54
1211	9603.68
1212	9598.38
1213	9601.09
1214	9615.40
1215	9644.91
1216	9693.25
1217	9763.88
1218	9859.13
1219	9977.83
1220	10115.85
1221	10268.20
1222	10429.85
1223	10595.76
1224	10761.11
1225	10922.43
1226	11079.23
1227	11232.83
1228	11384.95
1229	11537.32
1230	11691.68
1231	11849.94
1232	12014.82
1233	12190.31
1234	12380.96
1235	12591.39
1236	12826.23
1237	13090.02
1238	13386.29
1239	13715.12
1240	14072.97
1241	14455.13
1242	14856.79
1243	15273.14
1244	15699.67
1245	16134.06
1246	16579.32
1247	17042.16
1248	17530.13
1249	18050.84
1250	18611.83
1251	19219.32
1252	19873.13
1253	20562.46
1254	21271.63
1255	21984.23
1256	22683.84
1257	23354.14
1258	23980.82
1259	24556.06
1260	25078.85
1261	25550.34
1262	25971.87
1263	26344.77
1264	26670.14
1265	26947.35
1266	27171.87
1267	27336.62
1268	27434.03
1269	27456.44
1270	27396.35
1271	27248.24
1272	27015.28
1273	26713.08
1274	26362.32
1275	25984.37
1276	25600.59
1277	25232.04
1278	24896.85
1279	24604.82
1280	24358.73
1281	24159.44
1282	24007.70
1283	23904.29
1284	23850.76
1285	23852.73
1286	23923.09
1287	24078.36
1288	24335.65
1289	24712.08
1290	25224.34
1291	25883.47
1292	26682.16
1293	27594.45
1294	28588.51
1295	29632.06
1296	30692.78
1297	31738.37
1298	32736.71
1299	33655.95
1300	34464.41
1301	35130.46
1302	35622.45
1303	35909.16
1304	35965.48
1305	35787.65
1306	35395.86
1307	34818.35
1308	34084.16
1309	33222.30
1310	32261.56
1311	31229.07
1312	30148.46
1313	29041.32
1314	27928.82
1315	26832.10
1316	25772.10
1317	24766.69
1318	23822.98
1319	22935.93
1320	22096.35
1321	21294.67
1322	20521.34
1323	19767.26
1324	19026.16
1325	18297.61
1326	17584.53
1327	16890.47
1328	16219.01
1329	15573.72
1330	14958.00
1331	14374.82
1332	13826.61
1333	13315.65
1334	12844.21
1335	12414.55
1336	12028.48
1337	11685.50
1338	11380.83
1339	11107.53
1340	10858.26
1341	10625.69
1342	10402.66
1343	10183.78
1344	9968.77
1345	9761.85
1346	9568.48
1347	9394.21
1348	9244.54
1349	9124.13
1350	9033.82
1351	8968.76
1352	8921.68
1353	8885.01
1354	8851.14
1355	8812.79
1356	8764.86
1357	8707.48
1358	8644.29
1359	8579.73
1360	8518.28
1361	8464.33
1362	8421.29
1363	8389.07
1364	8363.72
1365	8340.00
1366	8312.57
1367	8276.08
1368	8225.53
1369	8157.59
1370	8071.91
1371	7969.57
1372	7851.88
1373	7720.18
1374	7575.83
1375	7420.51
1376	7256.69
1377	7087.45
1378	6915.99
1379	6745.55
1380	6579.35
1381	6420.61
1382	6272.51
1383	6138.21
1384	6020.86
1385	5923.61
1386	5849.59
1387	5801.52
1388	5780.04
1389	5782.32
1390	5803.88
1391	5839.97
1392	5885.83
1393	5936.93
1394	5990.18
1395	6045.99
1396	6107.06
1397	6176.67
1398	6258.09
1399	6354.49
1400	6467.95
1401	6597.09
1402	6737.18
1403	6882.52
1404	7027.31
1405	7165.82
1406	7293.24
1407	7408.56
1408	7515.87
1409	7621.25
1410	7731.02
1411	7851.49
1412	7989.07
1413	8150.47
1414	8343.01
1415	8574.31
1416	8852.06
1417	9183.92
1418	9577.43
1419	10039.08
1420	10572.94
1421	11181.45
1422	11866.71
1423	12630.79
1424	13476.11
1425	14408.51
1426	15443.72
1427	16606.06
1428	17922.23
1429	19419.09
1430	21122.70
1431	23048.19
1432	25172.23
1433	27428.74
1434	29737.26
1435	32016.00
1436	34183.39
1437	36163.20
1438	37901.51
1439	39375.51
1440	40574.86
1441	41490.73
1442	42114.51
1443	42440.33
1444	42476.15
1445	42253.48
1446	41814.90
1447	41204.76
1448	40467.41
1449	39646.20
1450	38778.56
1451	37889.94
1452	36999.18
1453	36123.91
1454	35281.61
1455	34488.45
1456	33750.95
1457	33053.61
1458	32366.79
1459	31657.73
1460	30893.57
1461	30042.71
1462	29084.05
1463	28023.19
1464	26885.41
1465	25700.83
1466	24499.77
1467	23312.09
1468	22162.93
1469	21064.31
1470	20017.41
1471	19020.51
1472	18071.71
1473	17169.13
1474	16310.92
1475	15495.41
1476	14721.03
1477	13986.29
1478	13289.69
1479	12629.76
1480	12005.41
1481	11416.72
1482	10864.96
1483	10351.72
1484	9878.61
1485	9447.19
1486	9058.08
1487	8708.86
1488	8394.07
1489	8107.24
1490	7841.85
1491	7591.45
1492	7350.71
1493	7117.98
1494	6895.45
1495	6686.57
1496	6494.86
1497	6323.76
1498	6175.43
1499	6047.80
1500	5934.35
1501	5827.17
1502	5718.21
1503	5599.56
1504	5465.18
1505	5315.03
1506	5155.30
1507	4994.10
1508	4839.71
1509	4700.25
1510	4582.08
1511	4485.89
1512	4406.85
1513	4338.41
1514	4273.93
1515	4206.86
1516	4132.11
1517	4048.95
1518	3960.61
1519	3871.52
1520	3786.16
1521	3708.91
1522	3642.92
1523	3587.97
1524	3540.93
1525	3497.94
1526	3455.07
1527	3408.57
1528	3356.25
1529	3299.99
1530	3244.67
1531	3195.96
1532	3159.53
1533	3140.72
1534	3142.12
1535	3159.97
1536	3186.30
1537	3212.22
1538	3228.81
1539	3227.75
1540	3204.38
1541	3161.62
1542	3106.69
1543	3047.64
1544	2992.54
1545	2948.81
1546	2920.56
1547	2906.11
1548	2900.93
1549	2900.07
1550	2898.55
1551	2891.89
1552	2877.74
1553	2856.80
1554	2831.07
1555	2802.68
1556	2773.77
1557	2746.22
1558	2720.99
1559	2697.96
1560	2676.67
1561	2656.59
1562	2637.23
1563	2618.40
1564	2600.76
1565	2585.76
1566	2575.09
1567	2570.43
1568	2573.34
1569	2584.21
1570	2600.62
1571	2618.20
1572	2632.12
1573	2637.54
1574	2630.13
1575	2608.31
1576	2575.83
1577	2539.29
1578	2505.75
1579	2482.28
1580	2475.01
1581	2486.10
1582	2512.07
1583	2547.11
1584	2585.15
1585	2620.16
1586	2647.07
1587	2663.98
1588	2672.19
1589	2674.02
1590	2671.90
1591	2668.16
1592	2664.64
1593	2661.90
1594	2659.58
1595	2657.10
1596	2653.88
1597	2649.47
1598	2644.16
1599	2639.55
1600	2637.91
1601	2641.62
1602	2653.04
1603	2674.07
1604	2704.93
1605	2743.73
1606	2787.82
1607	2834.49
1608	2881.14
1609	2926.27
1610	2971.40
1611	3020.45
1612	3077.99
1613	3148.60
1614	3236.48
1615	3343.58
1616	3467.64
1617	3604.19
1618	3748.38
1619	3895.39
1620	4041.52
1621	4187.18
1622	4337.71
1623	4500.23
1624	4682.04
1625	4890.30
1626	5131.11
1627	5407.75
1628	5721.50
1629	6073.09
1630	6463.29
1631	6893.15
1632	7365.30
1633	7884.92
1634	8458.39
1635	9092.26
1636	9793.28
1637	10570.80
1638	11442.19
1639	12432.60
1640	13569.50
1641	14880.50
1642	16391.43
1643	18117.54
1644	20052.65
1645	22178.67
1646	24475.23
1647	26921.34
1648	29488.20
1649	32118.87
1650	34723.82
1651	37202.25
1652	39452.29
1653	41373.55
1654	42876.21
1655	43894.18
1656	44376.54
1657	44275.59
1658	43544.80
1659	42155.04
1660	40144.30
1661	37635.77
1662	34784.26
1663	31747.90
1664	28681.52
1665	25714.50
1666	22916.56
1667	20317.84
1668	17939.59
1669	15802.42
1670	13922.94
1671	12302.25
1672	10921.83
1673	9755.82
1674	8777.61
1675	7960.74
1676	7280.33
1677	6715.06
1678	6245.83
1679	5854.06
1680	5521.27
1681	5230.69
1682	4971.63
1683	4740.47
1684	4536.02
1685	4357.35
1686	4203.26
1687	4070.93
1688	3954.29
1689	3845.39
1690	3735.99
1691	3618.02
1692	3486.08
1693	3343.20
1694	3200.53
1695	3071.74
1696	2970.58
1697	2909.20
1698	2891.73
1699	2909.12
1700	2946.24
1701	2987.02
1702	3015.90
1703	3021.64
1704	3004.11
1705	2971.48
1706	2933.92
1707	2901.63
1708	2883.44
1709	2882.99
1710	2897.60
1711	2922.35
1712	2952.08
1713	2982.20
1714	3011.36
1715	3044.36
1716	3089.26
1717	3154.71
1718	3249.11
1719	3378.40
1720	3541.70
1721	3732.64
1722	3943.37
1723	4166.06
1724	4394.55
1725	4629.13
1726	4878.07
1727	5152.58
1728	5464.13
1729	5822.89
1730	6231.99
1731	6681.62
1732	7155.40
1733	7635.85
1734	8105.93
1735	8552.74
1736	8973.73
1737	9373.95
1738	9760.22
1739	10139.20
1740	10513.77
1741	10874.27
1742	11198.03
1743	11458.21
1744	11627.76
1745	11682.90
1746	11613.92
1747	11431.55
1748	11155.01
1749	10804.55
1750	10399.73
1751	9955.65
1752	9478.72
1753	8970.71
1754	8432.52
1755	7865.42
1756	7273.61
1757	6668.65
1758	6067.33
1759	5487.66
1760	4947.46
1761	4461.83
1762	4037.41
1763	3673.07
1764	3365.35
1765	3110.63
1766	2904.76
1767	2741.78
1768	2613.53
1769	2511.11
1770	2425.55
1771	2348.62
1772	2275.24
1773	2205.02
1774	2139.56
1775	2080.71
1776	2030.10
1777	1988.25
1778	1953.66
1779	1923.83
1780	1896.08
1781	1868.03
1782	1839.09
1783	1812.43
1784	1793.45
1785	1787.95
1786	1801.22
1787	1834.69
1788	1880.47
1789	1924.35
1790	1950.72
1791	1944.50
1792	1896.33
1793	1811.85
1794	1708.38
1795	1606.15
1796	1525.14
1797	1480.77
1798	1475.30
1799	1499.60
1800	1541.36
1801	1588.20
1802	1629.17
1803	1657.68
1804	1671.30
1805	1668.85
1806	1649.32
1807	1612.91
1808	1563.76
1809	1509.96
1810	1460.84
1811	1425.72
1812	1412.11
1813	1421.54
1814	1449.23
1815	1488.32
1816	1531.85
1817	1573.34
1818	1608.15
1819	1633.58
1820	1647.58
1821	1648.19
1822	1634.19
1823	1606.84
1824	1570.04
1825	1528.59
1826	1487.32
1827	1450.45
1828	1420.29
1829	1397.06
1830	1380.33
1831	1369.62
1832	1364.60
1833	1365.45
1834	1372.88
1835	1387.74
1836	1410.81
1837	1441.76
1838	1476.90
1839	1509.34
1840	1531.30
1841	1535.17
1842	1515.92
1843	1476.02
1844	1424.34
1845	1371.51
1846	1327.98
1847	1301.46
1848	1292.53
1849	1296.29
1850	1306.46
1851	1316.91
1852	1323.23
1853	1325.02
1854	1324.64
1855	1325.02
1856	1328.96
1857	1338.09
1858	1351.66
1859	1367.52
1860	1383.27
1861	1396.60
1862	1405.79
1863	1410.09
1864	1409.28
1865	1403.21
1866	1392.04
1867	1377.12
1868	1361.58
1869	1349.28
1870	1344.15
1871	1349.16
1872	1364.04
1873	1384.65
1874	1405.52
1875	1421.15
1876	1427.10
1877	1422.13
1878	1407.89
1879	1386.89
1880	1361.69
1881	1334.82
1882	1308.74
1883	1285.91
1884	1268.72
1885	1259.42
1886	1259.22
1887	1267.38
1888	1282.14
1889	1301.54
1890	1323.50
1891	1345.37
1892	1363.75
1893	1374.93
1894	1375.29
1895	1362.75
1896	1340.39
1897	1316.44
1898	1300.72
1899	1302.62
1900	1326.91
1901	1367.04
1902	1408.40
1903	1434.57
1904	1430.66
1905	1390.25
1906	1322.09
1907	1242.40
1908	1168.51
1909	1115.79
1910	1092.04
1911	1095.98
1912	1123.10
1913	1168.43
1914	1226.07
1915	1287.68
1916	1342.95
1917	1381.12
1918	1392.65
1919	1374.61
1920	1336.39
1921	1293.67
1922	1263.00
1923	1257.99
1924	1281.33
1925	1322.97
1926	1368.40
1927	1403.22
1928	1417.38
1929	1411.68
1930	1394.66
1931	1376.68
1932	1366.83
1933	1367.95
1934	1372.99
1935	1370.44
1936	1348.62
1937	1300.69
1938	1234.68
1939	1172.47
1940	1139.87
1941	1160.32
1942	1241.84
1943	1362.42
1944	1483.93
1945	1565.88
1946	1576.14
1947	1512.24
1948	1404.45
1949	1293.99
1950	1220.73
1951	1209.04
1952	1249.47
1953	1312.09
1954	1363.09
1955	1374.17
1956	1338.34
1957	1274.24
1958	1209.65
1959	1171.79
1960	1177.55
1961	1220.55
1962	1279.72
1963	1331.06
1964	1353.97
1965	1340.88
1966	1299.88
1967	1244.64
1968	1188.91
1969	1143.43
1970	1112.38
1971	1095.97
1972	1093.59
1973	1104.33
1974	1126.44
1975	1157.22
1976	1193.65
1977	1232.69
1978	1271.34
1979	1306.66
1980	1335.74
1981	1355.79
1982	1365.09
1983	1365.24
1984	1360.79
1985	1357.12
1986	1358.82
1987	1366.57
1988	1375.01
1989	1376.18
1990	1362.29
1991	1329.84
1992	1285.68
1993	1243.82
1994	1219.74
1995	1225.67
1996	1262.23
1997	1316.90
1998	1372.79
1999	1413.71
2000	1429.54
2001	1420.95
2002	1393.92
2003	1355.27
2004	1311.64
2005	1269.06
2006	1233.14
2007	1209.27
2008	1201.32
2009	1207.87
2010	1221.40
2011	1232.33
2012	1231.94
2013	1216.70
2014	1191.84
2015	1166.72
2016	1151.06
2017	1152.41
2018	1173.23
2019	1212.55
2020	1268.52
2021	1337.47
2022	1410.32
2023	1472.85
2024	1509.50
2025	1507.19
2026	1463.52
2027	1390.06
2028	1303.76
2029	1221.38
2030	1155.63
2031	1111.93
2032	1092.06
2033	1096.92
2034	1125.06
2035	1169.83
2036	1221.16
2037	1268.57
2038	1304.06
2039	1326.81
2040	1341.99
2041	1356.30
2042	1375.10
2043	1398.93
2044	1423.23
2045	1441.75
2046	1448.82
2047	1441.49
2048	1420.49
2049	1387.94
2050	1346.66
2051	1301.79
2052	1262.32
2053	1238.85
2054	1240.82
2055	1269.56
2056	1311.04
2057	1343.26
2058	1344.45
2059	1304.03
2060	1235.73
2061	1167.87
2062	1130.39
2063	1142.50
2064	1197.34
2065	1270.15
2066	1333.00
2067	1365.64
2068	1368.47
2069	1357.69
2070	1352.85
2071	1367.84
2072	1400.13
2073	1433.58
2074	1448.89
2075	1432.36
2076	1387.28
2077	1332.03
2078	1288.74
2079	1274.36
2080	1289.27
2081	1318.51
2082	1343.04
2083	1347.70
2084	1330.23
2085	1300.52
2086	1271.80
2087	1255.17
2088	1254.25
2089	1265.70
2090	1284.13
2091	1304.50
2092	1323.18
2093	1337.83
2094	1346.57
2095	1348.23
2096	1343.72
2097	1335.70
2098	1327.34
2099	1321.85
2100	1322.51
2101	1332.60
2102	1355.03
2103	1389.36
2104	1426.68
2105	1451.82
2106	1449.26
2107	1411.82
2108	1351.96
2109	1294.94
2110	1266.81
2111	1280.54
2112	1321.76
2113	1360.47
2114	1367.11
2115	1330.73
2116	1274.08
2117	1236.44
2118	1253.61
2119	1333.38
2120	1440.93
2121	1523.85
2122	1537.45
2123	1475.67
2124	1380.24
2125	1309.19
2126	1308.46
2127	1379.84
2128	1481.68
2129	1560.76
2130	1577.81
2131	1532.99
2132	1456.56
2133	1384.45
2134	1340.58
2135	1322.66
2136	1313.15
2137	1293.91
2138	1258.43
2139	1219.19
2140	1197.02
2141	1209.76
2142	1259.74
2143	1330.97
2144	1401.54
2145	1454.06
2146	1485.87
2147	1506.60
2148	1528.33
2149	1557.43
2150	1587.75
2151	1605.85
2152	1598.88
2153	1562.94
2154	1507.56
2155	1447.76
2156	1396.98
2157	1361.37
2158	1339.74
2159	1328.75
2160	1325.38
2161	1327.80
2162	1334.93
2163	1345.27
2164	1354.85
2165	1355.85
2166	1339.09
2167	1298.66
2168	1239.52
2169	1177.01
2170	1128.73
2171	1107.25
2172	1114.02
2173	1143.93
2174	1189.78
2175	1241.18
2176	1283.72
2177	1302.09
2178	1286.14
2179	1239.53
2180	1176.32
2181	1112.97
2182	1065.15
2183	1047.07
2184	1071.51
2185	1142.89
2186	1241.33
2187	1325.47
2188	1352.87
2189	1307.33
2190	1220.48
2191	1146.51
2192	1130.09
2193	1173.68
2194	1239.13
2195	1279.68
2196	1267.69
2197	1212.70
2198	1142.83
2199	1084.78
2200	1050.71
2201	1038.86
2202	1043.37
2203	1058.57
2204	1079.74
2205	1102.55
2206	1122.66
2207	1135.44
2208	1136.03
2209	1120.72
2210	1091.23
2211	1057.61
2212	1032.99
2213	1026.82
2214	1038.18
2215	1058.76
2216	1079.39
2217	1093.98
2218	1100.40
2219	1098.21
2220	1088.92
2221	1077.61
2222	1071.10
2223	1074.67
2224	1088.11
2225	1106.38
2226	1123.48
2227	1135.04
2228	1139.06
2229	1134.84
2230	1124.06
2231	1113.01
2232	1110.41
2233	1122.01
2234	1143.33
2235	1160.95
2236	1160.85
2237	1136.57
2238	1091.80
2239	1034.34
2240	973.88
2241	922.78
2242	894.19
2243	896.52
2244	925.55
2245	968.13
2246	1011.27
2247	1049.51
2248	1084.99
2249	1120.18
2250	1149.13
2251	1154.24
2252	1116.66
2253	1034.90
2254	939.61
2255	874.80
2256	868.37
2257	905.95
2258	947.50
2259	958.58
2260	935.48
2261	899.06
2262	872.82
2263	868.17
2264	884.04
2265	914.52
2266	949.74
2267	975.56
2268	979.73
2269	964.82
2270	954.70
2271	977.37
2272	1038.49
2273	1105.01
2274	1130.77
2275	1094.72
2276	1027.79
2277	983.58
2278	993.30
2279	1032.75
2280	1049.81
2281	1012.10
2282	944.02
2283	901.70
2284	923.34
2285	988.93
2286	1043.14
2287	1044.98
2288	1007.28
2289	977.25
2290	991.06
2291	1038.42
2292	1078.58
2293	1078.00
2294	1037.95
2295	982.90
2296	935.91
2297	904.07
2298	884.16
2299	874.33
2300	881.03
2301	914.22
2302	972.91
2303	1030.67
2304	1049.13
2305	1005.25
2306	911.65
2307	799.99
2308	704.16
2309	655.63
2310	677.79
2311	761.93
2312	851.34
2313	882.04
2314	841.66
2315	787.53
2316	786.45
2317	848.62
2318	921.63
2319	951.02
2320	936.52
2321	924.18
2322	951.40
2323	1001.88
2324	1025.50
2325	989.01
2326	909.55
2327	828.46
2328	775.23
2329	753.62
2330	757.05
2331	780.77
2332	823.32
2333	879.75
2334	931.87
2335	953.06
2336	931.08
2337	890.06
2338	869.87
2339	887.72
2340	920.36
2341	933.93
2342	915.43
2343	875.62
2344	831.32
2345	796.05
2346	779.78
2347	787.27
2348	815.60
2349	856.44
2350	894.59
2351	910.04
2352	894.86
2353	873.62
2354	884.53
2355	934.54
2356	979.00
2357	968.47
2358	902.39
2359	823.55
2360	774.28
2361	772.00
2362	813.84
2363	870.08
2364	889.33
2365	846.00
2366	787.80
2367	788.50
2368	858.14
2369	923.58
2370	922.51
2371	887.62
2372	897.19
2373	971.13
2374	1043.53
2375	1049.90
2376	1001.33
2377	950.51
2378	926.96
2379	921.48
2380	918.35
2381	916.25
2382	919.90
2383	925.48
2384	919.53
2385	889.61
2386	831.59
2387	754.23
2388	691.49
2389	686.44
2390	743.23
2391	811.93
2392	847.01
2393	855.81
2394	869.45
2395	899.10
2396	930.79
2397	937.48
2398	888.24
2399	784.17
2400	696.52
2401	702.43
2402	783.27
2403	849.59
2404	855.34
2405	832.00
2406	818.29
2407	817.38
2408	820.62
2409	832.13
2410	857.90
2411	881.35
2412	873.83
2413	837.16
2414	809.61
2415	817.40
2416	848.68
2417	879.24
2418	892.55
2419	884.37
2420	867.90
2421	860.01
2422	860.54
2423	857.66
2424	845.61
2425	827.97
2426	812.88
2427	806.29
2428	797.41
2429	763.14
2430	708.60
2431	680.65
2432	722.57
2433	835.42
2434	945.20
2435	916.47
2436	744.09
2437	642.97
2438	735.42
2439	859.28
2440	864.51
2441	814.80
2442	808.20
2443	844.07
2444	875.03
2445	860.57
2446	808.69
2447	776.08
2448	782.79
2449	788.68
2450	775.63
