150	3728.96
151	3719.78
152	3708.81
153	3698.70
154	3689.87
155	3682.76
156	3677.85
157	3675.64
158	3676.63
159	3681.29
160	3690.14
161	3703.66
162	3722.16
163	3745.36
164	3772.20
165	3801.38
166	3831.53
167	3861.29
168	3889.33
169	3914.28
170	3934.80
171	3949.76
172	3958.84
173	3962.71
174	3962.39
175	3958.98
176	3953.54
177	3947.16
178	3940.91
179	3935.88
180	3933.10
181	3933.54
182	3938.01
183	3947.30
184	3962.19
185	3983.44
186	4011.84
187	4048.16
188	4093.14
189	4147.14
190	4208.98
191	4275.71
192	4343.73
193	4409.39
194	4469.03
195	4518.98
196	4555.59
197	4575.26
198	4575.25
199	4555.91
200	4521.01
201	4475.52
202	4424.52
203	4373.06
204	4326.23
205	4289.10
206	4266.66
207	4262.92
208	4278.55
209	4310.80
210	4355.77
211	4409.53
212	4468.08
213	4527.47
214	4583.74
215	4632.97
216	4671.94
217	4699.50
218	4716.50
219	4724.34
220	4724.47
221	4718.35
222	4707.43
223	4693.17
224	4677.00
225	4660.26
226	4643.95
227	4628.80
228	4615.47
229	4604.63
230	4596.92
231	4593.01
232	4593.55
233	4599.16
234	4610.15
235	4626.07
236	4645.92
237	4668.57
238	4692.87
239	4717.69
240	4741.88
241	4764.31
242	4783.90
243	4799.89
244	4812.31
245	4821.62
246	4828.40
247	4833.22
248	4836.65
249	4839.25
250	4841.61
251	4844.28
252	4847.76
253	4852.45
254	4858.67
255	4866.75
256	4877.01
257	4889.77
258	4905.36
259	4924.10
260	4946.19
261	4971.40
262	4998.82
263	5027.23
264	5055.38
265	5082.01
266	5105.86
267	5125.69
268	5140.25
269	5148.57
270	5150.63
271	5147.57
272	5140.95
273	5132.35
274	5123.37
275	5115.61
276	5110.65
277	5110.07
278	5115.11
279	5126.04
280	5142.25
281	5162.86
282	5186.95
283	5213.63
284	5241.99
285	5271.14
286	5300.17
287	5328.20
288	5354.36
289	5377.84
290	5397.79
291	5413.40
292	5423.84
293	5428.28
294	5425.91
295	5416.00
296	5398.47
297	5374.38
298	5345.43
299	5313.42
300	5280.14
301	5247.40
302	5217.00
303	5190.74
304	5170.21
305	5156.16
306	5148.19
307	5145.43
308	5146.96
309	5151.84
310	5159.14
311	5167.94
312	5177.31
313	5186.46
314	5195.00
315	5202.94
316	5210.40
317	5217.54
318	5224.48
319	5231.37
320	5238.35
321	5245.55
322	5253.11
323	5261.11
324	5269.62
325	5278.73
326	5288.49
327	5298.97
328	5310.25
329	5322.38
330	5335.39
331	5349.04
332	5362.65
333	5375.36
334	5386.25
335	5394.42
336	5398.96
337	5398.95
338	5393.52
339	5382.01
340	5364.69
341	5342.84
342	5318.07
343	5292.04
344	5266.42
345	5242.87
346	5223.03
347	5208.52
348	5200.47
349	5198.88
350	5202.87
351	5211.38
352	5223.32
353	5237.60
354	5253.15
355	5268.88
356	5283.73
357	5296.76
358	5307.24
359	5314.51
360	5317.97
361	5316.97
362	5310.91
363	5299.15
364	5281.10
365	5256.52
366	5226.39
367	5192.98
368	5159.02
369	5127.24
370	5100.38
371	5081.20
372	5072.44
373	5076.67
374	5095.41
375	5127.63
376	5170.71
377	5221.66
378	5277.47
379	5335.14
380	5391.67
381	5444.07
382	5489.54
383	5526.21
384	5553.43
385	5571.10
386	5579.18
387	5577.62
388	5566.38
389	5545.43
390	5514.78
391	5475.00
392	5428.19
393	5377.69
394	5327.20
395	5280.43
396	5241.08
397	5212.86
398	5199.47
399	5204.13
400	5227.69
401	5266.94
402	5316.70
403	5371.48
404	5425.78
405	5474.11
406	5510.96
407	5530.97
408	5530.12
409	5508.78
410	5471.42
411	5423.80
412	5371.76
413	5321.13
414	5277.76
415	5247.48
416	5235.65
417	5245.02
418	5273.43
419	5316.07
420	5367.69
421	5423.02
422	5476.77
423	5523.69
424	5558.57
425	5577.28
426	5579.12
427	5566.93
428	5544.67
429	5516.37
430	5486.07
431	5457.82
432	5435.65
433	5423.31
434	5422.90
435	5433.35
436	5451.88
437	5475.41
438	5500.83
439	5525.05
440	5544.97
441	5557.55
442	5560.42
443	5553.43
444	5538.58
445	5518.59
446	5496.21
447	5474.19
448	5455.28
449	5442.24
450	5437.59
451	5442.73
452	5457.00
453	5478.68
454	5505.90
455	5536.77
456	5569.40
457	5601.89
458	5632.40
459	5659.40
460	5682.34
461	5701.56
462	5717.64
463	5731.16
464	5742.72
465	5752.91
466	5762.33
467	5771.52
468	5780.89
469	5790.55
470	5800.53
471	5810.82
472	5821.43
473	5832.34
474	5843.56
475	5855.09
476	5866.84
477	5878.58
478	5889.96
479	5900.60
480	5910.12
481	5918.14
482	5924.28
483	5928.16
484	5929.52
485	5928.49
486	5925.71
487	5921.97
488	5918.10
489	5914.93
490	5913.27
491	5913.96
492	5917.76
493	5925.09
494	5935.71
495	5949.02
496	5964.35
497	5981.03
498	5998.37
499	6015.71
500	6032.37
501	6047.68
502	6060.91
503	6071.36
504	6078.30
505	6080.98
506	6078.70
507	6070.71
508	6056.31
509	6034.94
510	6006.82
511	5973.18
512	5935.65
513	5895.91
514	5855.65
515	5816.54
516	5780.27
517	5748.44
518	5722.21
519	5701.78
520	5686.81
521	5676.88
522	5671.54
523	5670.36
524	5672.89
525	5678.69
526	5687.25
527	5697.88
528	5709.75
529	5721.98
530	5733.68
531	5743.98
532	5751.98
533	5756.82
534	5757.66
535	5753.87
536	5745.07
537	5730.96
538	5711.26
539	5685.70
540	5653.98
541	5615.84
542	5571.13
543	5520.48
544	5465.84
545	5409.85
546	5355.24
547	5304.77
548	5261.19
549	5227.23
550	5205.51
551	5197.71
552	5203.20
553	5219.79
554	5244.92
555	5276.04
556	5310.56
557	5345.92
558	5379.58
559	5409.39
560	5434.39
561	5454.74
562	5470.92
563	5483.46
564	5492.88
565	5499.69
566	5504.41
567	5507.59
568	5509.90
569	5512.17
570	5515.25
571	5520.05
572	5527.43
573	5538.29
574	5553.50
575	5573.85
576	5599.69
577	5630.67
578	5666.07
579	5705.14
580	5747.12
581	5791.25
582	5836.78
583	5882.97
584	5929.24
585	5975.31
586	6021.08
587	6066.50
588	6111.51
589	6156.06
590	6200.09
591	6243.52
592	6286.20
593	6327.70
594	6367.44
595	6404.77
596	6439.05
597	6469.65
598	6495.91
599	6517.22
600	6533.10
601	6543.57
602	6549.06
603	6550.13
604	6547.35
605	6541.28
606	6532.50
607	6521.56
608	6508.83
609	6494.05
610	6476.27
611	6454.32
612	6427.01
613	6393.13
614	6351.49
615	6300.93
616	6240.60
617	6171.05
618	6094.54
619	6014.00
620	5932.45
621	5852.87
622	5778.27
623	5711.65
624	5655.66
625	5611.56
626	5578.53
627	5554.85
628	5538.72
629	5528.30
630	5521.78
631	5517.34
632	5513.23
633	5508.09
634	5501.18
635	5492.04
636	5480.26
637	5465.46
638	5447.20
639	5425.10
640	5398.85
641	5368.66
642	5335.68
643	5301.55
644	5267.98
645	5236.67
646	5209.34
647	5187.69
648	5173.29
649	5166.84
650	5167.42
651	5173.22
652	5182.27
653	5192.58
654	5202.19
655	5209.12
656	5211.55
657	5208.66
658	5201.56
659	5192.51
660	5183.97
661	5178.40
662	5178.28
663	5186.06
664	5204.02
665	5233.15
666	5271.86
667	5317.02
668	5365.22
669	5413.03
670	5457.00
671	5493.73
672	5520.03
673	5534.21
674	5537.75
675	5533.98
676	5526.59
677	5519.30
678	5515.81
679	5519.82
680	5534.88
681	5563.49
682	5606.03
683	5661.65
684	5729.25
685	5807.73
686	5895.98
687	5992.90
688	6097.34
689	6207.97
690	6323.02
691	6440.50
692	6558.38
693	6674.63
694	6787.21
695	6894.10
696	6993.42
697	7084.11
698	7166.74
699	7242.69
700	7313.52
701	7380.77
702	7445.99
703	7510.73
704	7576.50
705	7644.65
706	7716.18
707	7791.97
708	7872.84
709	7959.63
710	8053.17
711	8154.30
712	8263.50
713	8379.79
714	8499.78
715	8619.01
716	8732.84
717	8836.63
718	8925.76
719	8995.62
720	9042.34
721	9065.14
722	9067.61
723	9055.14
724	9033.33
725	9007.80
726	8984.15
727	8967.93
728	8963.65
729	8971.83
730	8988.13
731	9006.45
732	9020.52
733	9024.04
734	9010.72
735	8974.41
736	8910.53
737	8819.78
738	8708.27
739	8583.87
740	8454.55
741	8328.32
742	8213.18
743	8116.94
744	8045.79
745	8001.20
746	7980.68
747	7980.60
748	7997.31
749	8027.12
750	8066.35
751	8111.43
752	8159.40
753	8208.84
754	8259.37
755	8310.88
756	8363.25
757	8416.35
758	8470.08
759	8524.25
760	8578.21
761	8630.44
762	8678.96
763	8721.67
764	8756.50
765	8781.34
766	8794.14
767	8793.18
768	8778.47
769	8752.63
770	8719.45
771	8682.86
772	8646.80
773	8615.23
774	8592.03
775	8580.40
776	8580.92
777	8591.12
778	8607.48
779	8626.38
780	8644.17
781	8657.21
782	8662.03
783	8656.55
784	8642.77
785	8626.23
786	8613.43
787	8610.95
788	8625.37
789	8663.23
790	8730.74
791	8831.61
792	8964.04
793	9122.80
794	9301.90
795	9495.35
796	9697.15
797	9901.31
798	10102.37
799	10297.37
800	10487.40
801	10675.38
802	10864.55
803	11058.11
804	11259.30
805	11471.30
806	11696.75
807	11936.32
808	12188.50
809	12451.04
810	12721.60
811	12997.83
812	13277.42
813	13558.20
814	13839.33
815	14123.53
816	14416.18
817	14723.32
818	15051.06
819	15405.49
820	15792.65
821	16218.02
822	16683.70
823	17185.65
824	17716.68
825	18269.06
826	18835.06
827	19406.92
828	19976.92
829	20537.77
830	21083.72
831	21610.93
832	22116.18
833	22596.37
834	23048.38
835	23469.08
836	23855.40
837	24204.51
838	24514.25
839	24782.99
840	25009.21
841	25191.43
842	25328.13
843	25417.84
844	25459.75
845	25456.34
846	25415.85
847	25349.30
848	25268.12
849	25183.77
850	25107.71
851	25051.28
852	25024.12
853	25030.29
854	25067.96
855	25133.37
856	25222.64
857	25331.87
858	25457.14
859	25594.59
860	25740.51
861	25891.60
862	26044.80
863	26197.12
864	26345.53
865	26487.04
866	26618.63
867	26737.11
868	26838.46
869	26917.68
870	26969.31
871	26987.89
872	26967.94
873	26903.98
874	26790.91
875	26626.64
876	26416.95
877	26173.48
878	25909.35
879	25637.72
880	25371.79
881	25124.67
882	24907.94
883	24726.21
884	24573.31
885	24438.45
886	24310.16
887	24176.97
888	24027.39
889	23850.38
890	23638.90
891	23397.23
892	23138.98
893	22880.31
894	22637.52
895	22426.91
896	22264.71
897	22165.34
898	22134.50
899	22163.78
900	22238.30
901	22342.24
902	22459.75
903	22574.96
904	22672.35
905	22739.53
906	22772.94
907	22776.52
908	22756.20
909	22718.04
910	22668.12
911	22612.47
912	22556.43
913	22502.00
914	22446.02
915	22382.97
916	22307.00
917	22212.28
918	22092.96
919	21943.53
920	21761.33
921	21551.29
922	21324.29
923	21092.70
924	20869.01
925	20665.68
926	20495.10
927	20368.04
928	20288.51
929	20251.00
930	20246.19
931	20264.28
932	20295.46
933	20329.92
934	20358.22
935	20373.56
936	20375.26
937	20366.73
938	20352.28
939	20336.27
940	20323.04
941	20316.89
942	20321.23
943	20336.34
944	20358.94
945	20384.54
946	20408.55
947	20426.34
948	20433.33
949	20425.42
950	20401.24
951	20364.55
952	20321.79
953	20279.85
954	20245.65
955	20226.12
956	20227.97
957	20256.09
958	20310.15
959	20385.48
960	20476.19
961	20576.33
962	20679.95
963	20781.09
964	20873.91
965	20952.97
966	21013.37
967	21050.45
968	21059.54
969	21036.01
970	20975.21
971	20872.71
972	20725.41
973	20532.87
974	20296.26
975	20017.03
976	19696.62
977	19336.52
978	18938.34
979	18505.25
980	18044.96
981	17569.14
982	17090.57
983	16622.11
984	16176.61
985	15766.85
986	15404.24
987	15094.78
988	14837.25
989	14627.74
990	14461.99
991	14335.74
992	14244.74
993	14184.81
994	14152.27
995	14144.35
996	14158.77
997	14193.33
998	14245.84
999	14314.12
1000	14395.97
1001	14489.32
1002	14592.36
1003	14703.48
1004	14821.09
1005	14943.65
1006	15069.57
1007	15197.32
1008	15325.67
1009	15454.38
1010	15584.30
1011	15716.62
1012	15852.54
1013	15993.30
1014	16140.06
1015	16293.45
1016	16451.70
1017	16609.56
1018	16760.34
1019	16897.21
1020	17013.28
1021	17101.74
1022	17156.42
1023	17174.97
1024	17162.28
1025	17127.07
1026	17078.75
1027	17026.74
1028	16980.44
1029	16948.96
1030	16938.85
1031	16950.67
1032	16980.86
1033	17024.94
1034	17078.36
1035	17136.57
1036	17195.11
1037	17250.05
1038	17299.15
1039	17341.61
1040	17377.04
1041	17405.09
1042	17425.41
1043	17437.70
1044	17442.67
1045	17444.44
1046	17450.91
1047	17471.22
1048	17514.66
1049	17590.49
1050	17707.93
1051	17875.18
1052	18096.24
1053	18369.48
1054	18691.01
1055	19056.71
1056	19462.43
1057	19904.01
1058	20376.71
1059	20873.02
1060	21381.01
1061	21886.71
1062	22375.84
1063	22834.14
1064	23247.38
1065	23602.56
1066	23893.62
1067	24127.54
1068	24318.10
1069	24480.25
1070	24629.01
1071	24779.36
1072	24945.34
1073	25134.95
1074	25343.32
1075	25557.97
1076	25764.90
1077	25950.02
1078	26099.26
1079	26199.04
1080	26239.15
1081	26217.38
1082	26136.79
1083	26001.63
1084	25816.21
1085	25584.83
1086	25311.68
1087	25000.09
1088	24651.20
1089	24264.54
1090	23839.29
1091	23374.56
1092	22869.50
1093	22323.57
1094	21738.91
1095	21124.89
1096	20496.54
1097	19870.32
1098	19262.77
1099	18690.43
1100	18169.43
1101	17711.96
1102	17319.32
1103	16983.88
1104	16695.58
1105	16444.26
1106	16219.73
1107	16011.99
1108	15812.82
1109	15619.02
1110	15431.62
1111	15252.80
1112	15084.84
1113	14930.00
1114	14790.33
1115	14665.95
1116	14551.38
1117	14436.43
1118	14309.61
1119	14159.35
1120	13974.10
1121	13742.67
1122	13457.68
1123	13122.38
1124	12748.87
1125	12351.67
1126	11945.40
1127	11544.73
1128	11163.95
1129	10814.31
1130	10498.74
1131	10213.47
1132	9952.98
1133	9711.68
1134	9483.95
1135	9264.42
1136	9049.65
1137	8841.26
1138	8644.68
1139	8466.29
1140	8312.50
1141	8189.73
1142	8103.94
1143	8057.60
1144	8044.76
1145	8053.60
1146	8070.96
1147	8083.61
1148	8078.33
1149	8042.71
1150	7969.80
1151	7864.72
1152	7740.21
1153	7610.55
1154	7490.15
1155	7393.34
1156	7333.45
1157	7317.82
1158	7341.77
1159	7394.01
1160	7461.99
1161	7533.13
1162	7594.87
1163	7635.71
1164	7649.50
1165	7639.40
1166	7613.06
1167	7578.88
1168	7545.26
1169	7520.55
1170	7512.09
1171	7522.58
1172	7548.04
1173	7581.60
1174	7616.07
1175	7644.22
1176	7658.90
1177	7654.38
1178	7630.11
1179	7591.84
1180	7547.60
1181	7505.66
1182	7474.25
1183	7461.51
1184	7473.67
1185	7511.14
1186	7568.61
1187	7639.06
1188	7715.31
1189	7790.22
1190	7856.79
1191	7909.55
1192	7947.02
1193	7970.76
1194	7983.10
1195	7986.42
1196	7983.07
1197	7975.40
1198	7965.46
1199	7954.73
1200	7944.35
1201	7935.41
1202	7928.97
1203	7926.11
1204	7928.01
1205	7936.31
1206	7953.43
1207	7982.15
1208	8025.31
1209	8085.73
1210	8166.18
1211	8268.29
1212	8389.51
1213	8522.21
1214	8656.94
1215	8784.04
1216	8893.88
1217	8977.11
1218	9027.50
1219	9047.80
1220	9048.59
1221	9042.63
1222	9042.81
1223	9062.02
1224	9112.42
1225	9201.50
1226	9326.50
1227	9478.32
1228	9646.56
1229	9820.77
1230	9990.55
1231	10146.85
1232	10286.88
1233	10417.58
1234	10550.21
1235	10696.60
1236	10868.64
1237	11078.04
1238	11334.44
1239	11640.49
1240	11991.48
1241	12380.35
1242	12799.81
1243	13242.59
1244	13701.81
1245	14173.45
1246	14660.56
1247	15171.04
1248	15713.90
1249	16298.25
1250	16933.06
1251	17625.50
1252	18373.72
1253	19161.02
1254	19963.84
1255	20757.59
1256	21517.67
1257	22219.75
1258	22843.62
1259	23382.69
1260	23844.51
1261	24241.24
1262	24585.36
1263	24889.38
1264	25164.90
1265	25417.41
1266	25638.41
1267	25810.41
1268	25914.00
1269	25929.66
1270	25838.06
1271	25623.56
1272	25286.36
1273	24849.35
1274	24344.73
1275	23805.91
1276	23266.29
1277	22758.69
1278	22309.80
1279	21929.04
1280	21611.23
1281	21347.26
1282	21127.76
1283	20943.41
1284	20786.24
1285	20655.38
1286	20562.65
1287	20526.21
1288	20565.25
1289	20698.97
1290	20946.20
1291	21320.55
1292	21818.74
1293	22420.30
1294	23099.36
1295	23829.61
1296	24584.73
1297	25338.38
1298	26064.06
1299	26734.96
1300	27324.10
1301	27804.45
1302	28148.98
1303	28331.07
1304	28329.21
1305	28140.12
1306	27780.85
1307	27275.34
1308	26648.16
1309	25923.91
1310	25126.96
1311	24280.40
1312	23404.52
1313	22517.96
1314	21639.07
1315	20786.13
1316	19977.25
1317	19227.29
1318	18539.86
1319	17905.81
1320	17311.68
1321	16743.59
1322	16187.69
1323	15630.92
1324	15065.16
1325	14492.40
1326	13920.44
1327	13358.17
1328	12814.54
1329	12298.39
1330	11817.20
1331	11373.85
1332	10966.53
1333	10591.90
1334	10246.47
1335	9926.79
1336	9629.60
1337	9352.78
1338	9096.28
1339	8861.12
1340	8648.49
1341	8459.57
1342	8295.47
1343	8156.15
1344	8038.34
1345	7935.94
1346	7842.05
1347	7749.72
1348	7652.05
1349	7543.07
1350	7421.07
1351	7290.58
1352	7158.86
1353	7033.49
1354	6922.08
1355	6831.89
1356	6767.68
1357	6728.30
1358	6708.60
1359	6702.54
1360	6704.03
1361	6707.03
1362	6706.10
1363	6697.96
1364	6681.68
1365	6657.13
1366	6624.25
1367	6582.97
1368	6533.10
1369	6473.90
1370	6403.54
1371	6319.75
1372	6220.12
1373	6102.30
1374	5964.19
1375	5806.02
1376	5634.00
1377	5458.80
1378	5292.15
1379	5145.85
1380	5031.54
1381	4958.29
1382	4926.14
1383	4924.82
1384	4940.51
1385	4959.09
1386	4966.46
1387	4950.19
1388	4905.93
1389	4843.13
1390	4777.73
1391	4726.65
1392	4706.86
1393	4734.41
1394	4818.72
1395	4953.52
1396	5122.01
1397	5305.01
1398	5483.25
1399	5637.77
1400	5753.51
1401	5827.58
1402	5868.72
1403	5889.22
1404	5901.60
1405	5918.35
1406	5950.83
1407	6005.86
1408	6084.16
1409	6184.08
1410	6303.69
1411	6441.03
1412	6594.48
1413	6763.98
1414	6952.37
1415	7163.95
1416	7403.28
1417	7674.91
1418	7983.52
1419	8334.57
1420	8735.36
1421	9194.44
1422	9720.62
1423	10322.72
1424	11009.59
1425	11790.25
1426	12674.27
1427	13671.66
1428	14792.57
1429	16047.16
1430	17445.10
1431	18989.26
1432	20658.67
1433	22405.88
1434	24174.50
1435	25907.32
1436	27547.28
1437	29041.05
1438	30350.76
1439	31460.12
1440	32361.49
1441	33048.31
1442	33514.13
1443	33754.56
1444	33775.47
1445	33600.16
1446	33260.14
1447	32788.24
1448	32217.28
1449	31579.39
1450	30902.45
1451	30205.83
1452	29504.21
1453	28811.37
1454	28141.02
1455	27505.83
1456	26911.13
1457	26345.48
1458	25786.61
1459	25209.90
1460	24590.66
1461	23905.16
1462	23137.81
1463	22293.70
1464	21393.17
1465	20460.31
1466	19519.38
1467	18594.16
1468	17703.94
1469	16855.44
1470	16045.00
1471	15266.20
1472	14512.45
1473	13777.35
1474	13056.72
1475	12352.95
1476	11674.37
1477	11031.01
1478	10433.05
1479	9890.39
1480	9410.16
1481	8990.62
1482	8621.47
1483	8289.79
1484	7982.47
1485	7686.61
1486	7391.68
1487	7095.03
1488	6801.98
1489	6520.36
1490	6258.20
1491	6023.39
1492	5821.96
1493	5653.67
1494	5511.77
1495	5387.46
1496	5271.72
1497	5155.69
1498	5032.12
1499	4899.25
1500	4761.01
1501	4623.15
1502	4491.58
1503	4372.13
1504	4269.39
1505	4183.92
1506	4112.20
1507	4049.39
1508	3990.55
1509	3930.80
1510	3866.09
1511	3794.94
1512	3718.44
1513	3638.43
1514	3556.83
1515	3475.54
1516	3396.39
1517	3321.02
1518	3250.84
1519	3187.24
1520	3131.59
1521	3085.17
1522	3048.61
1523	3020.56
1524	2998.07
1525	2977.70
1526	2956.03
1527	2929.71
1528	2896.26
1529	2855.35
1530	2808.35
1531	2757.00
1532	2703.09
1533	2648.39
1534	2594.73
1535	2544.00
1536	2498.11
1537	2459.04
1538	2428.70
1539	2408.86
1540	2400.15
1541	2400.86
1542	2407.95
1543	2418.14
1544	2428.14
1545	2434.90
1546	2436.61
1547	2433.65
1548	2427.46
1549	2419.64
1550	2411.79
1551	2405.29
1552	2400.45
1553	2396.11
1554	2390.47
1555	2381.66
1556	2367.83
1557	2347.58
1558	2321.13
1559	2290.58
1560	2258.70
1561	2228.31
1562	2202.17
1563	2182.48
1564	2169.67
1565	2162.61
1566	2159.68
1567	2159.24
1568	2159.72
1569	2159.92
1570	2159.57
1571	2159.10
1572	2159.05
1573	2159.99
1574	2162.42
1575	2166.40
1576	2171.20
1577	2175.64
1578	2178.48
1579	2178.49
1580	2174.77
1581	2167.81
1582	2160.14
1583	2155.06
1584	2156.01
1585	2166.33
1586	2188.25
1587	2220.33
1588	2257.36
1589	2292.98
1590	2320.72
1591	2334.45
1592	2330.73
1593	2312.88
1594	2289.05
1595	2268.53
1596	2260.64
1597	2273.87
1598	2312.21
1599	2371.54
1600	2443.64
1601	2519.63
1602	2590.66
1603	2649.27
1604	2693.16
1605	2726.40
1606	2755.35
1607	2786.62
1608	2826.64
1609	2880.14
1610	2947.26
1611	3024.40
1612	3107.02
1613	3190.52
1614	3270.92
1615	3347.60
1616	3426.34
1617	3516.25
1618	3627.02
1619	3768.28
1620	3947.89
1621	4167.20
1622	4419.71
1623	4696.11
1624	4986.81
1625	5282.73
1626	5578.79
1627	5880.28
1628	6200.11
1629	6553.02
1630	6953.82
1631	7415.88
1632	7945.71
1633	8538.52
1634	9184.38
1635	9872.54
1636	10592.71
1637	11339.72
1638	12124.67
1639	12974.28
1640	13920.02
1641	14993.66
1642	16225.50
1643	17636.95
1644	19231.49
1645	21002.58
1646	22941.78
1647	25040.11
1648	27281.77
1649	29626.38
1650	32005.10
1651	34339.21
1652	36549.07
1653	38555.03
1654	40277.92
1655	41639.56
1656	42562.43
1657	42969.16
1658	42783.39
1659	41946.52
1660	40468.49
1661	38446.14
1662	36008.61
1663	33288.48
1664	30416.60
1665	27510.06
1666	24653.73
1667	21911.00
1668	19340.51
1669	17000.16
1670	14939.60
1671	13176.45
1672	11687.66
1673	10435.13
1674	9379.08
1675	8480.51
1676	7706.11
1677	7035.41
1678	6456.16
1679	5957.89
1680	5530.20
1681	5163.07
1682	4847.78
1683	4577.12
1684	4344.42
1685	4143.05
1686	3966.47
1687	3808.61
1688	3664.36
1689	3529.15
1690	3398.52
1691	3268.17
1692	3135.52
1693	3003.46
1694	2880.19
1695	2775.52
1696	2699.33
1697	2660.12
1698	2659.69
1699	2688.77
1700	2732.98
1701	2777.16
1702	2806.63
1703	2810.54
1704	2788.07
1705	2745.83
1706	2692.25
1707	2635.82
1708	2584.67
1709	2545.52
1710	2523.36
1711	2522.56
1712	2547.40
1713	2601.57
1714	2685.34
1715	2792.48
1716	2913.32
1717	3037.61
1718	3155.32
1719	3259.25
1720	3349.83
1721	3433.73
1722	3519.23
1723	3614.74
1724	3728.28
1725	3866.52
1726	4034.44
1727	4236.42
1728	4476.72
1729	4758.98
1730	5083.34
1731	5443.60
1732	5830.27
1733	6233.36
1734	6642.94
1735	7050.01
1736	7447.87
1737	7831.50
1738	8196.30
1739	8537.60
1740	8849.79
1741	9124.09
1742	9348.40
1743	9509.61
1744	9594.58
1745	9591.94
1746	9498.03
1747	9320.36
1748	9071.06
1749	8762.83
1750	8408.07
1751	8017.15
1752	7596.45
1753	7150.27
1754	6682.50
1755	6197.29
1756	5700.86
1757	5204.65
1758	4723.75
1759	4274.14
1760	3871.50
1761	3527.82
1762	3243.76
1763	3009.52
1764	2812.19
1765	2638.77
1766	2477.90
1767	2324.36
1768	2180.21
1769	2050.09
1770	1938.87
1771	1850.59
1772	1785.79
1773	1739.77
1774	1705.59
1775	1676.07
1776	1644.49
1777	1606.72
1778	1563.26
1779	1516.89
1780	1470.79
1781	1428.16
1782	1392.17
1783	1365.93
1784	1352.53
1785	1355.05
1786	1376.21
1787	1416.11
1788	1468.50
1789	1522.89
1790	1567.80
1791	1592.12
1792	1588.34
1793	1558.44
1794	1511.81
1795	1459.67
1796	1413.16
1797	1381.03
1798	1365.22
1799	1361.76
1800	1365.06
1801	1369.47
1802	1370.05
1803	1364.01
1804	1350.63
1805	1329.79
1806	1301.49
1807	1266.57
1808	1228.62
1809	1193.98
1810	1169.88
1811	1163.46
1812	1179.91
1813	1217.82
1814	1268.80
1815	1322.22
1816	1367.37
1817	1395.22
1818	1402.47
1819	1391.99
1820	1368.72
1821	1337.75
1822	1304.01
1823	1271.90
1824	1245.23
1825	1227.62
1826	1222.58
1827	1232.36
1828	1255.01
1829	1284.13
1830	1311.91
1831	1330.54
1832	1333.64
1833	1319.63
1834	1291.66
1835	1254.43
1836	1212.69
1837	1170.97
1838	1133.07
1839	1102.10
1840	1080.92
1841	1072.29
1842	1077.69
1843	1094.89
1844	1118.54
1845	1142.43
1846	1160.45
1847	1168.15
1848	1165.35
1849	1155.16
1850	1141.54
1851	1128.45
1852	1119.64
1853	1118.33
1854	1127.42
1855	1149.71
1856	1187.38
1857	1238.92
1858	1295.14
1859	1342.39
1860	1366.24
1861	1353.93
1862	1301.64
1863	1221.37
1864	1132.91
1865	1057.16
1866	1012.58
1867	1006.65
1868	1030.86
1869	1070.06
1870	1108.39
1871	1132.26
1872	1136.39
1873	1125.22
1874	1106.56
1875	1088.44
1876	1077.66
1877	1077.31
1878	1087.08
1879	1105.66
1880	1131.60
1881	1162.57
1882	1194.17
1883	1220.57
1884	1235.64
1885	1233.85
1886	1213.21
1887	1178.53
1888	1138.18
1889	1101.14
1890	1075.25
1891	1063.59
1892	1062.47
1893	1065.47
1894	1065.96
1895	1059.04
1896	1045.54
1897	1032.02
1898	1026.87
1899	1038.07
1900	1069.46
1901	1114.59
1902	1159.77
1903	1189.65
1904	1190.37
1905	1156.13
1906	1095.63
1907	1024.72
1908	960.28
1909	916.95
1910	900.91
1911	908.14
1912	930.97
1913	961.47
1914	992.80
1915	1020.93
1916	1044.13
1917	1061.23
1918	1071.24
1919	1074.11
1920	1071.40
1921	1065.53
1922	1059.05
1923	1054.30
1924	1052.83
1925	1055.23
1926	1061.80
1927	1072.70
1928	1087.47
1929	1104.05
1930	1119.27
1931	1129.72
1932	1132.43
1933	1126.66
1934	1115.16
1935	1102.26
1936	1092.41
1937	1088.61
1938	1089.60
1939	1090.07
1940	1083.60
1941	1064.51
1942	1032.02
1943	994.83
1944	966.75
1945	962.27
1946	992.12
1947	1053.87
1948	1130.55
1949	1200.31
1950	1242.18
1951	1243.81
1952	1211.65
1953	1163.57
1954	1119.59
1955	1096.76
1956	1100.67
1957	1123.14
1958	1151.03
1959	1171.32
1960	1174.90
1961	1161.62
1962	1136.97
1963	1107.61
1964	1079.72
1965	1057.54
1966	1042.95
1967	1036.98
1968	1040.33
1969	1052.03
1970	1067.51
1971	1080.06
1972	1082.63
1973	1069.88
1974	1042.37
1975	1007.11
1976	973.21
1977	949.50
1978	941.90
1979	950.81
1980	973.72
1981	1007.51
1982	1048.08
1983	1088.59
1984	1119.65
1985	1131.22
1986	1115.11
1987	1071.67
1988	1014.45
1989	962.75
1990	935.69
1991	944.86
1992	983.63
1993	1032.71
1994	1070.19
1995	1078.36
1996	1054.81
1997	1014.44
1998	977.89
1999	964.56
2000	984.30
2001	1029.95
2002	1086.02
2003	1136.02
2004	1167.08
2005	1175.70
2006	1165.40
2007	1141.45
2008	1109.23
2009	1074.14
2010	1041.64
2011	1017.17
2012	1005.57
2013	1008.60
2014	1022.82
2015	1042.38
2016	1061.29
2017	1075.38
2018	1084.83
2019	1092.67
2020	1102.49
2021	1116.80
2022	1134.57
2023	1151.48
2024	1162.27
2025	1162.30
2026	1149.76
2027	1126.59
2028	1096.16
2029	1062.20
2030	1029.29
2031	1003.66
2032	992.24
2033	1001.38
2034	1032.09
2035	1073.18
2036	1105.69
2037	1109.68
2038	1072.76
2039	1003.76
2040	929.30
2041	880.32
2042	881.57
2043	935.83
2044	1022.48
2045	1113.44
2046	1182.98
2047	1217.56
2048	1219.80
2049	1198.53
2050	1162.96
2051	1120.52
2052	1075.83
2053	1032.19
2054	992.72
2055	960.43
2056	938.18
2057	928.71
2058	934.46
2059	955.62
2060	987.66
2061	1023.19
2062	1054.53
2063	1076.23
2064	1088.29
2065	1094.44
2066	1099.05
2067	1104.50
2068	1107.90
2069	1102.34
2070	1080.27
2071	1037.81
2072	981.48
2073	926.43
2074	889.75
2075	884.38
2076	910.70
2077	957.96
2078	1012.45
2079	1062.16
2080	1100.97
2081	1128.14
2082	1144.48
2083	1150.45
2084	1145.10
2085	1126.14
2086	1091.13
2087	1040.21
2088	981.56
2089	930.88
2090	905.60
2091	918.40
2092	967.09
2093	1035.91
2094	1105.54
2095	1159.87
2096	1192.93
2097	1207.56
2098	1208.98
2099	1201.99
2100	1189.70
2101	1173.87
2102	1155.90
2103	1137.07
2104	1118.35
2105	1100.52
2106	1084.31
2107	1070.41
2108	1059.40
2109	1051.83
2110	1048.15
2111	1048.43
2112	1051.87
2113	1057.21
2114	1063.26
2115	1069.72
2116	1077.88
2117	1089.81
2118	1107.07
2119	1128.33
2120	1147.95
2121	1158.49
2122	1153.69
2123	1132.77
2124	1101.67
2125	1068.73
2126	1041.72
2127	1025.69
2128	1023.05
2129	1035.14
2130	1060.86
2131	1092.99
2132	1119.60
2133	1128.73
2134	1115.66
2135	1090.99
2136	1074.21
2137	1083.66
2138	1123.52
2139	1175.10
2140	1209.73
2141	1203.51
2142	1155.53
2143	1092.04
2144	1047.90
2145	1048.91
2146	1092.70
2147	1153.26
2148	1199.70
2149	1210.75
2150	1186.31
2151	1138.75
2152	1083.06
2153	1034.78
2154	1010.13
2155	1025.04
2156	1088.45
2157	1186.78
2158	1284.24
2159	1340.33
2160	1329.45
2161	1261.41
2162	1168.85
2163	1086.50
2164	1036.30
2165	1020.20
2166	1031.42
2167	1060.76
2168	1095.08
2169	1117.65
2170	1112.05
2171	1070.96
2172	1006.35
2173	941.28
2174	897.75
2175	884.80
2176	894.54
2177	913.00
2178	927.86
2179	932.94
2180	926.73
2181	909.99
2182	888.65
2183	876.88
2184	891.83
2185	944.09
2186	1023.31
2187	1100.59
2188	1143.94
2189	1132.65
2190	1066.88
2191	957.47
2192	820.84
2193	685.53
2194	591.50
2195	577.29
2196	654.86
2197	786.53
2198	910.40
2199	973.99
2200	967.50
2201	921.82
2202	877.05
2203	858.28
2204	862.75
2205	874.46
2206	879.17
2207	873.98
2208	865.73
2209	862.14
2210	862.73
2211	854.16
2212	819.08
2213	751.48
2214	675.44
2215	635.91
2216	671.83
2217	780.83
2218	910.32
2219	994.41
2220	993.84
2221	925.61
2222	836.63
2223	770.53
2224	744.91
2225	754.38
2226	786.93
2227	829.54
2228	868.40
2229	890.33
2230	888.52
2231	869.55
2232	847.54
2233	835.33
2234	837.43
2235	850.97
2236	870.95
2237	892.05
2238	908.66
2239	915.54
2240	909.81
2241	893.08
2242	869.40
2243	844.01
2244	824.15
2245	818.23
2246	831.71
2247	859.40
2248	885.55
2249	894.13
2250	881.70
2251	862.26
2252	854.73
2253	868.21
2254	892.68
2255	909.47
2256	904.52
2257	877.69
2258	837.53
2259	793.10
2260	749.73
2261	709.62
2262	673.87
2263	642.46
2264	614.43
2265	590.07
2266	575.52
2267	583.91
2268	627.31
2269	702.56
2270	784.25
2271	840.96
2272	855.40
2273	835.86
2274	802.04
2275	773.01
2276	763.23
2277	782.97
2278	830.82
2279	882.36
2280	902.66
2281	872.82
2282	814.53
2283	771.82
2284	773.46
2285	800.99
2286	807.87
2287	763.58
2288	691.74
2289	649.59
2290	676.40
2291	748.25
2292	801.18
2293	791.26
2294	746.26
2295	738.58
2296	815.06
2297	936.57
2298	1012.27
2299	980.07
2300	870.95
2301	769.93
2302	740.10
2303	771.88
2304	815.56
2305	830.67
2306	811.25
2307	770.13
2308	723.21
2309	685.83
2310	670.22
2311	675.64
2312	681.95
2313	666.47
2314	628.92
2315	598.88
2316	606.67
2317	646.46
2318	673.65
2319	648.55
2320	583.35
2321	534.16
2322	549.38
2323	627.47
2324	732.40
2325	825.28
2326	877.74
2327	872.91
2328	820.52
2329	768.60
2330	768.28
2331	823.79
2332	885.08
2333	899.88
2334	861.53
2335	801.02
2336	749.86
2337	718.97
2338	706.25
2339	704.87
2340	704.70
2341	696.60
2342	679.31
2343	659.97
2344	648.57
2345	655.73
2346	689.37
2347	742.52
2348	784.27
2349	784.06
2350	749.21
2351	725.45
2352	746.93
2353	790.83
2354	803.19
2355	753.75
2356	659.61
2357	557.92
2358	487.99
2359	483.67
2360	548.78
2361	631.98
2362	670.21
2363	655.82
2364	641.48
2365	665.87
2366	693.12
2367	659.84
2368	566.14
2369	495.09
2370	517.15
2371	603.50
2372	673.32
2373	689.55
2374	684.63
2375	693.51
2376	699.04
2377	664.70
2378	605.89
2379	598.14
2380	675.88
2381	742.54
2382	675.50
2383	509.84
2384	431.58
2385	550.24
2386	754.84
2387	878.71
2388	889.02
2389	859.40
2390	835.95
2391	793.53
2392	712.39
2393	641.10
2394	641.58
2395	695.98
2396	722.27
2397	684.82
2398	638.78
2399	640.04
2400	670.02
2401	683.50
2402	682.46
2403	702.07
2404	734.61
2405	717.31
2406	632.29
2407	571.28
2408	615.19
2409	699.84
2410	708.56
2411	646.87
2412	618.46
2413	659.10
2414	701.15
2415	703.14
2416	711.99
2417	760.92
2418	789.67
2419	741.84
2420	679.70
2421	694.75
2422	754.05
2423	755.27
2424	691.12
2425	646.99
2426	678.11
2427	766.80
2428	838.45
2429	803.99
2430	686.20
2431	639.77
2432	727.55
2433	818.72
2434	799.09
2435	700.86
2436	600.95
2437	546.92
2438	566.06
2439	666.20
2440	799.39
2441	855.10
2442	787.17
2443	683.90
2444	632.77
2445	633.30
2446	643.74
2447	627.09
2448	594.36
2449	600.04
2450	644.76
