150	3558.00
151	3551.97
152	3552.13
153	3563.53
154	3586.18
155	3618.44
156	3658.15
157	3703.07
158	3750.99
159	3799.69
160	3846.95
161	3890.55
162	3928.52
163	3959.77
164	3984.28
165	4002.44
166	4014.68
167	4021.44
168	4023.12
169	4020.18
170	4013.03
171	4002.20
172	3988.50
173	3973.14
174	3957.47
175	3942.83
176	3930.60
177	3922.13
178	3918.78
179	3921.91
180	3932.63
181	3951.30
182	3977.24
183	4009.45
184	4046.87
185	4088.45
186	4133.14
187	4179.87
188	4227.60
189	4275.29
190	4322.04
191	4367.06
192	4409.59
193	4448.91
194	4484.26
195	4514.91
196	4540.11
197	4559.15
198	4571.46
199	4577.07
200	4576.70
201	4571.27
202	4561.74
203	4549.07
204	4534.21
205	4518.12
206	4501.76
207	4486.02
208	4471.67
209	4459.34
210	4449.59
211	4442.99
212	4440.10
213	4441.48
214	4447.71
215	4459.32
216	4476.55
217	4498.77
218	4524.50
219	4552.00
220	4579.54
221	4605.36
222	4627.71
223	4644.86
224	4655.12
225	4657.51
226	4652.95
227	4643.95
228	4633.44
229	4624.40
230	4619.79
231	4622.59
232	4635.74
233	4662.05
234	4703.09
235	4757.30
236	4820.86
237	4889.43
238	4958.65
239	5024.14
240	5081.52
241	5126.45
242	5154.80
243	5164.09
244	5155.38
245	5131.90
246	5097.34
247	5055.41
248	5009.82
249	4964.26
250	4922.44
251	4887.81
252	4862.60
253	4846.70
254	4838.82
255	4837.46
256	4841.12
257	4848.30
258	4857.50
259	4867.21
260	4876.14
261	4883.85
262	4891.19
263	4899.59
264	4910.53
265	4925.51
266	4946.02
267	4973.57
268	5009.61
269	5055.17
270	5109.62
271	5170.32
272	5233.98
273	5297.18
274	5356.53
275	5408.63
276	5450.10
277	5477.61
278	5488.80
279	5484.12
280	5466.67
281	5440.30
282	5408.93
283	5376.47
284	5346.85
285	5323.96
286	5311.56
287	5312.16
288	5325.22
289	5348.05
290	5377.49
291	5410.34
292	5443.40
293	5473.48
294	5497.37
295	5512.09
296	5515.66
297	5508.11
298	5490.50
299	5464.07
300	5430.09
301	5389.80
302	5344.46
303	5295.32
304	5243.70
305	5191.07
306	5139.22
307	5090.00
308	5045.32
309	5007.04
310	4977.06
311	4957.26
312	4949.48
313	4955.08
314	4973.77
315	5003.75
316	5042.67
317	5088.19
318	5137.96
319	5189.60
320	5240.76
321	5289.15
322	5332.86
323	5370.98
324	5403.25
325	5429.58
326	5449.86
327	5464.01
328	5471.92
329	5473.52
330	5468.79
331	5458.18
332	5442.91
333	5424.55
334	5404.72
335	5385.06
336	5367.20
337	5352.77
338	5343.39
339	5340.33
340	5343.72
341	5352.36
342	5364.62
343	5378.80
344	5393.21
345	5406.17
346	5415.98
347	5421.03
348	5420.14
349	5413.35
350	5401.54
351	5385.85
352	5367.38
353	5347.26
354	5326.62
355	5306.57
356	5288.17
357	5272.11
358	5258.50
359	5247.14
360	5237.80
361	5230.23
362	5224.21
363	5219.48
364	5215.83
365	5213.09
366	5211.37
367	5211.08
368	5212.69
369	5216.70
370	5223.60
371	5233.90
372	5248.08
373	5266.58
374	5289.50
375	5316.11
376	5345.14
377	5375.22
378	5404.97
379	5433.01
380	5457.96
381	5478.44
382	5493.27
383	5501.98
384	5505.19
385	5503.92
386	5499.27
387	5492.33
388	5484.20
389	5475.97
390	5468.70
391	5463.26
392	5459.90
393	5458.38
394	5458.33
395	5459.38
396	5461.13
397	5463.23
398	5465.28
399	5466.94
400	5467.97
401	5468.32
402	5468.06
403	5467.26
404	5465.99
405	5464.32
406	5462.33
407	5460.08
408	5457.65
409	5455.11
410	5452.49
411	5449.85
412	5447.24
413	5444.71
414	5442.30
415	5440.08
416	5438.09
417	5436.52
418	5435.74
419	5436.20
420	5438.39
421	5442.81
422	5449.93
423	5460.25
424	5474.24
425	5492.18
426	5513.72
427	5537.89
428	5563.51
429	5589.38
430	5614.30
431	5637.07
432	5656.49
433	5671.44
434	5681.11
435	5685.35
436	5684.39
437	5678.48
438	5667.90
439	5652.93
440	5633.84
441	5610.92
442	5584.69
443	5556.35
444	5527.83
445	5501.24
446	5478.74
447	5462.47
448	5454.58
449	5457.20
450	5472.21
451	5500.08
452	5538.76
453	5584.89
454	5634.92
455	5685.29
456	5732.42
457	5772.75
458	5802.80
459	5820.02
460	5824.57
461	5819.02
462	5806.61
463	5790.66
464	5774.45
465	5761.30
466	5754.47
467	5756.91
468	5769.88
469	5792.09
470	5821.08
471	5854.27
472	5889.05
473	5922.81
474	5952.95
475	5976.96
476	5993.03
477	6001.14
478	6002.55
479	5998.86
480	5991.65
481	5982.51
482	5973.05
483	5964.85
484	5959.33
485	5957.28
486	5958.72
487	5963.41
488	5971.08
489	5981.43
490	5994.20
491	6009.10
492	6025.84
493	6044.11
494	6063.49
495	6083.53
496	6103.77
497	6123.75
498	6143.01
499	6161.08
500	6177.51
501	6191.73
502	6202.96
503	6210.21
504	6212.43
505	6208.56
506	6197.54
507	6178.32
508	6149.87
509	6111.47
510	6063.77
511	6009.30
512	5951.30
513	5893.11
514	5838.08
515	5789.55
516	5750.85
517	5725.10
518	5714.12
519	5717.01
520	5731.33
521	5754.33
522	5783.27
523	5815.39
524	5847.94
525	5878.21
526	5903.86
527	5923.59
528	5937.01
529	5943.97
530	5944.36
531	5938.04
532	5924.89
533	5904.78
534	5877.75
535	5844.37
536	5805.92
537	5763.93
538	5719.98
539	5675.63
540	5632.45
541	5591.99
542	5555.73
543	5524.57
544	5498.49
545	5476.97
546	5459.40
547	5445.20
548	5433.75
549	5424.45
550	5416.73
551	5410.14
552	5404.53
553	5400.01
554	5396.70
555	5394.76
556	5394.32
557	5395.52
558	5398.50
559	5403.39
560	5410.27
561	5419.18
562	5430.14
563	5443.17
564	5458.32
565	5475.59
566	5495.01
567	5516.58
568	5540.16
569	5565.48
570	5592.20
571	5619.98
572	5648.48
573	5677.36
574	5706.27
575	5734.90
576	5763.15
577	5791.22
578	5819.43
579	5848.16
580	5877.76
581	5908.61
582	5941.07
583	5975.46
584	6011.90
585	6050.02
586	6089.22
587	6128.81
588	6168.13
589	6206.49
590	6243.22
591	6277.67
592	6309.36
593	6338.28
594	6364.78
595	6389.26
596	6412.14
597	6433.85
598	6454.79
599	6475.37
600	6495.81
601	6515.82
602	6534.63
603	6551.32
604	6564.98
605	6574.70
606	6579.55
607	6578.62
608	6571.06
609	6556.19
610	6533.54
611	6502.72
612	6463.32
613	6414.95
614	6357.22
615	6289.75
616	6212.49
617	6126.67
618	6035.17
619	5941.47
620	5849.14
621	5761.72
622	5682.78
623	5615.86
624	5564.04
625	5528.42
626	5507.16
627	5497.19
628	5495.28
629	5498.19
630	5502.69
631	5505.54
632	5503.77
633	5495.53
634	5480.92
635	5460.92
636	5436.64
637	5409.21
638	5379.74
639	5349.35
640	5319.17
641	5290.31
642	5263.90
643	5241.08
644	5222.97
645	5210.70
646	5205.41
647	5208.22
648	5220.07
649	5240.87
650	5268.50
651	5299.79
652	5331.35
653	5359.78
654	5381.68
655	5393.68
656	5392.66
657	5377.20
658	5349.28
659	5312.80
660	5272.03
661	5231.27
662	5194.80
663	5166.90
664	5151.62
665	5151.51
666	5166.02
667	5192.82
668	5229.18
669	5272.39
670	5319.74
671	5368.50
672	5416.08
673	5460.59
674	5501.64
675	5539.75
676	5575.57
677	5609.80
678	5643.11
679	5676.18
680	5709.71
681	5744.38
682	5780.96
683	5820.20
684	5862.89
685	5909.80
686	5961.69
687	6019.35
688	6083.49
689	6154.52
690	6232.19
691	6315.92
692	6405.04
693	6498.89
694	6596.80
695	6698.11
696	6802.16
697	6908.26
698	7015.68
699	7123.70
700	7231.58
701	7338.56
702	7443.92
703	7546.92
704	7646.88
705	7743.53
706	7837.24
707	7928.72
708	8018.72
709	8108.02
710	8197.37
711	8287.54
712	8379.10
713	8471.89
714	8564.49
715	8654.92
716	8741.14
717	8821.08
718	8892.68
719	8953.91
720	9003.00
721	9039.40
722	9064.26
723	9079.43
724	9086.86
725	9088.50
726	9086.27
727	9082.11
728	9077.58
729	9072.87
730	9066.53
731	9056.50
732	9040.65
733	9016.84
734	8982.96
735	8936.94
736	8877.38
737	8805.23
738	8723.78
739	8637.09
740	8549.30
741	8464.51
742	8386.87
743	8320.39
744	8268.27
745	8231.26
746	8208.07
747	8196.83
748	8195.65
749	8202.61
750	8215.83
751	8233.46
752	8254.14
753	8277.68
754	8304.65
755	8335.82
756	8371.98
757	8413.89
758	8462.33
759	8517.91
760	8580.34
761	8647.55
762	8716.47
763	8783.87
764	8846.50
765	8901.12
766	8944.50
767	8973.74
768	8987.43
769	8986.55
770	8973.05
771	8949.07
772	8916.73
773	8878.14
774	8835.43
775	8790.65
776	8745.63
777	8701.90
778	8660.91
779	8624.10
780	8592.91
781	8568.76
782	8553.09
783	8547.24
784	8552.30
785	8569.17
786	8598.68
787	8641.65
788	8698.91
789	8771.29
790	8859.54
791	8964.03
792	9084.20
793	9218.92
794	9366.94
795	9527.03
796	9697.92
797	9878.37
798	10067.19
799	10263.44
800	10466.61
801	10676.40
802	10892.51
803	11114.66
804	11342.57
805	11575.95
806	11814.50
807	12057.83
808	12305.50
809	12557.01
810	12811.89
811	13069.64
812	13329.78
813	13591.94
814	13856.73
815	14127.34
816	14408.88
817	14706.97
818	15027.24
819	15375.33
820	15756.87
821	16176.82
822	16636.79
823	17132.12
824	17654.94
825	18196.84
826	18749.41
827	19304.21
828	19852.86
829	20387.78
830	20904.29
831	21401.25
832	21878.77
833	22337.09
834	22776.47
835	23197.13
836	23599.18
837	23981.39
838	24339.13
839	24665.20
840	24951.72
841	25190.82
842	25374.59
843	25495.20
844	25546.18
845	25528.14
846	25453.85
847	25341.93
848	25211.96
849	25083.54
850	24976.26
851	24909.45
852	24898.85
853	24948.15
854	25048.41
855	25186.59
856	25349.33
857	25523.25
858	25694.98
859	25851.73
860	25984.62
861	26093.39
862	26183.14
863	26260.11
864	26330.59
865	26400.86
866	26477.13
867	26564.25
868	26661.52
869	26760.86
870	26851.38
871	26921.85
872	26960.99
873	26957.59
874	26900.86
875	26783.98
876	26610.34
877	26390.98
878	26138.83
879	25866.94
880	25588.33
881	25316.01
882	25061.75
883	24831.92
884	24624.49
885	24433.82
886	24253.77
887	24078.16
888	23900.83
889	23715.84
890	23519.41
891	23313.83
892	23106.42
893	22905.85
894	22720.87
895	22560.25
896	22432.68
897	22345.84
898	22302.45
899	22297.12
900	22320.81
901	22363.92
902	22416.83
903	22469.92
904	22513.78
905	22540.93
906	22549.35
907	22541.62
908	22521.57
909	22493.12
910	22460.18
911	22426.62
912	22395.76
913	22368.17
914	22340.16
915	22306.12
916	22260.17
917	22196.43
918	22109.01
919	21992.34
920	21843.42
921	21666.16
922	21469.85
923	21265.16
924	21062.84
925	20873.63
926	20708.23
927	20575.97
928	20480.68
929	20418.35
930	20381.88
931	20363.76
932	20356.47
933	20352.51
934	20344.65
935	20327.85
936	20302.18
937	20271.02
938	20238.55
939	20208.95
940	20186.41
941	20175.05
942	20177.99
943	20194.80
944	20220.98
945	20250.65
946	20277.81
947	20296.45
948	20300.59
949	20284.92
950	20247.89
951	20195.01
952	20135.48
953	20079.14
954	20035.83
955	20015.41
956	20027.44
957	20078.51
958	20166.88
959	20283.84
960	20418.72
961	20560.80
962	20699.31
963	20823.53
964	20923.59
965	20993.03
966	21030.00
967	21034.44
968	21006.51
969	20946.40
970	20854.27
971	20730.23
972	20574.09
973	20384.96
974	20161.60
975	19902.66
976	19606.81
977	19272.71
978	18899.24
979	18487.31
980	18043.75
981	17580.62
982	17111.42
983	16649.76
984	16209.23
985	15803.37
986	15444.24
987	15138.12
988	14883.70
989	14676.70
990	14512.54
991	14386.63
992	14294.37
993	14231.29
994	14193.58
995	14178.74
996	14184.91
997	14210.39
998	14253.46
999	14312.40
1000	14385.51
1001	14471.13
1002	14567.76
1003	14673.98
1004	14788.42
1005	14909.71
1006	15036.45
1007	15167.29
1008	15301.00
1009	15436.81
1010	15574.47
1011	15713.87
1012	15854.90
1013	15997.48
1014	16141.49
1015	16286.49
1016	16430.62
1017	16569.97
1018	16699.78
1019	16815.21
1020	16911.38
1021	16983.46
1022	17027.22
1023	17041.76
1024	17032.59
1025	17008.62
1026	16979.30
1027	16954.15
1028	16942.66
1029	16953.87
1030	16993.40
1031	17058.66
1032	17141.47
1033	17232.36
1034	17321.81
1035	17400.29
1036	17458.50
1037	17489.45
1038	17492.83
1039	17474.21
1040	17440.79
1041	17399.90
1042	17358.87
1043	17324.98
1044	17305.14
1045	17304.87
1046	17328.18
1047	17378.58
1048	17459.53
1049	17574.49
1050	17726.90
1051	17919.79
1052	18154.56
1053	18430.37
1054	18745.54
1055	19098.26
1056	19486.71
1057	19909.08
1058	20362.79
1059	20841.90
1060	21334.90
1061	21827.79
1062	22306.18
1063	22755.68
1064	23161.97
1065	23511.96
1066	23799.65
1067	24032.35
1068	24224.32
1069	24391.02
1070	24547.99
1071	24710.70
1072	24893.62
1073	25104.72
1074	25338.11
1075	25579.68
1076	25813.70
1077	26024.34
1078	26195.81
1079	26312.80
1080	26363.70
1081	26345.52
1082	26261.01
1083	26114.16
1084	25909.07
1085	25649.79
1086	25340.41
1087	24984.89
1088	24587.00
1089	24150.36
1090	23678.54
1091	23175.11
1092	22643.65
1093	22087.89
1094	21512.79
1095	20926.69
1096	20340.54
1097	19765.96
1098	19214.62
1099	18698.16
1100	18227.93
1101	17812.16
1102	17450.48
1103	17135.48
1104	16857.87
1105	16608.22
1106	16377.12
1107	16155.39
1108	15935.83
1109	15717.04
1110	15502.47
1111	15296.88
1112	15105.14
1113	14932.09
1114	14782.29
1115	14657.43
1116	14551.02
1117	14449.64
1118	14337.98
1119	14200.58
1120	14022.03
1121	13787.42
1122	13486.87
1123	13124.64
1124	12716.75
1125	12282.43
1126	11841.08
1127	11412.11
1128	11014.45
1129	10662.83
1130	10360.44
1131	10101.24
1132	9876.78
1133	9678.49
1134	9497.76
1135	9326.25
1136	9157.52
1137	8990.11
1138	8826.36
1139	8669.50
1140	8522.83
1141	8389.67
1142	8273.16
1143	8175.44
1144	8096.12
1145	8033.06
1146	7983.75
1147	7945.63
1148	7916.14
1149	7892.79
1150	7873.51
1151	7857.13
1152	7843.05
1153	7830.81
1154	7819.92
1155	7809.94
1156	7800.37
1157	7790.67
1158	7780.15
1159	7768.06
1160	7753.63
1161	7736.09
1162	7714.67
1163	7688.83
1164	7659.20
1165	7628.38
1166	7599.99
1167	7577.75
1168	7565.43
1169	7566.74
1170	7584.66
1171	7618.88
1172	7664.28
1173	7713.74
1174	7759.86
1175	7795.23
1176	7812.53
1177	7805.97
1178	7775.34
1179	7727.29
1180	7670.88
1181	7615.45
1182	7570.32
1183	7544.67
1184	7545.70
1185	7574.38
1186	7625.66
1187	7692.63
1188	7768.24
1189	7845.45
1190	7917.37
1191	7978.50
1192	8026.93
1193	8063.52
1194	8089.82
1195	8107.40
1196	8117.87
1197	8122.80
1198	8123.68
1199	8121.84
1200	8118.53
1201	8114.94
1202	8112.29
1203	8111.80
1204	8114.65
1205	8121.94
1206	8134.63
1207	8153.59
1208	8179.68
1209	8213.78
1210	8256.72
1211	8309.01
1212	8369.86
1213	8436.91
1214	8507.25
1215	8577.89
1216	8645.87
1217	8708.32
1218	8763.46
1219	8812.72
1220	8860.28
1221	8911.08
1222	8970.13
1223	9042.42
1224	9132.64
1225	9243.45
1226	9373.05
1227	9516.91
1228	9669.91
1229	9826.94
1230	9982.89
1231	10133.38
1232	10277.30
1233	10418.72
1234	10563.91
1235	10719.51
1236	10892.15
1237	11088.44
1238	11314.49
1239	11574.86
1240	11872.44
1241	12209.58
1242	12588.59
1243	13011.78
1244	13481.26
1245	13997.87
1246	14559.23
1247	15160.78
1248	15797.44
1249	16464.12
1250	17155.69
1251	17866.83
1252	18591.26
1253	19321.00
1254	20047.37
1255	20761.53
1256	21454.67
1257	22118.02
1258	22743.33
1259	23324.20
1260	23856.14
1261	24335.24
1262	24757.67
1263	25119.58
1264	25417.20
1265	25647.11
1266	25806.77
1267	25894.19
1268	25907.49
1269	25844.80
1270	25704.33
1271	25485.45
1272	25192.73
1273	24838.10
1274	24436.54
1275	24003.42
1276	23554.09
1277	23103.79
1278	22666.30
1279	22251.36
1280	21865.26
1281	21513.37
1282	21201.01
1283	20933.49
1284	20716.36
1285	20556.37
1286	20462.42
1287	20444.48
1288	20512.70
1289	20677.23
1290	20947.93
1291	21331.00
1292	21820.72
1293	22399.28
1294	23045.05
1295	23736.11
1296	24450.47
1297	25166.06
1298	25859.70
1299	26506.19
1300	27079.12
1301	27551.87
1302	27897.83
1303	28090.70
1304	28109.01
1305	27948.20
1306	27622.66
1307	27153.15
1308	26561.07
1309	25867.79
1310	25094.71
1311	24263.18
1312	23394.42
1313	22509.65
1314	21630.04
1315	20776.76
1316	19970.75
1317	19229.24
1318	18556.46
1319	17941.95
1320	17370.30
1321	16825.63
1322	16292.04
1323	15754.55
1324	15203.49
1325	14640.21
1326	14072.34
1327	13508.73
1328	12958.28
1329	12429.79
1330	11930.96
1331	11465.76
1332	11034.33
1333	10635.59
1334	10268.32
1335	9931.33
1336	9623.40
1337	9343.19
1338	9089.21
1339	8859.82
1340	8653.40
1341	8468.31
1342	8302.90
1343	8155.20
1344	8022.41
1345	7900.94
1346	7787.04
1347	7676.90
1348	7566.76
1349	7453.45
1350	7336.36
1351	7218.72
1352	7105.42
1353	7001.54
1354	6912.19
1355	6842.17
1356	6794.23
1357	6766.16
1358	6752.46
1359	6746.84
1360	6743.02
1361	6734.75
1362	6716.90
1363	6688.04
1364	6650.90
1365	6609.55
1366	6568.23
1367	6531.11
1368	6501.76
1369	6480.50
1370	6461.91
1371	6437.82
1372	6399.62
1373	6338.68
1374	6246.80
1375	6119.49
1376	5961.71
1377	5785.42
1378	5604.33
1379	5432.22
1380	5282.72
1381	5167.29
1382	5089.52
1383	5044.12
1384	5022.72
1385	5016.70
1386	5017.41
1387	5016.97
1388	5011.04
1389	5001.39
1390	4992.63
1391	4989.83
1392	4998.07
1393	5022.19
1394	5065.31
1395	5126.50
1396	5202.06
1397	5287.71
1398	5379.12
1399	5472.02
1400	5562.69
1401	5649.11
1402	5730.95
1403	5808.33
1404	5881.44
1405	5950.48
1406	6016.11
1407	6080.75
1408	6149.26
1409	6227.42
1410	6321.13
1411	6436.29
1412	6578.54
1413	6752.27
1414	6959.52
1415	7201.14
1416	7477.82
1417	7790.21
1418	8139.09
1419	8526.10
1420	8954.85
1421	9430.30
1422	9957.68
1423	10542.26
1424	11189.50
1425	11906.98
1426	12708.33
1427	13612.49
1428	14639.84
1429	15810.86
1430	17145.44
1431	18654.87
1432	20320.51
1433	22090.36
1434	23901.19
1435	25688.75
1436	27388.95
1437	28941.86
1438	30304.88
1439	31459.58
1440	32397.25
1441	33110.32
1442	33591.41
1443	33835.48
1444	33849.25
1445	33659.39
1446	33302.01
1447	32814.69
1448	32235.06
1449	31599.60
1450	30938.29
1451	30268.06
1452	29598.58
1453	28938.15
1454	28294.99
1455	27676.46
1456	27083.83
1457	26504.47
1458	25916.76
1459	25297.13
1460	24621.96
1461	23868.72
1462	23023.79
1463	22096.34
1464	21112.35
1465	20101.90
1466	19095.23
1467	18122.06
1468	17206.46
1469	16356.92
1470	15569.03
1471	14834.96
1472	14146.65
1473	13496.13
1474	12876.42
1475	12283.44
1476	11715.75
1477	11172.67
1478	10653.59
1479	10157.89
1480	9685.31
1481	9236.60
1482	8813.46
1483	8417.94
1484	8052.07
1485	7717.83
1486	7416.41
1487	7146.32
1488	6903.42
1489	6682.70
1490	6479.11
1491	6287.62
1492	6103.77
1493	5925.01
1494	5750.75
1495	5581.02
1496	5415.94
1497	5255.61
1498	5100.39
1499	4951.36
1500	4810.43
1501	4679.72
1502	4561.41
1503	4457.56
1504	4369.13
1505	4293.42
1506	4223.95
1507	4153.09
1508	4073.10
1509	3976.43
1510	3857.91
1511	3719.84
1512	3571.84
1513	3425.79
1514	3293.73
1515	3187.45
1516	3115.76
1517	3078.63
1518	3067.83
1519	3072.79
1520	3082.75
1521	3087.19
1522	3077.82
1523	3052.61
1524	3014.83
1525	2969.18
1526	2920.43
1527	2873.24
1528	2831.11
1529	2794.52
1530	2761.71
1531	2730.36
1532	2698.11
1533	2662.77
1534	2623.14
1535	2580.49
1536	2537.67
1537	2497.90
1538	2464.40
1539	2440.16
1540	2426.79
1541	2422.98
1542	2425.80
1543	2432.01
1544	2438.34
1545	2441.81
1546	2440.78
1547	2435.98
1548	2429.32
1549	2422.88
1550	2418.75
1551	2418.69
1552	2423.18
1553	2430.79
1554	2439.32
1555	2446.45
1556	2449.90
1557	2447.78
1558	2439.63
1559	2426.62
1560	2410.53
1561	2393.16
1562	2376.32
1563	2361.38
1564	2348.54
1565	2336.89
1566	2325.24
1567	2312.33
1568	2297.05
1569	2278.95
1570	2259.28
1571	2240.51
1572	2225.36
1573	2216.57
1574	2216.57
1575	2226.05
1576	2242.43
1577	2261.34
1578	2278.14
1579	2288.16
1580	2287.51
1581	2275.34
1582	2255.22
1583	2232.52
1584	2212.83
1585	2201.65
1586	2203.05
1587	2216.53
1588	2236.86
1589	2257.32
1590	2271.10
1591	2271.71
1592	2255.50
1593	2225.81
1594	2191.02
1595	2160.72
1596	2144.50
1597	2151.07
1598	2184.37
1599	2239.65
1600	2307.81
1601	2379.02
1602	2443.54
1603	2493.26
1604	2526.29
1605	2548.41
1606	2568.17
1607	2594.38
1608	2635.64
1609	2698.21
1610	2782.00
1611	2881.82
1612	2991.13
1613	3103.37
1614	3212.60
1615	3316.52
1616	3419.75
1617	3530.49
1618	3657.58
1619	3809.81
1620	3994.48
1621	4213.42
1622	4461.83
1623	4732.56
1624	5018.23
1625	5311.84
1626	5609.65
1627	5916.18
1628	6242.11
1629	6599.58
1630	7000.77
1631	7456.78
1632	7973.46
1633	8548.03
1634	9173.77
1635	9843.37
1636	10549.86
1637	11290.70
1638	12077.23
1639	12934.18
1640	13890.33
1641	14974.71
1642	16215.04
1643	17631.05
1644	19226.32
1645	20995.44
1646	22931.27
1647	25026.16
1648	27265.32
1649	29608.41
1650	31985.41
1651	34316.12
1652	36519.28
1653	38513.80
1654	40219.88
1655	41560.62
1656	42460.96
1657	42846.24
1658	42642.85
1659	41794.42
1660	40311.49
1661	38289.32
1662	35854.65
1663	33137.62
1664	30266.72
1665	27357.45
1666	24494.90
1667	21743.94
1668	19164.89
1669	16817.41
1670	14752.86
1671	12990.61
1672	11509.42
1673	10272.92
1674	9243.15
1675	8382.59
1676	7657.53
1677	7042.89
1678	6519.03
1679	6067.53
1680	5670.11
1681	5310.51
1682	4979.58
1683	4676.45
1684	4403.17
1685	4162.00
1686	3954.84
1687	3781.00
1688	3634.64
1689	3507.00
1690	3388.81
1691	3270.95
1692	3146.90
1693	3018.26
1694	2894.50
1695	2787.51
1696	2709.26
1697	2670.04
1698	2671.88
1699	2703.19
1700	2746.05
1701	2781.64
1702	2791.82
1703	2764.63
1704	2703.97
1705	2625.54
1706	2547.93
1707	2489.70
1708	2466.41
1709	2482.21
1710	2527.51
1711	2587.69
1712	2647.70
1713	2693.70
1714	2718.85
1715	2729.69
1716	2739.83
1717	2764.12
1718	2817.10
1719	2909.59
1720	3042.28
1721	3207.59
1722	3395.79
1723	3597.08
1724	3803.27
1725	4012.24
1726	4229.44
1727	4463.06
1728	4721.58
1729	5012.45
1730	5337.67
1731	5689.21
1732	6053.92
1733	6417.83
1734	6767.34
1735	7092.57
1736	7392.92
1737	7674.56
1738	7945.29
1739	8212.77
1740	8481.64
1741	8746.62
1742	8992.03
1743	9198.92
1744	9348.12
1745	9422.23
1746	9411.45
1747	9317.09
1748	9145.00
1749	8901.65
1750	8593.62
1751	8227.96
1752	7812.65
1753	7356.16
1754	6867.07
1755	6354.16
1756	5827.69
1757	5301.69
1758	4792.82
1759	4318.38
1760	3895.33
1761	3536.63
1762	3242.95
1763	3003.63
1764	2804.64
1765	2631.84
1766	2472.91
1767	2322.20
1768	2182.07
1769	2057.66
1770	1954.36
1771	1876.75
1772	1825.75
1773	1796.89
1774	1783.42
1775	1778.28
1776	1774.69
1777	1767.32
1778	1753.44
1779	1731.61
1780	1700.62
1781	1659.57
1782	1609.56
1783	1555.82
1784	1506.01
1785	1468.28
1786	1450.32
1787	1456.38
1788	1482.51
1789	1519.18
1790	1555.58
1791	1581.12
1792	1587.36
1793	1571.65
1794	1535.84
1795	1482.91
1796	1415.99
1797	1339.21
1798	1259.48
1799	1186.12
1800	1129.16
1801	1098.38
1802	1100.84
1803	1135.02
1804	1191.30
1805	1257.67
1806	1322.08
1807	1374.11
1808	1408.68
1809	1426.13
1810	1428.50
1811	1417.96
1812	1396.77
1813	1367.52
1814	1333.11
1815	1296.53
1816	1260.81
1817	1228.75
1818	1202.57
1819	1183.84
1820	1173.90
1821	1174.01
1822	1184.71
1823	1203.99
1824	1227.15
1825	1248.56
1826	1262.62
1827	1264.93
1828	1255.19
1829	1237.36
1830	1216.79
1831	1198.86
1832	1187.86
1833	1184.46
1834	1185.70
1835	1187.51
1836	1185.82
1837	1177.67
1838	1163.50
1839	1146.97
1840	1132.69
1841	1125.18
1842	1127.56
1843	1138.88
1844	1154.70
1845	1169.61
1846	1178.34
1847	1177.17
1848	1166.49
1849	1149.88
1850	1131.68
1851	1116.15
1852	1106.37
1853	1102.73
1854	1103.77
1855	1107.61
1856	1112.44
1857	1116.77
1858	1119.89
1859	1121.49
1860	1121.36
1861	1119.34
1862	1115.50
1863	1110.36
1864	1104.65
1865	1099.11
1866	1094.46
1867	1091.21
1868	1089.56
1869	1089.62
1870	1091.44
1871	1095.12
1872	1100.81
1873	1108.74
1874	1119.13
1875	1132.20
1876	1147.67
1877	1163.81
1878	1177.60
1879	1185.66
1880	1184.77
1881	1173.36
1882	1153.87
1883	1131.51
1884	1112.14
1885	1101.21
1886	1101.77
1887	1112.30
1888	1128.88
1889	1147.15
1890	1163.16
1891	1174.59
1892	1181.49
1893	1184.88
1894	1185.84
1895	1185.07
1896	1181.94
1897	1174.49
1898	1160.35
1899	1137.45
1900	1106.36
1901	1074.17
1902	1052.55
1903	1054.21
1904	1090.03
1905	1161.19
1906	1251.51
1907	1336.25
1908	1389.55
1909	1390.46
1910	1336.38
1911	1246.85
1912	1149.30
1913	1071.17
1914	1033.03
1915	1036.85
1916	1070.04
1917	1116.29
1918	1159.94
1919	1190.04
1920	1204.37
1921	1205.19
1922	1195.52
1923	1178.38
1924	1156.69
1925	1133.29
1926	1110.94
1927	1092.37
1928	1079.80
1929	1074.19
1930	1075.66
1931	1084.08
1932	1099.14
1933	1119.77
1934	1143.62
1935	1167.80
1936	1189.29
1937	1204.82
1938	1210.20
1939	1200.45
1940	1170.40
1941	1115.89
1942	1038.93
1943	953.44
1944	879.77
1945	839.11
1946	848.03
1947	906.86
1948	997.95
1949	1097.65
1950	1182.79
1951	1237.04
1952	1258.97
1953	1256.20
1954	1238.17
1955	1213.60
1956	1188.18
1957	1164.02
1958	1141.90
1959	1122.49
1960	1106.59
1961	1095.24
1962	1089.66
1963	1091.06
1964	1100.12
1965	1115.48
1966	1133.31
1967	1148.96
1968	1157.99
1969	1158.07
1970	1151.39
1971	1142.90
1972	1137.98
1973	1140.75
1974	1150.82
1975	1162.91
1976	1170.11
1977	1165.95
1978	1147.01
1979	1115.83
1980	1078.07
1981	1039.92
1982	1007.09
1983	983.83
1984	973.03
1985	977.17
1986	998.06
1987	1034.46
1988	1080.50
1989	1128.26
1990	1169.80
1991	1199.16
1992	1215.12
1993	1219.79
1994	1216.02
1995	1206.42
1996	1192.66
1997	1175.33
1998	1154.67
1999	1131.10
2000	1106.10
2001	1083.15
2002	1066.63
2003	1060.87
2004	1068.14
2005	1085.42
2006	1105.72
2007	1121.18
2008	1125.38
2009	1117.34
2010	1102.27
2011	1087.45
2012	1079.61
2013	1081.62
2014	1089.82
2015	1097.50
2016	1097.87
2017	1087.04
2018	1068.07
2019	1048.59
2020	1037.08
2021	1040.04
2022	1057.63
2023	1084.08
2024	1111.82
2025	1133.61
2026	1143.86
2027	1139.26
2028	1117.37
2029	1076.79
2030	1021.02
2031	962.31
2032	917.15
2033	901.72
2034	924.78
2035	978.14
2036	1042.75
2037	1097.69
2038	1127.16
2039	1130.04
2040	1117.49
2041	1103.71
2042	1099.94
2043	1106.62
2044	1112.67
2045	1103.45
2046	1067.24
2047	1005.34
2048	936.40
2049	885.55
2050	875.16
2051	910.70
2052	970.34
2053	1020.07
2054	1027.47
2055	979.18
2056	898.12
2057	826.08
2058	805.42
2059	859.88
2060	972.71
2061	1102.70
2062	1205.38
2063	1249.21
2064	1234.36
2065	1182.74
2066	1120.63
2067	1069.03
2068	1034.57
2069	1012.86
2070	996.96
2071	981.59
2072	966.54
2073	955.86
2074	954.57
2075	966.27
2076	990.11
2077	1021.30
2078	1054.02
2079	1083.03
2080	1105.11
2081	1118.88
2082	1123.63
2083	1119.58
2084	1109.78
2085	1099.95
2086	1096.42
2087	1103.50
2088	1119.15
2089	1135.38
2090	1142.64
2091	1133.28
2092	1105.75
2093	1064.03
2094	1013.80
2095	961.40
2096	914.83
2097	883.48
2098	876.80
2099	900.67
2100	951.26
2101	1016.82
2102	1083.79
2103	1140.22
2104	1178.78
2105	1195.53
2106	1187.83
2107	1156.71
2108	1111.61
2109	1067.45
2110	1039.45
2111	1037.10
2112	1057.89
2113	1092.38
2114	1129.97
2115	1160.96
2116	1177.45
2117	1172.47
2118	1141.04
2119	1086.37
2120	1024.03
2121	974.66
2122	955.50
2123	968.24
2124	995.33
2125	1012.74
2126	1002.08
2127	965.32
2128	924.37
2129	906.20
2130	928.83
2131	985.50
2132	1050.60
2133	1095.72
2134	1105.03
2135	1089.67
2136	1076.51
2137	1091.81
2138	1144.07
2139	1212.98
2140	1265.59
2141	1274.07
2142	1236.26
2143	1180.38
2144	1144.07
2145	1153.44
2146	1199.03
2147	1241.64
2148	1237.40
2149	1164.26
2150	1047.38
2151	939.40
2152	891.17
2153	921.23
2154	999.83
2155	1077.57
2156	1111.71
2157	1089.42
2158	1027.62
2159	951.96
2160	885.59
2161	844.35
2162	839.20
2163	877.18
2164	952.14
2165	1037.89
2166	1100.26
2167	1112.33
2168	1073.36
2169	1007.62
2170	945.29
2171	907.24
2172	893.45
2173	891.83
2174	890.21
2175	885.72
2176	887.58
2177	908.80
2178	956.27
2179	1019.68
2180	1075.89
2181	1101.75
2182	1089.05
2183	1053.62
2184	1021.46
2185	1013.52
2186	1031.29
2187	1058.94
2188	1076.97
2189	1072.31
2190	1043.88
2191	996.74
2192	938.08
2193	878.80
2194	833.28
2195	815.63
2196	832.81
2197	878.42
2198	939.22
2199	1001.15
2200	1051.15
2201	1077.23
2202	1069.53
2203	1027.69
2204	967.99
2205	914.25
2206	885.83
2207	885.56
2208	902.01
2209	920.75
2210	931.70
2211	931.72
2212	920.96
2213	901.91
2214	881.96
2215	871.79
2216	880.22
2217	906.03
2218	935.86
2219	953.13
2220	947.65
2221	922.75
2222	889.00
2223	856.23
2224	828.28
2225	803.71
2226	780.93
2227	763.68
2228	763.22
2229	792.20
2230	852.96
2231	925.51
2232	977.74
2233	985.12
2234	952.92
2235	912.39
2236	896.69
2237	917.39
2238	957.21
2239	989.53
2240	995.94
2241	975.66
2242	937.13
2243	890.25
2244	844.65
2245	809.52
2246	791.22
2247	787.10
2248	785.55
2249	774.46
2250	750.93
2251	724.96
2252	710.74
2253	718.15
2254	748.23
2255	797.04
2256	856.01
2257	907.76
2258	930.44
2259	911.51
2260	866.94
2261	834.81
2262	848.40
2263	906.49
2264	973.55
2265	1010.21
2266	1002.16
2267	966.41
2268	928.75
2269	905.24
2270	896.23
2271	895.39
2272	894.12
2273	881.59
2274	847.90
2275	794.19
2276	742.44
2277	722.66
2278	748.85
2279	798.48
2280	830.52
2281	816.42
2282	763.86
2283	702.00
2284	657.71
2285	641.81
2286	654.29
2287	691.06
2288	743.87
2289	801.66
2290	852.87
2291	886.17
2292	891.05
2293	862.20
2294	806.65
2295	740.09
2296	681.61
2297	653.70
2298	678.20
2299	757.07
2300	846.67
2301	879.86
2302	819.26
2303	703.08
2304	609.04
2305	592.41
2306	647.69
2307	737.41
2308	823.28
2309	876.13
2310	876.40
2311	828.99
2312	774.52
2313	759.37
2314	792.78
2315	833.80
2316	834.07
2317	784.13
2318	717.85
2319	673.23
2320	658.93
2321	657.88
2322	654.35
2323	653.65
2324	674.19
2325	725.82
2326	794.76
2327	855.34
2328	884.70
2329	868.44
2330	802.88
2331	710.66
2332	641.88
2333	636.28
2334	677.77
2335	707.94
2336	686.59
2337	637.90
2338	617.33
2339	654.48
2340	728.70
2341	802.40
2342	851.57
2343	869.22
2344	854.14
2345	806.51
2346	730.43
2347	646.45
2348	600.88
2349	633.91
2350	725.12
2351	793.60
2352	778.10
2353	710.33
2354	670.22
2355	687.60
2356	701.13
2357	642.79
2358	536.52
2359	480.36
2360	530.31
2361	620.99
2362	650.56
2363	603.82
2364	564.46
2365	602.58
2366	686.39
2367	735.21
2368	712.34
2369	648.91
2370	590.72
2371	561.64
2372	567.29
2373	599.94
2374	640.15
2375	669.23
2376	680.32
2377	676.32
2378	669.08
2379	677.16
2380	709.47
2381	749.30
2382	771.77
2383	772.18
2384	768.00
2385	777.42
2386	806.70
2387	847.74
2388	868.45
2389	830.35
2390	740.54
2391	666.75
2392	663.12
2393	705.73
2394	736.19
2395	726.12
2396	684.11
2397	635.91
2398	614.41
2399	635.04
2400	670.44
2401	681.02
2402	660.39
2403	630.86
2404	609.64
2405	598.39
2406	598.11
2407	617.57
2408	661.65
2409	716.85
2410	763.23
2411	795.90
2412	817.82
2413	808.10
2414	729.06
2415	605.19
2416	553.05
2417	633.21
2418	730.37
2419	717.24
2420	642.54
2421	618.31
2422	623.04
2423	564.91
2424	481.53
2425	508.69
2426	661.72
2427	811.05
2428	863.82
2429	830.01
2430	749.42
2431	656.31
2432	590.09
2433	593.63
2434	669.17
2435	756.85
2436	802.55
2437	799.37
2438	743.36
2439	617.86
2440	477.52
2441	471.23
2442	621.02
2443	725.11
2444	698.07
2445	723.91
2446	878.95
2447	979.31
2448	931.06
2449	855.76
2450	837.12
