150	3561.56
151	3548.64
152	3537.90
153	3535.13
154	3540.59
155	3553.30
156	3571.96
157	3595.23
158	3621.78
159	3650.26
160	3679.33
161	3707.67
162	3734.08
163	3757.94
164	3779.29
165	3798.44
166	3815.71
167	3831.42
168	3845.90
169	3859.48
170	3872.48
171	3885.16
172	3897.58
173	3909.55
174	3920.77
175	3930.93
176	3939.72
177	3946.84
178	3951.97
179	3954.83
180	3955.28
181	3953.81
182	3951.65
183	3950.35
184	3951.45
185	3956.50
186	3967.08
187	3984.73
188	4010.97
189	4046.89
190	4091.90
191	4143.41
192	4198.15
193	4252.76
194	4303.89
195	4348.19
196	4382.30
197	4402.92
198	4407.53
199	4396.29
200	4372.44
201	4340.27
202	4304.13
203	4268.40
204	4237.46
205	4215.68
206	4207.36
207	4215.92
208	4241.81
209	4282.42
210	4334.15
211	4393.32
212	4456.23
213	4519.22
214	4578.58
215	4630.70
216	4672.59
217	4703.31
218	4723.76
219	4735.43
220	4739.86
221	4738.56
222	4733.06
223	4724.89
224	4715.55
225	4706.31
226	4697.81
227	4690.16
228	4683.33
229	4677.27
230	4671.94
231	4667.30
232	4663.30
233	4659.91
234	4657.17
235	4655.30
236	4654.68
237	4655.68
238	4658.71
239	4664.15
240	4672.40
241	4683.86
242	4698.86
243	4717.43
244	4738.92
245	4762.23
246	4786.19
247	4809.62
248	4831.35
249	4850.21
250	4865.01
251	4874.72
252	4879.03
253	4879.00
254	4876.36
255	4872.98
256	4870.71
257	4871.42
258	4876.98
259	4889.24
260	4909.76
261	4938.85
262	4974.89
263	5015.44
264	5057.95
265	5099.87
266	5138.65
267	5171.73
268	5196.59
269	5211.21
270	5215.41
271	5211.23
272	5201.49
273	5189.09
274	5176.94
275	5167.94
276	5165.00
277	5170.94
278	5187.81
279	5215.23
280	5250.54
281	5290.49
282	5331.73
283	5370.94
284	5404.77
285	5429.92
286	5443.18
287	5442.50
288	5428.51
289	5403.78
290	5371.30
291	5334.10
292	5295.21
293	5257.64
294	5224.41
295	5198.34
296	5181.15
297	5172.44
298	5170.72
299	5174.32
300	5181.53
301	5190.67
302	5200.03
303	5207.95
304	5212.92
305	5214.24
306	5212.35
307	5208.10
308	5202.43
309	5196.24
310	5190.47
311	5186.04
312	5183.85
313	5184.61
314	5188.37
315	5194.54
316	5202.33
317	5210.96
318	5219.61
319	5227.49
320	5233.79
321	5237.77
322	5238.94
323	5237.55
324	5234.34
325	5230.12
326	5225.75
327	5222.05
328	5219.88
329	5220.06
330	5223.36
331	5230.20
332	5240.39
333	5253.47
334	5268.92
335	5286.22
336	5304.87
337	5324.35
338	5344.13
339	5363.72
340	5382.58
341	5400.21
342	5416.07
343	5429.65
344	5440.43
345	5447.88
346	5451.50
347	5450.76
348	5445.25
349	5434.81
350	5419.42
351	5399.14
352	5374.02
353	5344.09
354	5309.42
355	5270.04
356	5226.13
357	5178.45
358	5128.77
359	5079.36
360	5032.54
361	4990.67
362	4956.08
363	4931.11
364	4918.05
365	4918.65
366	4932.71
367	4957.99
368	4991.58
369	5030.51
370	5071.81
371	5112.51
372	5149.63
373	5180.36
374	5202.82
375	5217.37
376	5225.80
377	5230.22
378	5232.76
379	5235.53
380	5240.66
381	5250.26
382	5266.11
383	5288.65
384	5316.36
385	5346.96
386	5378.05
387	5407.23
388	5432.11
389	5450.28
390	5459.43
391	5458.01
392	5446.57
393	5427.41
394	5403.27
395	5376.96
396	5351.27
397	5328.96
398	5312.83
399	5305.38
400	5307.76
401	5318.73
402	5335.96
403	5356.93
404	5379.09
405	5399.92
406	5416.89
407	5427.50
408	5429.92
409	5424.23
410	5412.39
411	5396.92
412	5380.39
413	5365.36
414	5354.39
415	5350.05
416	5354.63
417	5369.09
418	5391.74
419	5419.52
420	5449.13
421	5477.24
422	5500.56
423	5515.76
424	5519.60
425	5509.71
426	5486.60
427	5453.72
428	5415.44
429	5376.23
430	5340.54
431	5312.83
432	5297.53
433	5298.72
434	5318.26
435	5353.83
436	5400.81
437	5454.20
438	5508.95
439	5560.04
440	5602.44
441	5631.21
442	5642.52
443	5636.17
444	5615.54
445	5585.10
446	5549.45
447	5513.16
448	5480.81
449	5456.96
450	5445.84
451	5449.71
452	5467.40
453	5495.95
454	5532.12
455	5572.65
456	5614.29
457	5653.78
458	5687.93
459	5714.24
460	5732.23
461	5743.20
462	5748.98
463	5751.43
464	5752.40
465	5753.75
466	5757.31
467	5764.75
468	5776.85
469	5793.01
470	5812.03
471	5832.61
472	5853.48
473	5873.34
474	5890.90
475	5904.94
476	5914.63
477	5920.24
478	5922.82
479	5923.58
480	5923.77
481	5924.61
482	5927.35
483	5933.19
484	5943.04
485	5956.66
486	5972.37
487	5987.98
488	6001.27
489	6009.99
490	6011.91
491	6004.79
492	5986.67
493	5957.07
494	5918.43
495	5874.80
496	5830.54
497	5790.01
498	5757.57
499	5737.57
500	5734.25
501	5750.41
502	5784.85
503	5832.82
504	5888.60
505	5946.43
506	6000.51
507	6045.06
508	6074.34
509	6083.48
510	6071.09
511	6040.61
512	5997.39
513	5946.98
514	5894.98
515	5846.96
516	5808.48
517	5784.75
518	5778.81
519	5789.23
520	5812.01
521	5842.67
522	5876.71
523	5909.61
524	5936.89
525	5954.13
526	5958.01
527	5948.26
528	5927.21
529	5897.88
530	5863.38
531	5826.79
532	5791.20
533	5759.67
534	5734.81
535	5717.50
536	5706.43
537	5699.49
538	5694.49
539	5689.20
540	5681.44
541	5669.00
542	5649.90
543	5623.31
544	5590.45
545	5553.55
546	5515.03
547	5477.28
548	5442.74
549	5413.81
550	5392.80
551	5381.23
552	5378.72
553	5383.57
554	5393.82
555	5407.45
556	5422.46
557	5436.86
558	5448.69
559	5456.40
560	5459.73
561	5459.67
562	5457.54
563	5454.70
564	5452.52
565	5452.35
566	5455.56
567	5463.34
568	5476.33
569	5494.44
570	5517.30
571	5544.52
572	5575.70
573	5610.45
574	5648.36
575	5689.03
576	5731.98
577	5776.62
578	5822.32
579	5868.41
580	5914.26
581	5959.21
582	6002.62
583	6043.87
584	6082.61
585	6119.00
586	6153.48
587	6186.57
588	6218.81
589	6250.70
590	6282.77
591	6315.52
592	6349.21
593	6383.57
594	6417.91
595	6451.44
596	6483.38
597	6512.92
598	6539.28
599	6561.68
600	6579.36
601	6591.72
602	6598.24
603	6598.48
604	6591.96
605	6578.22
606	6556.79
607	6527.23
608	6489.33
609	6443.68
610	6391.75
611	6335.29
612	6276.10
613	6215.96
614	6156.65
615	6099.96
616	6047.43
617	5999.78
618	5956.67
619	5917.33
620	5880.97
621	5846.76
622	5813.92
623	5781.63
624	5749.16
625	5716.04
626	5682.19
627	5647.71
628	5612.71
629	5577.32
630	5541.66
631	5505.84
632	5470.05
633	5434.79
634	5401.07
635	5370.16
636	5343.34
637	5321.91
638	5307.17
639	5300.40
640	5302.70
641	5314.22
642	5333.35
643	5357.60
644	5384.34
645	5410.91
646	5434.68
647	5453.00
648	5463.42
649	5464.47
650	5456.63
651	5441.42
652	5420.58
653	5395.81
654	5368.84
655	5341.40
656	5315.16
657	5291.52
658	5271.31
659	5255.04
660	5243.16
661	5236.13
662	5234.38
663	5238.37
664	5248.45
665	5264.45
666	5285.08
667	5308.38
668	5332.29
669	5354.73
670	5373.63
671	5386.91
672	5392.72
673	5390.58
674	5382.90
675	5373.77
676	5367.61
677	5368.87
678	5381.99
679	5411.39
680	5461.14
681	5533.03
682	5624.15
683	5728.84
684	5840.96
685	5954.30
686	6062.67
687	6159.90
688	6240.28
689	6300.90
690	6344.45
691	6376.75
692	6404.22
693	6433.29
694	6470.41
695	6521.99
696	6593.93
697	6689.16
698	6804.95
699	6935.59
700	7074.82
701	7216.38
702	7354.00
703	7481.44
704	7592.97
705	7685.68
706	7761.60
707	7825.17
708	7881.26
709	7934.74
710	7990.48
711	8053.33
712	8127.63
713	8215.38
714	8314.75
715	8422.23
716	8534.03
717	8646.36
718	8755.44
719	8857.49
720	8949.07
721	9028.07
722	9094.31
723	9148.36
724	9190.93
725	9222.71
726	9244.39
727	9256.66
728	9260.07
729	9254.68
730	9239.93
731	9215.07
732	9179.27
733	9131.76
734	9071.73
735	8998.44
736	8911.77
737	8813.76
738	8708.58
739	8601.14
740	8496.39
741	8399.27
742	8314.74
743	8247.62
744	8201.52
745	8176.55
746	8169.87
747	8177.83
748	8196.73
749	8222.84
750	8252.49
751	8282.06
752	8308.82
753	8332.09
754	8352.58
755	8371.33
756	8389.40
757	8407.85
758	8427.73
759	8450.05
760	8475.45
761	8503.92
762	8535.08
763	8568.48
764	8603.65
765	8640.14
766	8677.49
767	8715.18
768	8752.34
769	8787.59
770	8819.34
771	8845.95
772	8865.81
773	8877.27
774	8878.73
775	8869.02
776	8848.54
777	8819.52
778	8784.83
779	8747.40
780	8710.19
781	8676.11
782	8648.10
783	8628.85
784	8620.43
785	8624.37
786	8642.05
787	8674.85
788	8724.12
789	8791.23
790	8877.42
791	8983.08
792	9106.68
793	9245.51
794	9396.59
795	9556.95
796	9723.61
797	9893.61
798	10064.28
799	10234.36
800	10404.94
801	10578.12
802	10756.18
803	10941.41
804	11136.08
805	11342.46
806	11562.38
807	11796.25
808	12042.85
809	12300.40
810	12567.08
811	12841.05
812	13120.49
813	13403.72
814	13690.28
815	13982.96
816	14286.98
817	14608.15
818	14952.35
819	15325.43
820	15733.24
821	16180.88
822	16669.57
823	17193.29
824	17742.36
825	18306.47
826	18875.26
827	19438.40
828	19985.63
829	20507.94
830	21001.02
831	21466.18
832	21906.79
833	22326.36
834	22728.47
835	23116.66
836	23494.25
837	23862.58
838	24217.85
839	24552.35
840	24857.38
841	25124.22
842	25344.13
843	25508.42
844	25609.58
845	25646.16
846	25627.14
847	25566.53
848	25479.16
849	25379.85
850	25283.46
851	25204.68
852	25156.10
853	25143.39
854	25164.87
855	25216.54
856	25294.18
857	25393.56
858	25510.47
859	25640.72
860	25780.49
861	25926.66
862	26076.62
863	26227.83
864	26377.72
865	26523.79
866	26663.47
867	26793.85
868	26910.61
869	27007.51
870	27077.62
871	27113.88
872	27109.25
873	27056.71
874	26949.63
875	26784.87
876	26568.26
877	26312.35
878	26031.38
879	25739.65
880	25451.49
881	25181.13
882	24941.27
883	24737.42
884	24564.11
885	24411.09
886	24267.44
887	24122.23
888	23964.52
889	23783.78
890	23573.26
891	23336.83
892	23087.16
893	22839.29
894	22608.41
895	22409.71
896	22258.30
897	22167.57
898	22142.65
899	22175.21
900	22250.81
901	22354.10
902	22469.68
903	22582.19
904	22676.54
905	22740.77
906	22771.66
907	22773.33
908	22751.92
909	22713.66
910	22664.82
911	22611.62
912	22559.57
913	22510.90
914	22462.66
915	22409.57
916	22346.04
917	22266.46
918	22165.24
919	22037.06
920	21879.05
921	21694.95
922	21493.60
923	21285.17
924	21079.89
925	20887.99
926	20719.64
927	20583.71
928	20483.56
929	20414.90
930	20370.34
931	20342.07
932	20322.32
933	20303.29
934	20277.57
935	20240.38
936	20193.16
937	20141.40
938	20091.56
939	20050.10
940	20023.50
941	20018.11
942	20038.69
943	20084.28
944	20147.40
945	20218.36
946	20287.25
947	20344.18
948	20379.26
949	20383.61
950	20353.69
951	20296.12
952	20222.76
953	20146.41
954	20079.92
955	20036.09
956	20027.41
957	20063.04
958	20142.65
959	20258.01
960	20398.75
961	20554.32
962	20714.20
963	20867.90
964	21005.39
965	21118.67
966	21202.41
967	21252.37
968	21264.38
969	21234.34
970	21158.12
971	21031.88
972	20853.54
973	20624.66
974	20348.88
975	20030.26
976	19672.86
977	19280.76
978	18858.11
979	18410.00
980	17944.21
981	17470.89
982	17000.85
983	16544.92
984	16113.98
985	15718.79
986	15368.95
987	15069.34
988	14818.62
989	14613.06
990	14448.66
991	14321.41
992	14227.30
993	14162.45
994	14123.62
995	14108.82
996	14116.72
997	14146.11
998	14195.78
999	14264.52
1000	14351.07
1001	14453.73
1002	14569.68
1003	14695.26
1004	14826.62
1005	14959.89
1006	15091.19
1007	15216.73
1008	15333.53
1009	15441.42
1010	15543.19
1011	15642.54
1012	15743.28
1013	15849.18
1014	15964.03
1015	16090.82
1016	16229.33
1017	16374.70
1018	16520.15
1019	16658.65
1020	16783.18
1021	16886.72
1022	16962.92
1023	17009.00
1024	17029.08
1025	17030.89
1026	17022.79
1027	17013.18
1028	17010.44
1029	17022.60
1030	17055.01
1031	17106.57
1032	17171.78
1033	17244.15
1034	17317.14
1035	17384.19
1036	17438.91
1037	17476.43
1038	17496.27
1039	17501.83
1040	17497.61
1041	17488.16
1042	17478.04
1043	17471.80
1044	17473.92
1045	17488.53
1046	17519.43
1047	17570.32
1048	17644.87
1049	17746.75
1050	17879.62
1051	18046.95
1052	18251.38
1053	18494.45
1054	18777.25
1055	19100.82
1056	19466.22
1057	19874.43
1058	20325.37
1059	20813.76
1060	21325.89
1061	21844.27
1062	22350.82
1063	22827.44
1064	23256.11
1065	23620.30
1066	23911.98
1067	24139.13
1068	24318.02
1069	24466.41
1070	24602.10
1071	24742.86
1072	24905.38
1073	25099.30
1074	25319.34
1075	25551.34
1076	25779.41
1077	25987.52
1078	26159.71
1079	26280.50
1080	26338.24
1081	26330.20
1082	26259.54
1083	26130.77
1084	25948.44
1085	25717.10
1086	25441.16
1087	25123.95
1088	24765.96
1089	24365.69
1090	23921.12
1091	23430.22
1092	22890.95
1093	22301.73
1094	21664.88
1095	20993.17
1096	20307.50
1097	19630.90
1098	18986.48
1099	18397.36
1100	17885.99
1101	17468.45
1102	17143.19
1103	16894.18
1104	16701.49
1105	16544.99
1106	16404.54
1107	16260.42
1108	16097.12
1109	15910.96
1110	15708.28
1111	15498.16
1112	15289.84
1113	15092.55
1114	14915.20
1115	14763.35
1116	14633.06
1117	14512.32
1118	14386.95
1119	14242.58
1120	14064.88
1121	13839.97
1122	13558.19
1123	13221.84
1124	12843.19
1125	12437.17
1126	12018.88
1127	11603.44
1128	11205.66
1129	10837.59
1130	10503.83
1131	10202.98
1132	9932.09
1133	9688.11
1134	9467.98
1135	9268.70
1136	9087.64
1137	8923.21
1138	8774.56
1139	8641.03
1140	8521.97
1141	8416.75
1142	8324.65
1143	8244.59
1144	8174.47
1145	8111.55
1146	8052.90
1147	7995.61
1148	7936.77
1149	7873.68
1150	7805.11
1151	7733.16
1152	7661.96
1153	7596.10
1154	7540.15
1155	7498.70
1156	7475.90
1157	7473.27
1158	7487.15
1159	7511.01
1160	7537.77
1161	7560.33
1162	7571.63
1163	7565.38
1164	7539.25
1165	7497.85
1166	7449.10
1167	7401.48
1168	7363.48
1169	7343.52
1170	7348.83
1171	7381.33
1172	7435.11
1173	7501.02
1174	7569.45
1175	7630.80
1176	7675.56
1177	7695.92
1178	7690.46
1179	7665.49
1180	7630.07
1181	7593.59
1182	7565.40
1183	7554.70
1184	7568.64
1185	7607.84
1186	7666.59
1187	7737.29
1188	7812.15
1189	7883.40
1190	7943.49
1191	7986.72
1192	8012.28
1193	8023.06
1194	8022.93
1195	8015.77
1196	8005.48
1197	7995.82
1198	7989.58
1199	7987.56
1200	7989.38
1201	7994.43
1202	8002.06
1203	8011.66
1204	8022.75
1205	8035.68
1206	8052.06
1207	8074.10
1208	8104.11
1209	8144.39
1210	8197.20
1211	8264.23
1212	8344.92
1213	8436.05
1214	8533.43
1215	8632.75
1216	8729.71
1217	8820.15
1218	8901.00
1219	8972.48
1220	9037.69
1221	9100.47
1222	9164.77
1223	9234.50
1224	9313.38
1225	9403.86
1226	9505.57
1227	9616.40
1228	9733.89
1229	9855.58
1230	9979.02
1231	10102.44
1232	10227.21
1233	10359.60
1234	10508.04
1235	10681.27
1236	10888.02
1237	11136.89
1238	11434.41
1239	11780.27
1240	12166.92
1241	12584.50
1242	13022.93
1243	13472.14
1244	13922.67
1245	14369.51
1246	14818.59
1247	15283.33
1248	15778.94
1249	16320.68
1250	16923.72
1251	17600.63
1252	18351.51
1253	19155.71
1254	19983.09
1255	20802.09
1256	21581.05
1257	22288.77
1258	22899.56
1259	23406.13
1260	23820.37
1261	24160.27
1262	24444.38
1263	24691.20
1264	24918.19
1265	25135.29
1266	25335.40
1267	25500.43
1268	25609.95
1269	25643.38
1270	25580.38
1271	25404.09
1272	25112.92
1273	24727.16
1274	24276.04
1275	23789.92
1276	23299.22
1277	22833.76
1278	22417.72
1279	22059.31
1280	21753.26
1281	21490.63
1282	21262.26
1283	21059.04
1284	20873.47
1285	20706.47
1286	20574.07
1287	20499.75
1288	20508.27
1289	20624.39
1290	20872.35
1291	21269.33
1292	21809.63
1293	22464.28
1294	23196.97
1295	23970.84
1296	24749.00
1297	25495.43
1298	26179.12
1299	26779.34
1300	27281.09
1301	27670.49
1302	27933.73
1303	28057.16
1304	28029.97
1305	27851.26
1306	27531.20
1307	27083.70
1308	26523.03
1309	25863.48
1310	25119.66
1311	24308.03
1312	23449.12
1313	22565.83
1314	21681.52
1315	20819.61
1316	20003.21
1317	19251.47
1318	18569.49
1319	17946.58
1320	17366.64
1321	16813.10
1322	16269.38
1323	15719.88
1324	15154.84
1325	14576.59
1326	13994.35
1327	13418.66
1328	12860.12
1329	12329.20
1330	11834.70
1331	11379.89
1332	10962.29
1333	10577.56
1334	10221.24
1335	9888.86
1336	9576.30
1337	9281.25
1338	9004.72
1339	8749.45
1340	8518.46
1341	8314.76
1342	8141.23
1343	7999.16
1344	7885.25
1345	7792.20
1346	7711.58
1347	7634.91
1348	7553.72
1349	7460.65
1350	7353.08
1351	7235.53
1352	7115.53
1353	7001.02
1354	6899.95
1355	6819.88
1356	6765.64
1357	6735.50
1358	6723.34
1359	6722.03
1360	6724.41
1361	6723.39
1362	6712.99
1363	6691.12
1364	6659.97
1365	6623.18
1366	6584.48
1367	6547.61
1368	6515.73
1369	6488.97
1370	6462.21
1371	6427.75
1372	6377.50
1373	6303.35
1374	6197.61
1375	6056.12
1376	5883.77
1377	5692.15
1378	5494.52
1379	5304.20
1380	5134.39
1381	4996.41
1382	4894.79
1383	4826.34
1384	4785.27
1385	4765.50
1386	4760.98
1387	4766.08
1388	4777.28
1389	4794.64
1390	4819.91
1391	4855.10
1392	4902.23
1393	4963.17
1394	5038.73
1395	5127.22
1396	5225.26
1397	5329.10
1398	5434.95
1399	5539.10
1400	5638.37
1401	5731.33
1402	5818.23
1403	5899.82
1404	5976.86
1405	6050.17
1406	6120.78
1407	6190.81
1408	6263.72
1409	6343.56
1410	6434.42
1411	6540.39
1412	6665.58
1413	6814.01
1414	6989.64
1415	7196.39
1416	7438.14
1417	7718.80
1418	8042.28
1419	8412.55
1420	8833.70
1421	9309.94
1422	9845.46
1423	10444.51
1424	11111.49
1425	11852.90
1426	12681.20
1427	13614.05
1428	14670.56
1429	15869.90
1430	17230.66
1431	18762.79
1432	20446.07
1433	22226.64
1434	24039.36
1435	25818.05
1436	27496.73
1437	29014.22
1438	30329.43
1439	31429.27
1440	32311.86
1441	32976.70
1442	33423.42
1443	33653.16
1444	33674.64
1445	33509.48
1446	33185.40
1447	32731.04
1448	32175.10
1449	31545.76
1450	30868.40
1451	30162.73
1452	29445.32
1453	28732.13
1454	28039.08
1455	27381.00
1456	26765.03
1457	26180.78
1458	25606.52
1459	25018.05
1460	24391.13
1461	23702.42
1462	22936.41
1463	22097.59
1464	21205.13
1465	20281.81
1466	19350.58
1467	18433.96
1468	17550.37
1469	16706.73
1470	15900.49
1471	15126.56
1472	14379.73
1473	13654.90
1474	12948.76
1475	12263.16
1476	11604.69
1477	10981.26
1478	10400.91
1479	9871.46
1480	9398.47
1481	8980.34
1482	8608.57
1483	8272.54
1484	7961.46
1485	7664.72
1486	7373.61
1487	7085.73
1488	6805.09
1489	6537.68
1490	6289.68
1491	6067.13
1492	5874.37
1493	5710.04
1494	5566.86
1495	5435.64
1496	5307.05
1497	5171.90
1498	5023.03
1499	4860.09
1500	4689.76
1501	4521.02
1502	4363.03
1503	4224.81
1504	4113.40
1505	4029.48
1506	3967.17
1507	3918.53
1508	3875.45
1509	3829.94
1510	3775.50
1511	3710.37
1512	3637.40
1513	3560.89
1514	3485.21
1515	3414.69
1516	3352.80
1517	3300.46
1518	3256.27
1519	3218.16
1520	3183.99
1521	3151.63
1522	3119.07
1523	3084.54
1524	3046.50
1525	3003.48
1526	2954.00
1527	2896.72
1528	2831.29
1529	2759.99
1530	2687.06
1531	2617.23
1532	2555.25
1533	2505.70
1534	2471.74
1535	2453.29
1536	2448.13
1537	2453.55
1538	2466.81
1539	2485.13
1540	2505.41
1541	2523.86
1542	2536.34
1543	2538.61
1544	2526.48
1545	2496.38
1546	2448.01
1547	2386.82
1548	2321.05
1549	2259.42
1550	2210.59
1551	2182.19
1552	2177.44
1553	2193.13
1554	2223.37
1555	2261.97
1556	2302.72
1557	2340.10
1558	2370.84
1559	2394.37
1560	2411.03
1561	2421.28
1562	2425.56
1563	2424.40
1564	2418.57
1565	2409.02
1566	2396.79
1567	2382.91
1568	2368.41
1569	2354.23
1570	2341.18
1571	2329.90
1572	2321.03
1573	2315.21
1574	2312.94
1575	2314.04
1576	2317.00
1577	2319.62
1578	2319.57
1579	2314.53
1580	2302.68
1581	2284.22
1582	2262.31
1583	2241.27
1584	2225.61
1585	2219.72
1586	2226.92
1587	2246.93
1588	2275.81
1589	2308.46
1590	2339.69
1591	2364.49
1592	2379.37
1593	2384.63
1594	2383.26
1595	2378.94
1596	2375.33
1597	2375.90
1598	2382.97
1599	2396.78
1600	2416.55
1601	2441.29
1602	2470.06
1603	2502.04
1604	2537.09
1605	2575.84
1606	2619.24
1607	2668.22
1608	2723.71
1609	2786.30
1610	2855.59
1611	2930.48
1612	3009.64
1613	3091.74
1614	3175.83
1615	3263.04
1616	3358.43
1617	3469.11
1618	3602.56
1619	3766.18
1620	3965.82
1621	4201.58
1622	4466.64
1623	4751.70
1624	5047.23
1625	5344.18
1626	5637.70
1627	5933.60
1628	6245.59
1629	6589.30
1630	6980.38
1631	7433.05
1632	7954.53
1633	8540.58
1634	9181.68
1635	9867.52
1636	10588.18
1637	11338.66
1638	12129.34
1639	12985.44
1640	13936.68
1641	15013.08
1642	16243.35
1643	17648.36
1644	19233.12
1645	20993.83
1646	22924.96
1647	25020.43
1648	27266.76
1649	29623.64
1650	32019.81
1651	34373.22
1652	36600.80
1653	38619.66
1654	40348.23
1655	41708.04
1656	42622.57
1657	43015.71
1658	42812.44
1659	41955.55
1660	40456.82
1661	38415.49
1662	35963.25
1663	33235.31
1664	30364.89
1665	27469.90
1666	24632.26
1667	21910.02
1668	19355.86
1669	17021.81
1670	14952.90
1671	13167.05
1672	11647.76
1673	10365.74
1674	9290.31
1675	8390.98
1676	7638.89
1677	7008.88
1678	6478.19
1679	6024.54
1680	5625.87
1681	5262.74
1682	4925.33
1683	4614.90
1684	4336.61
1685	4095.95
1686	3897.71
1687	3742.30
1688	3621.30
1689	3521.31
1690	3428.00
1691	3327.30
1692	3208.65
1693	3072.61
1694	2930.51
1695	2796.97
1696	2686.77
1697	2613.13
1698	2581.62
1699	2585.11
1700	2610.63
1701	2644.34
1702	2672.78
1703	2685.93
1704	2682.66
1705	2668.41
1706	2650.24
1707	2635.24
1708	2629.33
1709	2634.05
1710	2645.63
1711	2658.39
1712	2666.49
1713	2664.86
1714	2653.01
1715	2639.13
1716	2636.01
1717	2657.24
1718	2716.06
1719	2821.92
1720	2973.96
1721	3162.88
1722	3377.14
1723	3605.18
1724	3836.79
1725	4066.91
1726	4296.98
1727	4530.77
1728	4772.31
1729	5025.61
1730	5294.52
1731	5582.59
1732	5893.21
1733	6229.76
1734	6595.12
1735	6988.44
1736	7399.39
1737	7810.73
1738	8203.57
1739	8559.11
1740	8860.99
1741	9100.94
1742	9279.13
1743	9398.39
1744	9461.76
1745	9471.71
1746	9428.20
1747	9327.52
1748	9164.45
1749	8933.61
1750	8630.62
1751	8256.70
1752	7824.09
1753	7350.97
1754	6856.57
1755	6359.78
1756	5876.43
1757	5414.66
1758	4977.22
1759	4565.54
1760	4180.99
1761	3825.04
1762	3499.39
1763	3205.98
1764	2946.79
1765	2723.78
1766	2537.88
1767	2386.39
1768	2262.25
1769	2156.87
1770	2061.54
1771	1968.43
1772	1873.64
1773	1779.03
1774	1688.91
1775	1607.89
1776	1540.31
1777	1488.84
1778	1453.24
1779	1431.79
1780	1422.53
1781	1423.37
1782	1431.39
1783	1441.98
1784	1449.53
1785	1448.23
1786	1432.65
1787	1400.24
1788	1355.27
1789	1306.65
1790	1264.36
1791	1238.01
1792	1233.65
1793	1247.86
1794	1269.88
1795	1287.13
1796	1287.26
1797	1261.83
1798	1213.58
1799	1154.94
1800	1101.04
1801	1066.84
1802	1063.61
1803	1091.16
1804	1138.47
1805	1191.29
1806	1235.36
1807	1259.14
1808	1260.05
1809	1244.48
1810	1221.66
1811	1200.93
1812	1189.96
1813	1190.78
1814	1199.46
1815	1210.16
1816	1216.98
1817	1215.19
1818	1204.28
1819	1188.21
1820	1172.43
1821	1162.44
1822	1162.51
1823	1172.78
1824	1188.90
1825	1205.05
1826	1215.39
1827	1215.45
1828	1205.44
1829	1190.48
1830	1177.26
1831	1172.49
1832	1181.42
1833	1204.50
1834	1237.37
1835	1274.16
1836	1308.94
1837	1336.41
1838	1353.22
1839	1357.86
1840	1349.37
1841	1326.97
1842	1291.46
1843	1248.19
1844	1206.38
1845	1176.31
1846	1167.84
1847	1186.49
1848	1226.33
1849	1272.66
1850	1308.63
1851	1318.15
1852	1292.02
1853	1237.24
1854	1171.74
1855	1115.83
1856	1088.61
1857	1100.84
1858	1145.95
1859	1207.35
1860	1266.57
1861	1306.45
1862	1317.22
1863	1302.15
1864	1270.89
1865	1234.11
1866	1201.64
1867	1179.52
1868	1168.23
1869	1165.94
1870	1170.53
1871	1179.83
1872	1191.57
1873	1203.33
1874	1212.67
1875	1217.17
1876	1215.02
1877	1206.19
1878	1192.25
1879	1175.27
1880	1157.28
1881	1139.91
1882	1123.85
1883	1109.15
1884	1095.66
1885	1083.33
1886	1072.34
1887	1063.46
1888	1057.71
1889	1056.17
1890	1059.78
1891	1068.82
1892	1082.71
1893	1100.46
1894	1121.05
1895	1143.14
1896	1164.43
1897	1181.65
1898	1191.22
1899	1189.78
1900	1175.75
1901	1152.02
1902	1124.58
1903	1100.17
1904	1085.05
1905	1082.83
1906	1092.39
1907	1110.27
1908	1132.65
1909	1155.78
1910	1176.27
1911	1191.22
1912	1197.88
1913	1193.68
1914	1177.62
1915	1152.90
1916	1125.99
1917	1104.16
1918	1094.05
1919	1098.35
1920	1112.52
1921	1128.32
1922	1136.96
1923	1131.38
1924	1110.68
1925	1081.30
1926	1052.17
1927	1032.13
1928	1027.23
1929	1036.45
1930	1053.79
1931	1072.08
1932	1084.90
1933	1089.62
1934	1089.70
1935	1091.25
1936	1100.59
1937	1121.75
1938	1151.77
1939	1181.19
1940	1198.70
1941	1193.95
1942	1163.03
1943	1114.59
1944	1064.00
1945	1027.66
1946	1018.79
1947	1039.46
1948	1079.35
1949	1124.05
1950	1159.39
1951	1175.63
1952	1172.53
1953	1155.67
1954	1131.82
1955	1107.30
1956	1086.78
1957	1072.88
1958	1067.46
1959	1072.12
1960	1086.93
1961	1108.55
1962	1131.51
1963	1149.91
1964	1158.73
1965	1156.12
1966	1144.12
1967	1126.11
1968	1105.68
1969	1086.66
1970	1073.49
1971	1070.91
1972	1083.62
1973	1114.33
1974	1158.91
1975	1205.79
1976	1240.95
1977	1251.48
1978	1231.76
1979	1190.26
1980	1142.82
1981	1106.22
1982	1092.65
1983	1100.41
1984	1115.21
1985	1119.23
1986	1096.95
1987	1044.49
1988	975.96
1989	913.24
1990	878.29
1991	885.08
1992	928.07
1993	988.29
1994	1043.88
1995	1076.56
1996	1081.13
1997	1067.17
1998	1049.22
1999	1041.14
2000	1050.72
2001	1074.98
2002	1105.58
2003	1133.61
2004	1152.28
2005	1160.41
2006	1161.07
2007	1158.27
2008	1154.97
2009	1150.19
2010	1138.40
2011	1112.61
2012	1067.13
2013	1003.70
2014	936.51
2015	885.62
2016	870.83
2017	903.31
2018	973.92
2019	1059.99
2020	1136.25
2021	1181.97
2022	1190.99
2023	1170.90
2024	1133.36
2025	1089.73
2026	1048.86
2027	1016.34
2028	996.49
2029	992.96
2030	1006.89
2031	1034.84
2032	1071.13
2033	1109.78
2034	1145.20
2035	1172.68
2036	1188.15
2037	1187.83
2038	1169.90
2039	1138.00
2040	1100.32
2041	1066.12
2042	1042.86
2043	1031.60
2044	1026.53
2045	1019.71
2046	1004.32
2047	978.83
2048	948.74
2049	922.25
2050	907.41
2051	910.04
2052	932.38
2053	975.01
2054	1037.45
2055	1114.53
2056	1192.23
2057	1251.92
2058	1275.43
2059	1252.98
2060	1193.03
2061	1115.03
2062	1040.11
2063	985.05
2064	955.92
2065	951.43
2066	968.42
2067	1001.86
2068	1042.08
2069	1075.87
2070	1089.67
2071	1075.09
2072	1038.29
2073	997.53
2074	973.81
2075	982.68
2076	1023.23
2077	1079.87
2078	1133.24
2079	1167.00
2080	1174.91
2081	1160.08
2082	1128.35
2083	1086.28
2084	1041.85
2085	1004.45
2086	983.58
2087	985.59
2088	1006.97
2089	1035.08
2090	1054.83
2091	1054.47
2092	1032.72
2093	997.88
2094	960.90
2095	931.97
2096	918.38
2097	924.91
2098	955.18
2099	1008.37
2100	1071.58
2101	1122.19
2102	1136.29
2103	1100.41
2104	1028.16
2105	953.00
2106	911.23
2107	924.34
2108	978.83
2109	1038.24
2110	1063.92
2111	1035.13
2112	968.73
2113	903.17
2114	877.44
2115	911.25
2116	989.20
2117	1078.55
2118	1146.98
2119	1176.99
2120	1173.67
2121	1151.73
2122	1126.01
2123	1106.87
2124	1099.11
2125	1105.34
2126	1126.40
2127	1158.02
2128	1191.00
2129	1214.93
2130	1222.14
2131	1212.55
2132	1191.83
2133	1167.02
2134	1144.48
2135	1129.02
2136	1124.52
2137	1133.57
2138	1153.71
2139	1174.31
2140	1181.27
2141	1163.87
2142	1125.71
2143	1087.31
2144	1074.31
2145	1104.79
2146	1173.67
2147	1256.54
2148	1324.93
2149	1358.19
2150	1352.79
2151	1315.31
2152	1254.44
2153	1179.30
2154	1099.49
2155	1024.78
2156	964.19
2157	924.25
2158	909.00
2159	921.20
2160	959.66
2161	1014.37
2162	1069.62
2163	1110.01
2164	1126.94
2165	1122.42
2166	1102.95
2167	1075.05
2168	1043.39
2169	1010.80
2170	979.68
2171	952.90
2172	934.44
2173	928.82
2174	938.85
2175	960.05
2176	978.57
2177	977.92
2178	948.93
2179	902.55
2180	864.66
2181	861.08
2182	899.69
2183	959.59
2184	1007.68
2185	1017.32
2186	986.18
2187	933.59
2188	883.77
2189	854.33
2190	850.37
2191	870.59
2192	910.37
2193	958.01
2194	995.10
2195	1003.23
2196	975.25
2197	925.02
2198	876.79
2199	851.77
2200	856.20
2201	881.95
2202	917.06
2203	951.65
2204	980.03
2205	998.64
2206	1004.84
2207	997.81
2208	978.25
2209	948.33
2210	914.75
2211	891.12
2212	892.92
2213	926.99
2214	977.70
2215	1013.75
2216	1006.87
2217	954.22
2218	883.89
2219	832.45
2220	821.66
2221	841.72
2222	866.14
2223	870.85
2224	847.98
2225	804.07
2226	750.54
2227	702.88
2228	681.67
2229	707.09
2230	783.62
2231	882.28
2232	955.88
2233	968.17
2234	925.99
2235	873.82
2236	857.60
2237	886.83
2238	922.68
2239	913.21
2240	834.74
2241	720.52
2242	630.99
2243	611.97
2244	659.80
2245	735.40
2246	798.83
2247	835.06
2248	854.38
2249	872.15
2250	892.31
2251	902.46
2252	886.60
2253	843.41
2254	799.22
2255	791.26
2256	838.58
2257	914.18
2258	963.68
2259	945.09
2260	866.86
2261	777.42
2262	725.86
2263	729.64
2264	774.08
2265	834.64
2266	886.41
2267	905.27
2268	872.98
2269	795.88
2270	715.39
2271	681.41
2272	716.04
2273	792.16
2274	863.00
2275	896.66
2276	895.43
2277	878.55
2278	863.13
2279	855.55
2280	855.41
2281	856.90
2282	844.92
2283	800.57
2284	717.80
2285	622.86
2286	560.94
2287	564.35
2288	623.75
2289	702.50
2290	766.37
2291	802.26
2292	811.80
2293	799.63
2294	769.68
2295	725.77
2296	675.84
2297	637.68
2298	633.41
2299	670.90
2300	722.74
2301	743.00
2302	706.26
2303	640.31
2304	600.05
2305	620.36
2306	685.21
2307	754.35
2308	800.35
2309	826.65
2310	848.11
2311	865.00
2312	852.23
2313	783.97
2314	674.56
2315	590.93
2316	598.56
2317	689.64
2318	777.55
2319	778.80
2320	695.00
2321	601.32
2322	568.86
2323	607.76
2324	685.40
2325	763.91
2326	814.75
2327	819.66
2328	784.02
2329	747.25
2330	751.63
2331	798.42
2332	841.45
2333	834.59
2334	777.21
2335	706.12
2336	659.04
2337	653.87
2338	692.28
2339	754.23
2340	791.54
2341	760.78
2342	674.18
2343	599.66
2344	595.94
2345	655.68
2346	729.09
2347	775.74
2348	787.86
2349	772.55
2350	737.81
2351	690.88
2352	644.04
2353	622.06
2354	651.56
2355	731.81
2356	820.09
2357	869.31
2358	870.44
2359	847.41
2360	818.39
2361	773.21
2362	698.39
2363	619.56
2364	601.02
2365	676.87
2366	785.53
2367	827.28
2368	770.50
2369	677.46
2370	618.02
2371	601.79
2372	602.45
2373	606.66
2374	626.30
2375	668.16
2376	705.93
2377	703.17
2378	663.11
2379	636.21
2380	657.58
2381	694.93
2382	693.97
2383	653.66
2384	627.07
2385	645.29
2386	670.94
2387	656.94
2388	619.28
2389	617.24
2390	676.53
2391	762.83
2392	835.45
2393	887.69
2394	924.88
2395	927.94
2396	864.39
2397	749.18
2398	666.83
2399	682.96
2400	764.07
2401	835.22
2402	863.48
2403	857.63
2404	825.81
2405	765.29
2406	691.63
2407	656.12
2408	688.55
2409	729.73
2410	698.53
2411	615.54
2412	577.09
2413	614.81
2414	665.42
2415	681.10
2416	686.15
2417	714.66
2418	760.53
2419	797.55
2420	803.48
2421	768.19
2422	702.88
2423	634.27
2424	591.95
2425	594.53
2426	624.51
2427	639.39
2428	633.73
2429	645.94
2430	676.82
2431	670.31
2432	622.95
2433	621.92
2434	690.95
2435	718.23
2436	652.33
2437	613.43
2438	684.44
2439	777.87
2440	813.67
2441	832.83
2442	854.66
2443	804.60
2444	692.00
2445	669.39
2446	746.07
2447	713.02
2448	540.84
2449	474.87
2450	575.73
