150	3603.63
151	3601.30
152	3603.13
153	3611.86
154	3627.42
155	3648.70
156	3674.25
157	3702.57
158	3732.18
159	3761.60
160	3789.32
161	3813.89
162	3834.02
163	3849.22
164	3859.96
165	3867.05
166	3871.35
167	3873.70
168	3874.97
169	3876.00
170	3877.64
171	3880.60
172	3885.09
173	3890.69
174	3896.75
175	3902.58
176	3907.51
177	3910.87
178	3911.97
179	3910.15
180	3905.04
181	3897.39
182	3889.28
183	3883.33
184	3882.17
185	3888.47
186	3904.87
187	3934.02
188	3978.53
189	4040.26
190	4118.34
191	4208.64
192	4305.89
193	4404.69
194	4499.64
195	4585.33
196	4656.38
197	4707.44
198	4734.26
199	4736.28
200	4717.14
201	4681.92
202	4635.80
203	4584.01
204	4531.74
205	4484.20
206	4446.51
207	4422.89
208	4414.41
209	4418.91
210	4433.21
211	4454.02
212	4478.07
213	4502.08
214	4522.77
215	4536.91
216	4542.06
217	4538.06
218	4526.93
219	4511.34
220	4494.00
221	4477.63
222	4464.93
223	4458.63
224	4461.35
225	4474.99
226	4499.40
227	4532.69
228	4572.52
229	4616.52
230	4662.32
231	4707.55
232	4749.84
233	4786.91
234	4817.07
235	4840.19
236	4857.22
237	4869.39
238	4877.94
239	4884.11
240	4889.14
241	4894.27
242	4900.66
243	4909.02
244	4919.04
245	4929.79
246	4940.20
247	4949.22
248	4955.78
249	4958.83
250	4957.29
251	4950.27
252	4937.64
253	4920.77
254	4901.77
255	4882.89
256	4866.39
257	4854.51
258	4849.50
259	4853.60
260	4868.72
261	4895.22
262	4931.21
263	4973.81
264	5020.00
265	5066.75
266	5111.04
267	5149.85
268	5180.20
269	5199.61
270	5207.56
271	5205.88
272	5197.19
273	5184.22
274	5169.69
275	5156.34
276	5146.89
277	5144.01
278	5149.80
279	5164.59
280	5187.10
281	5215.56
282	5248.17
283	5283.14
284	5318.66
285	5352.94
286	5384.22
287	5411.07
288	5432.92
289	5449.71
290	5461.57
291	5468.62
292	5470.96
293	5468.72
294	5462.00
295	5450.96
296	5435.90
297	5417.41
298	5396.24
299	5373.17
300	5348.99
301	5324.48
302	5300.40
303	5277.55
304	5256.64
305	5238.11
306	5222.03
307	5208.34
308	5196.93
309	5187.72
310	5180.62
311	5175.52
312	5172.33
313	5170.95
314	5171.24
315	5173.02
316	5176.11
317	5180.32
318	5185.45
319	5191.34
320	5197.78
321	5204.59
322	5211.58
323	5218.57
324	5225.37
325	5231.80
326	5237.66
327	5242.77
328	5246.94
329	5249.99
330	5251.76
331	5252.24
332	5251.68
333	5250.43
334	5248.86
335	5247.37
336	5246.33
337	5246.12
338	5247.12
339	5249.61
340	5253.58
341	5258.70
342	5264.50
343	5270.50
344	5276.25
345	5281.27
346	5285.08
347	5287.23
348	5287.41
349	5285.69
350	5282.37
351	5277.85
352	5272.52
353	5266.77
354	5260.99
355	5255.58
356	5250.91
357	5247.24
358	5244.69
359	5243.30
360	5243.08
361	5244.04
362	5246.21
363	5249.60
364	5254.22
365	5260.05
366	5266.87
367	5274.27
368	5281.81
369	5289.03
370	5295.45
371	5300.62
372	5304.08
373	5305.39
374	5304.30
375	5301.03
376	5296.07
377	5289.97
378	5283.29
379	5276.58
380	5270.41
381	5265.33
382	5261.85
383	5260.29
384	5260.70
385	5263.01
386	5267.14
387	5273.01
388	5280.54
389	5289.65
390	5300.26
391	5312.29
392	5325.62
393	5340.15
394	5355.75
395	5372.31
396	5389.69
397	5407.79
398	5426.49
399	5445.63
400	5464.96
401	5484.06
402	5502.38
403	5519.38
404	5534.52
405	5547.26
406	5557.05
407	5563.35
408	5565.80
409	5564.52
410	5560.10
411	5553.29
412	5544.83
413	5535.48
414	5525.98
415	5517.08
416	5509.48
417	5503.58
418	5499.25
419	5496.04
420	5493.46
421	5491.04
422	5488.26
423	5484.65
424	5479.73
425	5473.22
426	5465.45
427	5457.40
428	5450.24
429	5445.18
430	5443.40
431	5446.10
432	5454.46
433	5469.52
434	5491.33
435	5518.12
436	5547.11
437	5575.34
438	5599.86
439	5617.71
440	5625.92
441	5621.62
442	5602.75
443	5570.03
444	5526.89
445	5477.63
446	5426.59
447	5378.12
448	5336.59
449	5306.32
450	5291.30
451	5293.54
452	5311.47
453	5341.76
454	5380.75
455	5424.79
456	5470.21
457	5513.35
458	5550.64
459	5579.31
460	5599.05
461	5611.70
462	5619.72
463	5625.59
464	5631.83
465	5640.92
466	5655.36
467	5677.31
468	5707.62
469	5744.95
470	5787.05
471	5831.52
472	5875.98
473	5918.02
474	5955.25
475	5985.35
476	6006.71
477	6019.38
478	6024.70
479	6024.25
480	6019.68
481	6012.59
482	6004.62
483	5997.37
484	5992.21
485	5989.55
486	5988.66
487	5988.40
488	5987.58
489	5985.01
490	5979.50
491	5969.88
492	5955.09
493	5934.98
494	5911.02
495	5885.65
496	5861.46
497	5841.05
498	5827.02
499	5821.96
500	5828.38
501	5847.80
502	5878.91
503	5917.96
504	5960.51
505	6002.05
506	6038.11
507	6064.19
508	6075.84
509	6069.36
510	6044.11
511	6003.72
512	5953.43
513	5898.72
514	5845.07
515	5797.96
516	5762.84
517	5744.82
518	5746.71
519	5766.68
520	5800.20
521	5842.25
522	5887.78
523	5931.74
524	5969.07
525	5994.85
526	6005.28
527	5999.88
528	5980.95
529	5951.56
530	5914.85
531	5873.94
532	5831.95
533	5792.00
534	5756.81
535	5727.68
536	5704.12
537	5684.94
538	5668.92
539	5654.81
540	5641.35
541	5627.31
542	5611.54
543	5593.39
544	5573.10
545	5551.36
546	5528.90
547	5506.50
548	5484.91
549	5464.90
550	5447.18
551	5432.34
552	5420.54
553	5411.64
554	5405.48
555	5401.87
556	5400.63
557	5401.56
558	5404.48
559	5409.23
560	5415.68
561	5423.76
562	5433.39
563	5444.52
564	5457.07
565	5470.98
566	5486.19
567	5502.65
568	5520.40
569	5539.59
570	5560.39
571	5583.00
572	5607.60
573	5634.36
574	5663.49
575	5695.10
576	5729.06
577	5764.79
578	5801.48
579	5838.32
580	5874.49
581	5909.14
582	5941.47
583	5970.73
584	5996.65
585	6020.00
586	6042.15
587	6064.57
588	6088.75
589	6116.18
590	6148.34
591	6186.63
592	6231.71
593	6282.46
594	6336.39
595	6390.71
596	6442.60
597	6489.25
598	6527.84
599	6555.62
600	6570.53
601	6572.55
602	6563.49
603	6545.72
604	6521.60
605	6493.54
606	6463.91
607	6435.07
608	6408.97
609	6386.10
610	6365.42
611	6345.36
612	6324.33
613	6300.71
614	6272.88
615	6239.26
616	6198.53
617	6150.50
618	6096.38
619	6037.93
620	5976.96
621	5915.29
622	5854.74
623	5797.11
624	5744.01
625	5696.22
626	5653.24
627	5614.05
628	5577.58
629	5542.74
630	5508.44
631	5473.60
632	5437.30
633	5399.32
634	5360.66
635	5322.88
636	5287.62
637	5256.50
638	5231.19
639	5213.30
640	5204.30
641	5204.74
642	5213.48
643	5228.56
644	5247.88
645	5269.31
646	5290.75
647	5310.08
648	5325.32
649	5335.16
650	5339.60
651	5339.36
652	5335.30
653	5328.25
654	5319.07
655	5308.62
656	5297.73
657	5287.16
658	5277.50
659	5269.23
660	5262.83
661	5258.78
662	5257.54
663	5259.59
664	5265.35
665	5274.87
666	5287.48
667	5302.08
668	5317.48
669	5332.50
670	5345.94
671	5356.62
672	5363.49
673	5366.38
674	5366.94
675	5367.89
676	5372.15
677	5382.69
678	5402.42
679	5434.29
680	5480.98
681	5543.63
682	5620.16
683	5706.64
684	5798.79
685	5892.30
686	5982.85
687	6066.17
688	6138.27
689	6197.15
690	6244.73
691	6285.11
692	6322.82
693	6362.40
694	6408.38
695	6465.29
696	6537.33
697	6626.73
698	6732.06
699	6849.95
700	6976.64
701	7108.41
702	7241.49
703	7372.16
704	7496.94
705	7613.78
706	7723.08
707	7826.48
708	7925.82
709	8022.94
710	8119.69
711	8217.90
712	8319.12
713	8423.63
714	8529.63
715	8634.39
716	8735.03
717	8828.68
718	8912.46
719	8983.53
720	9039.42
721	9079.38
722	9105.05
723	9119.05
724	9124.13
725	9123.04
726	9118.54
727	9113.35
728	9109.62
729	9107.41
730	9104.20
731	9096.56
732	9080.92
733	9053.74
734	9011.46
735	8950.65
736	8869.02
737	8768.30
738	8654.26
739	8533.98
740	8414.66
741	8303.49
742	8207.66
743	8134.18
744	8088.15
745	8069.33
746	8072.90
747	8092.79
748	8122.86
749	8156.97
750	8188.96
751	8212.98
752	8225.11
753	8226.28
754	8220.65
755	8213.17
756	8208.82
757	8212.58
758	8229.39
759	8263.77
760	8317.56
761	8387.33
762	8466.78
763	8549.08
764	8627.37
765	8694.79
766	8744.53
767	8770.57
768	8770.58
769	8747.96
770	8708.60
771	8658.75
772	8604.66
773	8552.60
774	8508.76
775	8478.34
776	8462.98
777	8460.12
778	8465.73
779	8475.65
780	8485.70
781	8491.70
782	8489.65
783	8477.12
784	8456.27
785	8433.23
786	8415.20
787	8409.48
788	8423.36
789	8464.10
790	8538.58
791	8650.84
792	8798.75
793	8976.26
794	9176.51
795	9392.59
796	9617.62
797	9844.73
798	10067.55
799	10282.32
800	10489.40
801	10691.06
802	10889.84
803	11088.30
804	11289.02
805	11494.51
806	11707.07
807	11928.04
808	12157.70
809	12395.99
810	12642.81
811	12898.06
812	13161.63
813	13433.51
814	13714.28
815	14006.19
816	14312.70
817	14637.60
818	14984.68
819	15357.75
820	15760.59
821	16196.52
822	16666.39
823	17166.46
824	17690.69
825	18232.60
826	18785.72
827	19343.57
828	19899.70
829	20448.01
830	20983.74
831	21503.77
832	22005.53
833	22486.51
834	22944.22
835	23376.16
836	23779.80
837	24152.44
838	24490.90
839	24791.61
840	25050.95
841	25265.26
842	25430.90
843	25544.26
844	25602.57
845	25607.39
846	25567.73
847	25496.20
848	25405.96
849	25310.24
850	25222.21
851	25154.93
852	25119.43
853	25119.98
854	25153.79
855	25215.76
856	25300.60
857	25403.03
858	25517.76
859	25639.64
860	25764.43
861	25889.93
862	26015.21
863	26139.59
864	26262.41
865	26383.01
866	26500.70
867	26614.30
868	26720.59
869	26813.68
870	26886.66
871	26932.46
872	26944.05
873	26914.36
874	26836.73
875	26707.52
876	26530.99
877	26317.30
878	26078.10
879	25825.09
880	25569.99
881	25324.46
882	25098.86
883	24897.70
884	24716.46
885	24546.68
886	24379.39
887	24205.58
888	24016.25
889	23802.77
890	23559.97
891	23292.42
892	23012.76
893	22735.80
894	22476.49
895	22249.79
896	22070.55
897	21952.10
898	21900.12
899	21907.92
900	21963.21
901	22052.86
902	22163.69
903	22282.54
904	22396.44
905	22494.50
906	22571.64
907	22627.67
908	22663.74
909	22681.05
910	22680.85
911	22664.35
912	22632.63
913	22586.18
914	22524.45
915	22446.52
916	22351.37
917	22237.98
918	22105.34
919	21952.61
920	21780.36
921	21592.93
922	21397.62
923	21202.48
924	21015.60
925	20845.06
926	20698.90
927	20584.02
928	20502.52
929	20449.81
930	20418.60
931	20401.25
932	20390.14
933	20377.64
934	20356.47
935	20321.93
936	20275.30
937	20221.86
938	20167.74
939	20119.13
940	20082.22
941	20063.10
942	20066.47
943	20092.06
944	20133.98
945	20184.41
946	20235.34
947	20278.76
948	20306.71
949	20311.96
950	20291.57
951	20250.61
952	20198.31
953	20144.66
954	20099.64
955	20073.25
956	20075.22
957	20112.58
958	20184.83
959	20285.12
960	20404.85
961	20535.36
962	20667.95
963	20793.96
964	20905.09
965	20994.62
966	21057.94
967	21091.25
968	21090.87
969	21053.09
970	20974.24
971	20850.88
972	20681.00
973	20465.57
974	20207.31
975	19909.22
976	19574.37
977	19205.79
978	18806.63
979	18381.06
980	17936.28
981	17482.09
982	17029.02
983	16587.67
984	16168.65
985	15782.47
986	15438.58
987	15142.03
988	14892.13
989	14685.94
990	14520.31
991	14392.06
992	14298.01
993	14235.03
994	14200.17
995	14190.85
996	14204.69
997	14239.33
998	14292.43
999	14361.64
1000	14444.63
1001	14539.15
1002	14643.13
1003	14754.70
1004	14872.00
1005	14993.20
1006	15116.43
1007	15239.88
1008	15362.15
1009	15483.17
1010	15604.31
1011	15727.37
1012	15854.20
1013	15986.67
1014	16126.59
1015	16275.12
1016	16430.54
1017	16586.97
1018	16736.88
1019	16872.48
1020	16986.00
1021	17069.68
1022	17116.62
1023	17124.67
1024	17100.76
1025	17056.57
1026	17004.65
1027	16957.57
1028	16927.89
1029	16927.58
1030	16964.27
1031	17035.07
1032	17129.97
1033	17237.31
1034	17345.34
1035	17442.34
1036	17516.83
1037	17559.85
1038	17569.88
1039	17551.88
1040	17512.64
1041	17459.04
1042	17398.01
1043	17336.46
1044	17281.39
1045	17240.21
1046	17220.72
1047	17230.84
1048	17278.53
1049	17371.73
1050	17518.31
1051	17724.90
1052	17992.87
1053	18316.59
1054	18687.64
1055	19097.27
1056	19536.75
1057	19997.32
1058	20470.25
1059	20946.94
1060	21418.96
1061	21877.98
1062	22315.69
1063	22723.75
1064	23093.90
1065	23418.71
1066	23695.64
1067	23931.32
1068	24137.15
1069	24325.37
1070	24508.26
1071	24698.06
1072	24906.08
1073	25137.59
1074	25385.04
1075	25633.25
1076	25865.56
1077	26065.21
1078	26215.48
1079	26300.30
1080	26308.65
1081	26241.20
1082	26106.38
1083	25914.36
1084	25675.41
1085	25399.78
1086	25097.39
1087	24775.48
1088	24434.58
1089	24070.29
1090	23677.03
1091	23249.17
1092	22781.09
1093	22267.58
1094	21707.23
1095	21108.74
1096	20488.75
1097	19865.88
1098	19258.90
1099	18686.56
1100	18167.14
1101	17714.48
1102	17330.01
1103	17005.06
1104	16728.20
1105	16487.86
1106	16272.46
1107	16070.66
1108	15873.22
1109	15676.94
1110	15483.72
1111	15296.83
1112	15119.63
1113	14955.49
1114	14807.53
1115	14676.56
1116	14556.72
1117	14436.54
1118	14303.03
1119	14143.07
1120	13943.56
1121	13691.88
1122	13379.84
1123	13011.85
1124	12602.73
1125	12170.17
1126	11732.00
1127	11306.06
1128	10909.76
1129	10556.60
1130	10249.43
1131	9982.59
1132	9748.16
1133	9538.11
1134	9344.39
1135	9159.24
1136	8977.03
1137	8797.79
1138	8625.75
1139	8466.22
1140	8324.55
1141	8206.09
1142	8115.86
1143	8056.38
1144	8024.09
1145	8011.23
1146	8009.04
1147	8008.72
1148	8001.51
1149	7979.07
1150	7936.20
1151	7874.65
1152	7800.51
1153	7720.78
1154	7642.51
1155	7572.72
1156	7518.04
1157	7482.60
1158	7465.62
1159	7463.57
1160	7472.42
1161	7488.13
1162	7506.64
1163	7524.18
1164	7538.23
1165	7548.50
1166	7555.80
1167	7561.08
1168	7565.33
1169	7569.50
1170	7574.49
1171	7580.83
1172	7588.55
1173	7597.43
1174	7607.25
1175	7617.78
1176	7628.78
1177	7640.02
1178	7651.23
1179	7662.14
1180	7672.45
1181	7681.88
1182	7690.12
1183	7696.90
1184	7702.08
1185	7705.95
1186	7709.23
1187	7712.76
1188	7717.42
1189	7724.05
1190	7733.48
1191	7746.30
1192	7762.46
1193	7781.41
1194	7802.47
1195	7824.98
1196	7848.25
1197	7871.63
1198	7894.57
1199	7916.75
1200	7937.98
1201	7958.12
1202	7977.01
1203	7994.50
1204	8010.59
1205	8026.01
1206	8042.64
1207	8062.93
1208	8089.37
1209	8124.50
1210	8170.78
1211	8230.02
1212	8301.48
1213	8381.37
1214	8464.81
1215	8546.80
1216	8622.34
1217	8686.58
1218	8736.38
1219	8773.41
1220	8803.58
1221	8833.98
1222	8871.78
1223	8924.11
1224	8997.76
1225	9097.00
1226	9220.62
1227	9364.06
1228	9522.04
1229	9689.27
1230	9860.46
1231	10031.08
1232	10199.92
1233	10370.96
1234	10550.52
1235	10745.21
1236	10961.67
1237	11206.43
1238	11484.86
1239	11798.35
1240	12144.11
1241	12517.97
1242	12915.70
1243	13333.03
1244	13766.00
1245	14212.87
1246	14677.30
1247	15166.68
1248	15689.28
1249	16253.41
1250	16867.28
1251	17537.45
1252	18262.31
1253	19026.73
1254	19809.39
1255	20588.02
1256	21340.32
1257	22044.24
1258	22680.95
1259	23242.43
1260	23731.86
1261	24156.03
1262	24522.05
1263	24837.00
1264	25107.45
1265	25336.43
1266	25518.86
1267	25644.47
1268	25701.84
1269	25679.50
1270	25566.13
1271	25352.97
1272	25042.28
1273	24652.15
1274	24207.13
1275	23732.62
1276	23254.05
1277	22796.38
1278	22380.12
1279	22013.29
1280	21693.29
1281	21414.68
1282	21171.82
1283	20959.12
1284	20772.24
1285	20613.43
1286	20496.73
1287	20442.03
1288	20470.20
1289	20602.11
1290	20858.17
1291	21252.68
1292	21780.00
1293	22414.22
1294	23123.10
1295	23873.88
1296	24633.78
1297	25370.65
1298	26055.96
1299	26668.55
1300	27191.45
1301	27608.43
1302	27903.34
1303	28060.24
1304	28066.14
1305	27918.60
1306	27626.92
1307	27204.38
1308	26664.61
1309	26021.30
1310	25288.42
1311	24481.85
1312	23621.55
1313	22729.90
1314	21829.76
1315	20944.00
1316	20095.25
1317	19302.71
1318	18573.41
1319	17900.68
1320	17273.18
1321	16679.14
1322	16106.80
1323	15545.01
1324	14986.32
1325	14430.98
1326	13883.58
1327	13349.55
1328	12834.38
1329	12343.47
1330	11881.21
1331	11448.63
1332	11043.27
1333	10661.56
1334	10299.85
1335	9954.48
1336	9622.24
1337	9302.14
1338	8997.36
1339	8713.17
1340	8455.20
1341	8229.11
1342	8040.32
1343	7892.03
1344	7780.93
1345	7698.07
1346	7632.90
1347	7574.76
1348	7513.06
1349	7438.39
1350	7346.64
1351	7241.60
1352	7130.45
1353	7020.78
1354	6920.23
1355	6836.10
1356	6773.48
1357	6732.07
1358	6708.05
1359	6696.72
1360	6693.39
1361	6693.37
1362	6692.33
1363	6687.17
1364	6676.16
1365	6658.02
1366	6631.52
1367	6595.41
1368	6548.53
1369	6490.04
1370	6419.67
1371	6337.44
1372	6243.42
1373	6137.67
1374	6020.38
1375	5892.65
1376	5757.97
1377	5621.61
1378	5489.26
1379	5366.64
1380	5259.38
1381	5171.98
1382	5104.83
1383	5053.64
1384	5012.56
1385	4975.56
1386	4936.66
1387	4890.67
1388	4836.56
1389	4780.22
1390	4730.88
1391	4698.24
1392	4692.01
1393	4721.38
1394	4791.42
1395	4897.65
1396	5029.07
1397	5173.28
1398	5317.78
1399	5450.33
1400	5561.21
1401	5648.77
1402	5719.05
1403	5780.42
1404	5841.42
1405	5910.53
1406	5995.25
1407	6098.98
1408	6219.69
1409	6353.18
1410	6495.00
1411	6640.75
1412	6786.69
1413	6932.92
1414	7086.40
1415	7257.59
1416	7457.55
1417	7697.34
1418	7987.78
1419	8337.83
1420	8752.17
1421	9232.56
1422	9780.17
1423	10396.11
1424	11081.75
1425	11840.62
1426	12682.68
1427	13623.42
1428	14679.90
1429	15869.24
1430	17208.05
1431	18705.29
1432	20343.20
1433	22074.26
1434	23840.94
1435	25584.80
1436	27247.53
1437	28774.29
1438	30124.66
1439	31278.39
1440	32223.26
1441	32948.08
1442	33441.79
1443	33695.90
1444	33714.68
1445	33524.17
1446	33160.62
1447	32661.92
1448	32065.96
1449	31409.68
1450	30724.16
1451	30028.81
1452	29336.55
1453	28659.12
1454	28008.12
1455	27394.16
1456	26820.45
1457	26273.41
1458	25728.59
1459	25159.22
1460	24538.41
1461	23840.43
1462	23048.86
1463	22171.09
1464	21232.06
1465	20260.97
1466	19287.26
1467	18339.76
1468	17441.72
1469	16600.79
1470	15811.76
1471	15065.96
1472	14354.53
1473	13668.76
1474	13001.88
1475	12352.75
1476	11725.41
1477	11125.36
1478	10558.18
1479	10029.38
1480	9543.04
1481	9098.93
1482	8692.55
1483	8318.16
1484	7969.90
1485	7641.99
1486	7329.64
1487	7031.34
1488	6748.87
1489	6485.03
1490	6242.74
1491	6024.82
1492	5833.16
1493	5666.46
1494	5520.15
1495	5388.58
1496	5266.02
1497	5146.83
1498	5026.34
1499	4903.23
1500	4779.65
1501	4658.87
1502	4544.24
1503	4439.06
1504	4345.78
1505	4264.06
1506	4190.75
1507	4121.78
1508	4053.02
1509	3980.42
1510	3900.88
1511	3814.29
1512	3723.52
1513	3632.33
1514	3544.54
1515	3463.90
1516	3393.20
1517	3332.42
1518	3278.91
1519	3229.27
1520	3180.05
1521	3127.92
1522	3070.74
1523	3009.74
1524	2948.98
1525	2893.30
1526	2847.56
1527	2816.39
1528	2802.29
1529	2802.19
1530	2808.89
1531	2814.11
1532	2809.56
1533	2787.39
1534	2743.10
1535	2679.99
1536	2606.54
1537	2532.35
1538	2467.07
1539	2419.78
1540	2395.92
1541	2393.55
1542	2406.46
1543	2427.66
1544	2450.10
1545	2467.24
1546	2474.92
1547	2473.21
1548	2464.21
1549	2450.39
1550	2434.20
1551	2417.88
1552	2402.74
1553	2388.78
1554	2375.40
1555	2361.98
1556	2347.86
1557	2332.54
1558	2315.92
1559	2298.45
1560	2280.73
1561	2263.37
1562	2247.03
1563	2232.46
1564	2220.79
1565	2213.52
1566	2212.22
1567	2218.46
1568	2233.69
1569	2258.19
1570	2289.46
1571	2323.05
1572	2354.06
1573	2377.58
1574	2389.05
1575	2385.88
1576	2369.28
1577	2342.49
1578	2309.09
1579	2272.66
1580	2236.60
1581	2203.34
1582	2174.02
1583	2149.26
1584	2129.58
1585	2115.50
1586	2107.48
1587	2105.75
1588	2110.31
1589	2121.08
1590	2137.97
1591	2160.87
1592	2189.52
1593	2223.22
1594	2260.96
1595	2301.67
1596	2344.27
1597	2387.65
1598	2430.45
1599	2470.91
1600	2507.07
1601	2536.92
1602	2558.50
1603	2570.56
1604	2574.54
1605	2575.16
1606	2578.33
1607	2590.09
1608	2616.34
1609	2661.49
1610	2726.00
1611	2807.12
1612	2901.24
1613	3004.75
1614	3114.36
1615	3228.73
1616	3350.18
1617	3482.94
1618	3631.58
1619	3800.64
1620	3993.86
1621	4212.03
1622	4452.36
1623	4710.79
1624	4983.13
1625	5265.50
1626	5556.48
1627	5860.95
1628	6188.44
1629	6549.59
1630	6955.11
1631	7414.77
1632	7934.01
1633	8511.17
1634	9141.28
1635	9818.92
1636	10538.93
1637	11299.67
1638	12110.50
1639	12991.42
1640	13965.66
1641	15056.64
1642	16287.04
1643	17674.98
1644	19229.37
1645	20953.96
1646	22851.56
1647	24924.29
1648	27165.34
1649	29535.53
1650	31958.28
1651	34344.00
1652	36601.88
1653	38641.57
1654	40376.39
1655	41727.79
1656	42622.49
1657	42988.31
1658	42754.17
1659	41866.56
1660	40340.13
1661	38275.87
1662	35806.84
1663	33069.53
1664	30198.41
1665	27312.02
1666	24491.63
1667	21793.70
1668	19269.16
1669	16968.26
1670	14933.99
1671	13181.21
1672	11689.17
1673	10423.85
1674	9349.77
1675	8432.16
1676	7641.21
1677	6958.47
1678	6372.69
1679	5874.16
1680	5453.24
1681	5100.19
1682	4804.87
1683	4556.66
1684	4344.78
1685	4158.48
1686	3987.46
1687	3824.40
1688	3667.93
1689	3520.03
1690	3383.33
1691	3260.41
1692	3153.02
1693	3060.41
1694	2979.30
1695	2905.68
1696	2835.50
1697	2765.25
1698	2693.92
1699	2624.75
1700	2562.89
1701	2513.76
1702	2482.58
1703	2472.51
1704	2481.45
1705	2503.38
1706	2531.32
1707	2558.35
1708	2578.96
1709	2593.04
1710	2607.04
1711	2629.77
1712	2670.24
1713	2736.56
1714	2831.70
1715	2948.76
1716	3075.65
1717	3199.36
1718	3307.31
1719	3391.15
1720	3454.30
1721	3509.69
1722	3572.79
1723	3659.10
1724	3782.22
1725	3948.53
1726	4155.41
1727	4396.95
1728	4666.88
1729	4959.04
1730	5267.83
1731	5588.70
1732	5917.65
1733	6250.77
1734	6584.23
1735	6914.98
1736	7241.86
1737	7565.13
1738	7885.35
1739	8202.95
1740	8516.30
1741	8816.80
1742	9088.71
1743	9313.95
1744	9474.35
1745	9553.29
1746	9541.05
1747	9437.84
1748	9248.02
1749	8976.49
1750	8628.64
1751	8212.62
1752	7741.88
1753	7232.76
1754	6702.12
1755	6166.67
1756	5641.75
1757	5139.39
1758	4669.19
1759	4240.21
1760	3861.24
1761	3538.38
1762	3269.60
1763	3045.31
1764	2853.69
1765	2682.88
1766	2522.59
1767	2368.39
1768	2222.79
1769	2090.77
1770	1977.50
1771	1887.49
1772	1822.20
1773	1778.56
1774	1751.62
1775	1736.16
1776	1727.07
1777	1719.86
1778	1711.10
1779	1697.89
1780	1677.45
1781	1647.25
1782	1606.37
1783	1557.29
1784	1504.48
1785	1452.80
1786	1407.01
1787	1370.92
1788	1346.17
1789	1332.87
1790	1330.81
1791	1339.59
1792	1357.46
1793	1379.09
1794	1396.34
1795	1400.41
1796	1382.79
1797	1338.77
1798	1274.54
1799	1205.72
1800	1150.56
1801	1127.00
1802	1147.60
1803	1208.34
1804	1289.46
1805	1366.58
1806	1415.39
1807	1417.21
1808	1371.64
1809	1296.74
1810	1216.37
1811	1154.49
1812	1130.27
1813	1146.70
1814	1189.70
1815	1239.67
1816	1276.81
1817	1285.16
1818	1261.92
1819	1218.47
1820	1170.89
1821	1135.40
1822	1125.01
1823	1141.58
1824	1174.94
1825	1211.02
1826	1235.60
1827	1237.53
1828	1215.93
1829	1180.77
1830	1145.51
1831	1123.65
1832	1125.63
1833	1151.90
1834	1192.81
1835	1235.63
1836	1267.60
1837	1278.97
1838	1269.12
1839	1246.10
1840	1220.47
1841	1202.71
1842	1200.49
1843	1213.42
1844	1234.19
1845	1253.58
1846	1262.61
1847	1255.53
1848	1235.09
1849	1210.52
1850	1192.70
1851	1191.87
1852	1213.05
1853	1248.82
1854	1283.45
1855	1299.39
1856	1280.39
1857	1219.06
1858	1126.38
1859	1023.93
1860	935.27
1861	882.08
1862	875.82
1863	909.75
1864	968.25
1865	1034.31
1866	1092.17
1867	1131.83
1868	1151.62
1869	1153.40
1870	1139.47
1871	1112.59
1872	1077.12
1873	1039.24
1874	1005.76
1875	983.45
1876	977.53
1877	988.68
1878	1013.43
1879	1047.13
1880	1085.08
1881	1122.99
1882	1157.56
1883	1186.16
1884	1206.36
1885	1216.03
1886	1214.76
1887	1205.47
1888	1192.84
1889	1181.78
1890	1176.53
1891	1178.15
1892	1183.31
1893	1186.85
1894	1183.52
1895	1169.50
1896	1145.65
1897	1117.55
1898	1092.29
1899	1076.72
1900	1075.37
1901	1086.82
1902	1105.52
1903	1124.94
1904	1139.00
1905	1144.12
1906	1141.19
1907	1133.36
1908	1124.10
1909	1116.51
1910	1112.37
1911	1111.78
1912	1114.30
1913	1119.42
1914	1126.76
1915	1136.31
1916	1148.36
1917	1163.24
1918	1181.08
1919	1200.71
1920	1218.59
1921	1230.02
1922	1230.10
1923	1215.10
1924	1185.30
1925	1145.73
1926	1103.08
1927	1064.05
1928	1034.12
1929	1015.76
1930	1009.26
1931	1014.38
1932	1030.52
1933	1055.50
1934	1084.64
1935	1112.16
1936	1132.23
1937	1140.49
1938	1136.96
1939	1125.83
1940	1112.45
1941	1101.94
1942	1097.55
1943	1098.86
1944	1103.53
1945	1108.84
1946	1112.50
1947	1113.57
1948	1112.66
1949	1110.91
1950	1109.37
1951	1108.34
1952	1106.48
1953	1101.43
1954	1090.70
1955	1072.54
1956	1048.11
1957	1022.05
1958	1000.25
1959	988.44
1960	990.50
1961	1006.08
1962	1032.18
1963	1065.20
1964	1101.38
1965	1136.34
1966	1164.94
1967	1181.83
1968	1182.11
1969	1164.06
1970	1132.86
1971	1097.83
1972	1068.99
1973	1054.55
1974	1056.26
1975	1068.83
1976	1084.66
1977	1096.52
1978	1100.39
1979	1098.40
1980	1095.95
1981	1098.81
1982	1110.58
1983	1128.24
1984	1142.77
1985	1143.51
1986	1121.48
1987	1076.00
1988	1019.20
1989	968.77
1990	942.34
1991	951.26
1992	991.57
1993	1048.69
1994	1105.76
1995	1147.99
1996	1168.32
1997	1168.43
1998	1152.97
1999	1126.88
2000	1095.29
2001	1063.59
2002	1037.33
2003	1021.81
2004	1020.44
2005	1031.62
2006	1049.99
2007	1069.36
2008	1084.27
2009	1092.21
2010	1094.05
2011	1091.79
2012	1087.43
2013	1082.51
2014	1077.73
2015	1073.42
2016	1069.79
2017	1066.73
2018	1063.44
2019	1058.58
2020	1050.83
2021	1039.93
2022	1028.93
2023	1024.05
2024	1032.33
2025	1059.24
2026	1103.65
2027	1155.73
2028	1202.35
2029	1230.97
2030	1234.06
2031	1213.16
2032	1174.23
2033	1124.06
2034	1070.20
2035	1021.84
2036	989.22
2037	982.36
2038	1006.83
2039	1055.76
2040	1111.88
2041	1155.40
2042	1170.53
2043	1155.63
2044	1124.11
2045	1094.15
2046	1081.69
2047	1091.95
2048	1115.91
2049	1139.11
2050	1147.80
2051	1134.51
2052	1101.94
2053	1057.41
2054	1008.92
2055	964.66
2056	933.07
2057	922.72
2058	941.34
2059	990.92
2060	1061.07
2061	1133.93
2062	1190.81
2063	1218.32
2064	1215.99
2065	1192.22
2066	1157.20
2067	1119.18
2068	1081.01
2069	1041.44
2070	998.39
2071	951.26
2072	903.95
2073	864.05
2074	839.97
2075	838.13
2076	859.02
2077	897.87
2078	948.38
2079	1003.99
2080	1057.61
2081	1101.69
2082	1128.70
2083	1133.15
2084	1115.79
2085	1083.27
2086	1043.95
2087	1005.61
2088	974.06
2089	953.21
2090	946.36
2091	955.85
2092	981.40
2093	1020.28
2094	1068.90
2095	1121.83
2096	1168.44
2097	1193.63
2098	1181.87
2099	1125.64
2100	1039.50
2101	955.83
2102	910.26
2103	926.27
2104	995.68
2105	1087.04
2106	1164.68
2107	1203.65
2108	1204.66
2109	1185.21
2110	1165.45
2111	1158.74
2112	1163.96
2113	1171.72
2114	1171.85
2115	1158.76
2116	1135.19
2117	1108.00
2118	1083.79
2119	1064.86
2120	1046.97
2121	1023.22
2122	988.61
2123	946.74
2124	911.88
2125	901.72
2126	929.09
2127	989.93
2128	1063.69
2129	1125.46
2130	1156.73
2131	1156.70
2132	1138.14
2133	1116.67
2134	1104.54
2135	1106.51
2136	1122.86
2137	1152.32
2138	1190.26
2139	1226.67
2140	1249.28
2141	1248.10
2142	1222.83
2143	1184.57
2144	1148.14
2145	1125.68
2146	1120.57
2147	1128.85
2148	1144.65
2149	1162.44
2150	1177.75
2151	1186.69
2152	1185.67
2153	1171.66
2154	1142.55
2155	1096.78
2156	1035.27
2157	966.65
2158	907.19
2159	874.32
2160	877.34
2161	906.40
2162	939.41
2163	954.60
2164	943.73
2165	919.47
2166	903.05
2167	911.11
2168	942.26
2169	977.87
2170	995.78
2171	983.81
2172	951.58
2173	921.29
2174	913.78
2175	934.61
2176	969.53
2177	997.47
2178	1002.64
2179	985.08
2180	956.73
2181	931.80
2182	921.29
2183	930.85
2184	963.38
2185	1017.44
2186	1079.84
2187	1127.04
2188	1135.39
2189	1096.15
2190	1027.63
2191	961.03
2192	923.01
2193	919.15
2194	934.69
2195	949.96
2196	951.47
2197	938.11
2198	915.08
2199	888.54
2200	864.23
2201	847.51
2202	843.05
2203	852.82
2204	874.01
2205	901.45
2206	929.25
2207	950.50
2208	957.55
2209	944.28
2210	912.66
2211	877.08
2212	856.30
2213	862.22
2214	887.69
2215	912.27
2216	916.48
2217	896.50
2218	867.61
2219	850.52
2220	857.76
2221	884.45
2222	916.37
2223	939.92
2224	948.33
2225	940.97
2226	919.98
2227	892.03
2228	869.91
2229	867.59
2230	891.26
2231	930.03
2232	963.60
2233	974.97
2234	962.67
2235	938.83
2236	917.68
2237	906.58
2238	903.59
2239	903.31
2240	900.56
2241	891.37
2242	872.57
2243	842.61
2244	803.83
2245	761.34
2246	721.39
2247	691.60
2248	680.82
2249	696.12
2250	735.38
2251	783.90
2252	823.58
2253	843.73
2254	848.17
2255	847.40
2256	849.29
2257	853.16
2258	853.13
2259	844.69
2260	830.21
2261	817.38
2262	812.52
2263	812.77
2264	806.32
2265	781.89
2266	740.75
2267	699.53
2268	677.81
2269	684.50
2270	712.30
2271	747.90
2272	780.02
2273	802.32
2274	811.46
2275	808.56
2276	802.44
2277	804.82
2278	821.31
2279	843.68
2280	856.86
2281	851.98
2282	837.09
2283	829.57
2284	840.67
2285	862.49
2286	875.39
2287	863.31
2288	825.44
2289	771.57
2290	715.70
2291	676.37
2292	673.51
2293	714.57
2294	775.45
2295	813.13
2296	800.05
2297	756.22
2298	729.88
2299	750.52
2300	789.93
2301	788.74
2302	716.23
2303	618.49
2304	578.76
2305	639.88
2306	748.95
2307	811.58
2308	778.52
2309	695.19
2310	642.52
2311	659.42
2312	709.89
2313	734.75
2314	707.85
2315	651.55
2316	602.89
2317	587.83
2318	617.35
2319	689.61
2320	778.74
2321	840.71
2322	846.65
2323	818.25
2324	807.20
2325	840.03
2326	878.00
2327	858.24
2328	766.44
2329	671.26
2330	656.19
2331	732.24
2332	825.04
2333	857.49
2334	826.47
2335	788.16
2336	788.53
2337	816.95
2338	834.57
2339	822.81
2340	803.28
2341	805.77
2342	830.94
2343	848.57
2344	830.65
2345	778.65
2346	713.62
2347	655.09
2348	612.49
2349	590.99
2350	597.09
2351	637.85
2352	709.85
2353	783.90
2354	819.38
2355	797.08
2356	734.83
2357	664.87
2358	617.46
2359	615.50
2360	658.84
2361	706.66
2362	711.79
2363	675.65
2364	651.42
2365	676.77
2366	717.37
2367	710.82
2368	649.35
2369	597.96
2370	612.42
2371	665.98
2372	691.69
2373	671.28
2374	657.10
2375	689.87
2376	724.24
2377	684.88
2378	586.38
2379	550.56
2380	655.00
2381	803.85
2382	844.56
2383	760.08
2384	674.89
2385	676.63
2386	709.39
2387	683.53
2388	605.05
2389	553.37
2390	580.08
2391	670.72
2392	780.28
2393	852.12
2394	843.24
2395	768.37
2396	689.26
2397	654.13
2398	669.57
2399	714.75
2400	745.89
2401	725.36
2402	667.53
2403	625.41
2404	634.89
2405	693.86
2406	775.82
2407	836.05
2408	838.99
2409	789.77
2410	718.45
2411	653.58
2412	613.34
2413	598.73
2414	598.32
2415	620.07
2416	697.54
2417	808.69
2418	815.27
2419	636.37
2420	453.20
2421	492.53
2422	668.23
2423	724.05
2424	641.83
2425	617.25
2426	711.93
2427	798.27
2428	796.83
2429	753.94
2430	715.28
2431	671.74
2432	625.38
2433	618.98
2434	672.16
2435	742.80
2436	776.29
2437	745.21
2438	660.78
2439	576.91
2440	552.98
2441	615.83
2442	719.37
2443	748.42
2444	677.90
2445	633.66
2446	675.13
2447	707.47
2448	677.82
2449	647.24
2450	651.07
