150	4533.52
151	4523.13
152	4514.71
153	4513.02
154	4518.13
155	4529.07
156	4544.52
157	4563.12
158	4583.52
159	4604.38
160	4624.35
161	4642.09
162	4656.42
163	4666.79
164	4673.41
165	4676.76
166	4677.37
167	4675.74
168	4672.40
169	4667.86
170	4662.64
171	4657.23
172	4652.00
173	4647.17
174	4642.90
175	4639.37
176	4636.74
177	4635.17
178	4634.83
179	4635.89
180	4638.62
181	4643.72
182	4652.34
183	4665.84
184	4685.61
185	4713.01
186	4749.41
187	4796.21
188	4854.73
189	4925.81
190	5008.43
191	5099.36
192	5194.57
193	5289.95
194	5381.41
195	5464.83
196	5536.11
197	5591.20
198	5626.84
199	5642.60
200	5641.20
201	5626.45
202	5602.27
203	5572.55
204	5541.21
205	5512.15
206	5489.25
207	5475.73
208	5472.74
209	5479.26
210	5493.58
211	5513.91
212	5538.47
213	5565.51
214	5593.22
215	5619.88
216	5644.00
217	5665.01
218	5683.17
219	5698.98
220	5712.95
221	5725.60
222	5737.45
223	5749.02
224	5760.83
225	5773.40
226	5787.28
227	5803.02
228	5821.18
229	5842.33
230	5867.02
231	5895.81
232	5929.27
233	5967.88
234	6011.58
235	6058.89
236	6107.37
237	6154.31
238	6196.98
239	6232.69
240	6258.71
241	6272.33
242	6271.05
243	6253.73
244	6222.18
245	6180.02
246	6131.27
247	6079.93
248	6030.02
249	5985.55
250	5950.54
251	5928.71
252	5922.30
253	5930.80
254	5952.27
255	5984.53
256	6025.41
257	6072.70
258	6124.24
259	6177.83
260	6231.41
261	6283.32
262	6332.64
263	6378.71
264	6420.90
265	6458.60
266	6491.21
267	6518.10
268	6538.67
269	6552.45
270	6559.47
271	6560.38
272	6556.02
273	6547.27
274	6535.01
275	6520.11
276	6503.44
277	6485.89
278	6468.34
279	6451.70
280	6436.92
281	6424.94
282	6416.71
283	6413.18
284	6415.30
285	6424.02
286	6440.22
287	6464.25
288	6495.19
289	6531.20
290	6570.27
291	6610.33
292	6649.36
293	6685.29
294	6716.10
295	6739.88
296	6755.46
297	6763.11
298	6763.84
299	6758.80
300	6749.13
301	6735.98
302	6720.50
303	6703.83
304	6686.98
305	6670.45
306	6654.02
307	6637.15
308	6619.29
309	6599.88
310	6578.35
311	6554.16
312	6526.76
313	6495.88
314	6462.07
315	6426.72
316	6391.46
317	6357.95
318	6327.84
319	6302.78
320	6284.43
321	6274.37
322	6273.60
323	6281.74
324	6297.48
325	6319.29
326	6345.65
327	6375.01
328	6405.84
329	6436.60
330	6465.82
331	6492.40
332	6515.78
333	6535.71
334	6551.99
335	6564.40
336	6572.73
337	6576.77
338	6576.31
339	6571.29
340	6562.12
341	6549.75
342	6535.32
343	6519.97
344	6504.85
345	6491.14
346	6479.97
347	6472.44
348	6469.18
349	6469.65
350	6472.45
351	6475.94
352	6478.52
353	6478.54
354	6474.38
355	6464.41
356	6447.24
357	6422.51
358	6391.72
359	6357.22
360	6321.53
361	6287.15
362	6256.59
363	6232.36
364	6216.93
365	6212.21
366	6218.29
367	6233.28
368	6254.64
369	6279.76
370	6306.06
371	6330.94
372	6351.80
373	6366.17
374	6372.44
375	6370.99
376	6363.47
377	6351.82
378	6337.97
379	6323.88
380	6311.50
381	6302.76
382	6299.38
383	6302.10
384	6310.33
385	6322.88
386	6338.53
387	6356.04
388	6374.16
389	6391.65
390	6407.32
391	6420.31
392	6430.73
393	6439.49
394	6447.72
395	6456.55
396	6467.11
397	6480.55
398	6497.99
399	6520.38
400	6547.80
401	6578.80
402	6611.18
403	6642.67
404	6670.94
405	6693.71
406	6708.66
407	6713.56
408	6706.77
409	6688.59
410	6661.21
411	6627.33
412	6589.74
413	6551.19
414	6514.47
415	6482.33
416	6457.32
417	6440.83
418	6432.04
419	6428.95
420	6429.36
421	6431.04
422	6431.80
423	6429.41
424	6421.71
425	6407.10
426	6385.82
427	6360.01
428	6332.43
429	6305.86
430	6283.10
431	6266.93
432	6260.14
433	6265.26
434	6283.42
435	6312.98
436	6350.84
437	6393.64
438	6437.99
439	6480.51
440	6517.82
441	6546.61
442	6564.25
443	6570.36
444	6566.79
445	6556.10
446	6540.89
447	6523.76
448	6507.33
449	6494.19
450	6486.79
451	6486.83
452	6494.57
453	6509.57
454	6531.29
455	6559.17
456	6592.64
457	6631.15
458	6674.11
459	6720.68
460	6769.24
461	6817.50
462	6862.95
463	6903.10
464	6935.44
465	6957.47
466	6966.69
467	6961.02
468	6940.22
469	6906.94
470	6865.08
471	6818.76
472	6772.06
473	6729.10
474	6693.96
475	6670.61
476	6661.90
477	6667.90
478	6686.66
479	6715.75
480	6752.71
481	6795.07
482	6840.39
483	6886.21
484	6930.33
485	6971.41
486	7009.21
487	7043.85
488	7075.51
489	7104.36
490	7130.59
491	7154.36
492	7175.84
493	7195.11
494	7212.12
495	7226.72
496	7238.74
497	7248.04
498	7254.46
499	7257.83
500	7258.00
501	7254.89
502	7248.58
503	7239.34
504	7227.48
505	7213.28
506	7197.07
507	7179.14
508	7159.80
509	7139.38
510	7118.24
511	7096.84
512	7075.68
513	7055.24
514	7036.01
515	7018.50
516	7003.18
517	6990.50
518	6980.64
519	6973.20
520	6967.47
521	6962.67
522	6958.03
523	6952.77
524	6946.11
525	6937.30
526	6925.73
527	6911.33
528	6894.43
529	6875.48
530	6854.93
531	6833.24
532	6810.87
533	6788.27
534	6765.83
535	6743.72
536	6721.78
537	6699.76
538	6677.41
539	6654.45
540	6630.62
541	6605.66
542	6579.32
543	6551.46
544	6522.11
545	6491.40
546	6459.48
547	6426.48
548	6392.56
549	6357.84
550	6322.51
551	6286.88
552	6251.66
553	6217.80
554	6186.33
555	6158.28
556	6134.67
557	6116.52
558	6104.85
559	6100.43
560	6103.30
561	6112.85
562	6128.25
563	6148.66
564	6173.23
565	6201.12
566	6231.50
567	6263.54
568	6296.50
569	6329.76
570	6362.71
571	6394.78
572	6425.35
573	6453.86
574	6479.71
575	6502.47
576	6522.50
577	6541.43
578	6561.51
579	6585.07
580	6614.45
581	6651.98
582	6700.01
583	6760.64
584	6834.72
585	6920.36
586	7014.08
587	7112.10
588	7210.62
589	7305.82
590	7393.92
591	7471.22
592	7534.94
593	7584.57
594	7621.27
595	7646.61
596	7662.18
597	7669.57
598	7670.38
599	7666.17
600	7658.33
601	7647.63
602	7634.33
603	7618.54
604	7600.36
605	7579.87
606	7557.18
607	7532.38
608	7505.54
609	7476.69
610	7445.79
611	7412.79
612	7377.64
613	7340.27
614	7300.63
615	7258.66
616	7214.29
617	7167.34
618	7117.58
619	7064.67
620	7008.34
621	6948.25
622	6884.12
623	6815.64
624	6742.73
625	6666.23
626	6588.35
627	6511.86
628	6439.63
629	6374.51
630	6319.36
631	6277.03
632	6249.95
633	6238.63
634	6240.36
635	6250.91
636	6265.87
637	6280.78
638	6291.21
639	6292.73
640	6281.33
641	6255.30
642	6217.01
643	6170.93
644	6121.87
645	6074.66
646	6034.12
647	6005.06
648	5991.92
649	5997.06
650	6018.76
651	6053.09
652	6095.75
653	6142.40
654	6188.73
655	6230.41
656	6263.37
657	6285.02
658	6295.83
659	6297.94
660	6293.86
661	6286.09
662	6277.14
663	6269.50
664	6265.55
665	6266.91
666	6273.56
667	6284.59
668	6298.87
669	6315.28
670	6332.71
671	6350.02
672	6366.17
673	6380.59
674	6393.68
675	6406.45
676	6420.00
677	6435.45
678	6453.89
679	6476.45
680	6504.16
681	6537.67
682	6576.76
683	6620.75
684	6668.84
685	6720.23
686	6774.13
687	6829.75
688	6886.38
689	6943.79
690	7002.73
691	7064.49
692	7130.46
693	7202.05
694	7280.64
695	7367.64
696	7464.28
697	7570.97
698	7686.51
699	7808.84
700	7935.79
701	8065.12
702	8194.66
703	8322.19
704	8445.71
705	8564.12
706	8678.03
707	8788.82
708	8898.05
709	9007.24
710	9117.95
711	9231.70
712	9349.75
713	9472.01
714	9596.31
715	9719.48
716	9838.23
717	9949.27
718	10049.29
719	10135.04
720	10203.69
721	10254.46
722	10289.38
723	10311.65
724	10324.62
725	10331.64
726	10336.04
727	10341.16
728	10349.76
729	10362.60
730	10377.92
731	10393.09
732	10405.35
733	10411.97
734	10410.20
735	10397.36
736	10371.45
737	10332.75
738	10283.93
739	10228.39
740	10169.60
741	10111.02
742	10056.13
743	10008.33
744	9970.44
745	9943.54
746	9927.30
747	9920.96
748	9923.76
749	9934.92
750	9953.66
751	9979.22
752	10010.89
753	10048.10
754	10090.37
755	10137.24
756	10188.25
757	10242.95
758	10300.87
759	10361.49
760	10423.91
761	10486.48
762	10547.12
763	10603.70
764	10654.08
765	10696.11
766	10727.67
767	10746.92
768	10753.37
769	10748.63
770	10735.22
771	10715.78
772	10692.96
773	10669.43
774	10647.80
775	10630.49
776	10619.08
777	10614.15
778	10615.95
779	10624.71
780	10640.64
781	10663.96
782	10694.92
783	10734.07
784	10782.87
785	10843.54
786	10918.54
787	11010.32
788	11121.32
789	11254.00
790	11410.68
791	11592.74
792	11799.44
793	12028.80
794	12278.51
795	12546.27
796	12829.78
797	13126.73
798	13434.90
799	13752.26
800	14077.24
801	14408.43
802	14744.45
803	15083.92
804	15425.47
805	15767.71
806	16109.19
807	16448.21
808	16782.79
809	17110.84
810	17430.27
811	17738.99
812	18034.93
813	18316.18
814	18582.57
815	18838.36
816	19091.17
817	19349.47
818	19621.79
819	19916.63
820	20242.48
821	20607.12
822	21014.37
823	21460.78
824	21939.23
825	22441.94
826	22961.10
827	23488.92
828	24017.66
829	24540.48
830	25053.96
831	25558.79
832	26057.09
833	26551.19
834	27043.35
835	27535.88
836	28030.85
837	28528.50
838	29024.20
839	29509.69
840	29975.80
841	30413.29
842	30812.91
843	31165.50
844	31462.85
845	31701.84
846	31888.15
847	32031.67
848	32142.96
849	32232.62
850	32311.24
851	32389.31
852	32475.94
853	32575.61
854	32687.95
855	32811.02
856	32942.76
857	33081.09
858	33223.94
859	33369.21
860	33514.66
861	33657.73
862	33795.68
863	33925.69
864	34044.99
865	34150.75
866	34240.20
867	34310.59
868	34359.32
869	34384.09
870	34382.66
871	34352.79
872	34292.26
873	34198.86
874	34070.52
875	33906.57
876	33709.95
877	33486.27
878	33241.82
879	32982.92
880	32715.90
881	32447.04
882	32182.02
883	31923.55
884	31669.89
885	31417.34
886	31161.93
887	30899.68
888	30626.62
889	30338.93
890	30034.39
891	29715.28
892	29387.56
893	29058.20
894	28734.23
895	28422.69
896	28130.58
897	27864.42
898	27628.37
899	27422.70
900	27245.95
901	27096.40
902	26972.32
903	26871.96
904	26793.55
905	26734.88
906	26692.50
907	26661.96
908	26638.53
909	26617.43
910	26593.91
911	26563.23
912	26520.87
913	26463.39
914	26389.03
915	26296.80
916	26185.82
917	26055.20
918	25904.06
919	25731.67
920	25538.58
921	25328.76
922	25108.88
923	24886.27
924	24668.30
925	24462.35
926	24275.73
927	24114.79
928	23981.66
929	23872.63
930	23781.65
931	23702.36
932	23628.36
933	23553.32
934	23471.14
935	23377.72
936	23273.66
937	23162.58
938	23048.85
939	22936.84
940	22830.92
941	22735.41
942	22653.76
943	22586.26
944	22529.71
945	22479.65
946	22431.53
947	22380.79
948	22322.90
949	22253.84
950	22172.47
951	22083.09
952	21992.83
953	21909.29
954	21840.13
955	21792.97
956	21775.23
957	21792.23
958	21843.43
959	21923.28
960	22024.94
961	22141.46
962	22265.88
963	22391.26
964	22510.71
965	22617.58
966	22705.58
967	22768.50
968	22800.19
969	22794.48
970	22745.22
971	22646.64
972	22495.40
973	22293.14
974	22044.36
975	21754.13
976	21427.53
977	21069.65
978	20685.68
979	20281.71
980	19866.53
981	19451.26
982	19047.69
983	18667.66
984	18322.99
985	18025.42
986	17785.06
987	17605.51
988	17481.77
989	17405.56
990	17368.25
991	17361.17
992	17375.67
993	17403.70
994	17440.43
995	17487.21
996	17548.66
997	17629.95
998	17736.29
999	17872.88
1000	18044.62
1001	18253.89
1002	18496.57
1003	18763.74
1004	19045.29
1005	19331.00
1006	19610.72
1007	19874.38
1008	20113.85
1009	20327.28
1010	20519.43
1011	20697.20
1012	20867.67
1013	21037.92
1014	21214.97
1015	21404.62
1016	21607.48
1017	21816.68
1018	22022.25
1019	22213.84
1020	22381.09
1021	22513.67
1022	22602.27
1023	22643.29
1024	22644.03
1025	22617.52
1026	22577.81
1027	22539.00
1028	22515.15
1029	22519.71
1030	22561.49
1031	22638.04
1032	22739.32
1033	22853.51
1034	22968.72
1035	23073.06
1036	23154.92
1037	23205.61
1038	23224.95
1039	23220.22
1040	23200.76
1041	23176.09
1042	23155.69
1043	23149.01
1044	23164.73
1045	23208.84
1046	23284.39
1047	23393.42
1048	23537.91
1049	23719.83
1050	23941.12
1051	24203.52
1052	24507.88
1053	24853.83
1054	25240.57
1055	25667.21
1056	26132.88
1057	26636.63
1058	27176.66
1059	27746.89
1060	28334.31
1061	28922.76
1062	29495.64
1063	30036.32
1064	30528.23
1065	30956.35
1066	31314.29
1067	31611.92
1068	31867.60
1069	32101.15
1070	32332.46
1071	32581.38
1072	32866.43
1073	33197.59
1074	33566.69
1075	33954.82
1076	34340.92
1077	34703.77
1078	35022.26
1079	35275.73
1080	35447.41
1081	35529.59
1082	35520.52
1083	35419.81
1084	35227.13
1085	34942.15
1086	34564.69
1087	34095.71
1088	33539.11
1089	32900.88
1090	32187.57
1091	31405.69
1092	30561.83
1093	29662.74
1094	28717.17
1095	27739.09
1096	26746.57
1097	25758.73
1098	24794.76
1099	23873.82
1100	23014.75
1101	22233.15
1102	21535.66
1103	20921.54
1104	20388.12
1105	19932.56
1106	19552.07
1107	19243.74
1108	19003.99
1109	18827.21
1110	18706.14
1111	18633.02
1112	18600.08
1113	18599.54
1114	18623.51
1115	18662.79
1116	18704.59
1117	18733.03
1118	18731.38
1119	18682.86
1120	18570.73
1121	18378.74
1122	18095.79
1123	17725.17
1124	17282.19
1125	16785.38
1126	16253.49
1127	15705.25
1128	15159.12
1129	14631.04
1130	14130.03
1131	13659.57
1132	13221.73
1133	12818.45
1134	12451.71
1135	12123.36
1136	11834.46
1137	11583.97
1138	11369.25
1139	11187.30
1140	11035.07
1141	10909.51
1142	10807.52
1143	10725.39
1144	10658.01
1145	10599.31
1146	10542.96
1147	10482.67
1148	10412.11
1149	10325.40
1150	10219.46
1151	10097.49
1152	9966.58
1153	9834.69
1154	9709.78
1155	9599.80
1156	9512.19
1157	9451.25
1158	9415.03
1159	9398.15
1160	9394.58
1161	9398.25
1162	9403.13
1163	9403.63
1164	9396.58
1165	9382.94
1166	9365.72
1167	9348.23
1168	9333.79
1169	9325.70
1170	9326.75
1171	9337.40
1172	9354.77
1173	9374.56
1174	9392.25
1175	9403.36
1176	9403.43
1177	9388.91
1178	9359.57
1179	9319.21
1180	9273.09
1181	9226.60
1182	9185.16
1183	9154.08
1184	9137.79
1185	9137.80
1186	9152.81
1187	9180.68
1188	9219.18
1189	9266.11
1190	9319.22
1191	9376.19
1192	9434.42
1193	9491.12
1194	9543.45
1195	9588.54
1196	9623.57
1197	9645.85
1198	9653.72
1199	9647.72
1200	9629.68
1201	9601.68
1202	9565.83
1203	9524.22
1204	9479.03
1205	9432.79
1206	9388.61
1207	9349.88
1208	9320.02
1209	9302.44
1210	9300.54
1211	9317.04
1212	9352.18
1213	9403.24
1214	9466.43
1215	9537.81
1216	9613.49
1217	9689.66
1218	9763.75
1219	9836.76
1220	9912.76
1221	9996.67
1222	10093.51
1223	10208.23
1224	10345.50
1225	10507.73
1226	10692.45
1227	10894.20
1228	11106.88
1229	11324.37
1230	11540.58
1231	11750.23
1232	11951.68
1233	12149.01
1234	12348.85
1235	12558.14
1236	12783.88
1237	13032.93
1238	13310.77
1239	13618.20
1240	13951.12
1241	14303.80
1242	14670.42
1243	15045.15
1244	15422.56
1245	15800.37
1246	16183.91
1247	16583.79
1248	17011.84
1249	17479.93
1250	17999.89
1251	18581.79
1252	19227.30
1253	19924.19
1254	20653.83
1255	21396.62
1256	22132.91
1257	22843.25
1258	23510.29
1259	24123.78
1260	24680.89
1261	25181.14
1262	25624.27
1263	26009.99
1264	26337.95
1265	26607.18
1266	26815.29
1267	26959.00
1268	27034.84
1269	27039.31
1270	26969.01
1271	26822.11
1272	26603.48
1273	26327.71
1274	26013.32
1275	25679.32
1276	25344.75
1277	25028.37
1278	24745.91
1279	24504.71
1280	24304.98
1281	24145.01
1282	24022.97
1283	23937.06
1284	23886.68
1285	23877.45
1286	23926.15
1287	24055.11
1288	24287.57
1289	24646.77
1290	25155.43
1291	25829.17
1292	26660.53
1293	27618.62
1294	28665.18
1295	29761.35
1296	30868.28
1297	31947.61
1298	32964.14
1299	33888.99
1300	34696.89
1301	35363.22
1302	35863.42
1303	36173.21
1304	36272.64
1305	36156.97
1306	35838.44
1307	35335.04
1308	34665.30
1309	33847.80
1310	32901.61
1311	31849.02
1312	30719.17
1313	29545.27
1314	28361.32
1315	27201.35
1316	26099.03
1317	25082.36
1318	24159.48
1319	23316.14
1320	22530.42
1321	21779.74
1322	21041.53
1323	20294.58
1324	19526.24
1325	18741.32
1326	17954.65
1327	17182.98
1328	16443.15
1329	15751.75
1330	15122.09
1331	14556.71
1332	14046.95
1333	13580.58
1334	13145.07
1335	12727.91
1336	12317.67
1337	11908.74
1338	11506.19
1339	11120.49
1340	10763.08
1341	10445.38
1342	10178.47
1343	9969.71
1344	9815.52
1345	9702.88
1346	9616.05
1347	9539.16
1348	9456.42
1349	9353.96
1350	9226.47
1351	9081.48
1352	8931.92
1353	8791.48
1354	8673.84
1355	8591.98
1356	8553.70
1357	8554.47
1358	8581.48
1359	8620.03
1360	8655.35
1361	8672.84
1362	8660.51
1363	8615.39
1364	8544.53
1365	8458.27
1366	8367.27
1367	8282.15
1368	8212.39
1369	8161.59
1370	8123.07
1371	8085.12
1372	8035.21
1373	7960.83
1374	7849.99
1375	7695.28
1376	7501.02
1377	7280.27
1378	7048.19
1379	6820.08
1380	6611.09
1381	6434.24
1382	6295.05
1383	6190.42
1384	6114.36
1385	6060.56
1386	6022.75
1387	5995.00
1388	5973.25
1389	5956.55
1390	5945.43
1391	5940.66
1392	5942.99
1393	5953.24
1394	5972.41
1395	6002.01
1396	6043.86
1397	6099.90
1398	6172.03
1399	6262.10
1400	6371.12
1401	6497.49
1402	6637.09
1403	6785.06
1404	6936.50
1405	7086.51
1406	7230.99
1407	7368.90
1408	7503.41
1409	7639.26
1410	7781.44
1411	7934.89
1412	8104.63
1413	8295.84
1414	8514.03
1415	8764.88
1416	9054.09
1417	9387.39
1418	9770.51
1419	10209.31
1420	10710.05
1421	11279.21
1422	11923.31
1423	12648.88
1424	13462.75
1425	14374.36
1426	15400.87
1427	16566.10
1428	17895.74
1429	19415.58
1430	21150.62
1431	23114.44
1432	25280.62
1433	27578.27
1434	29921.54
1435	32223.18
1436	34396.24
1437	36360.23
1438	38061.79
1439	39485.36
1440	40630.52
1441	41498.70
1442	42091.50
1443	42412.39
1444	42474.21
1445	42305.69
1446	41943.11
1447	41423.89
1448	40785.49
1449	40064.39
1450	39291.43
1451	38486.09
1452	37661.54
1453	36829.81
1454	36002.82
1455	35191.53
1456	34400.11
1457	33617.15
1458	32821.26
1459	31988.85
1460	31096.26
1461	30120.96
1462	29049.89
1463	27894.11
1464	26682.45
1465	25448.06
1466	24224.33
1467	23043.92
1468	21932.70
1469	20897.63
1470	19930.03
1471	19017.06
1472	18145.61
1473	17302.84
1474	16478.62
1475	15670.94
1476	14885.18
1477	14128.79
1478	13409.41
1479	12734.50
1480	12109.81
1481	11535.61
1482	11006.87
1483	10516.97
1484	10059.16
1485	9626.78
1486	9214.36
1487	8820.35
1488	8447.14
1489	8098.40
1490	7777.86
1491	7489.21
1492	7235.10
1493	7014.77
1494	6823.93
1495	6657.16
1496	6508.92
1497	6373.73
1498	6246.47
1499	6123.28
1500	6001.66
1501	5879.52
1502	5754.79
1503	5625.47
1504	5490.12
1505	5349.17
1506	5204.97
1507	5060.46
1508	4918.64
1509	4782.50
1510	4654.66
1511	4536.76
1512	4429.40
1513	4332.88
1514	4247.49
1515	4173.46
1516	4110.60
1517	4057.42
1518	4011.26
1519	3969.08
1520	3927.86
1521	3884.62
1522	3837.09
1523	3784.95
1524	3729.56
1525	3672.72
1526	3616.24
1527	3561.93
1528	3511.32
1529	3465.32
1530	3424.34
1531	3388.67
1532	3358.57
1533	3334.25
1534	3315.20
1535	3299.30
1536	3283.39
1537	3264.06
1538	3237.90
1539	3201.87
1540	3155.18
1541	3101.65
1542	3047.75
1543	3000.46
1544	2966.74
1545	2952.75
1546	2960.61
1547	2985.28
1548	3018.25
1549	3050.46
1550	3072.84
1551	3077.50
1552	3061.37
1553	3028.41
1554	2985.50
1555	2939.89
1556	2898.78
1557	2868.33
1558	2850.97
1559	2844.81
1560	2846.43
1561	2852.28
1562	2858.81
1563	2862.75
1564	2861.54
1565	2853.34
1566	2836.48
1567	2809.31
1568	2770.40
1569	2719.73
1570	2660.91
1571	2599.98
1572	2543.61
1573	2498.45
1574	2470.64
1575	2463.36
1576	2474.13
1577	2497.44
1578	2527.28
1579	2557.61
1580	2582.98
1581	2600.29
1582	2609.82
1583	2613.24
1584	2612.39
1585	2609.09
1586	2604.80
1587	2599.74
1588	2592.88
1589	2582.82
1590	2568.11
1591	2547.46
1592	2520.90
1593	2491.70
1594	2465.45
1595	2448.32
1596	2446.45
1597	2465.31
1598	2506.66
1599	2565.54
1600	2633.63
1601	2702.05
1602	2761.99
1603	2806.12
1604	2832.79
1605	2847.29
1606	2857.43
1607	2871.30
1608	2896.73
1609	2939.30
1610	2998.42
1611	3068.54
1612	3142.80
1613	3214.32
1614	3276.89
1615	3328.25
1616	3373.57
1617	3421.90
1618	3482.99
1619	3566.54
1620	3680.87
1621	3829.21
1622	4008.68
1623	4214.21
1624	4440.51
1625	4682.52
1626	4937.23
1627	5206.78
1628	5497.18
1629	5815.35
1630	6168.25
1631	6562.81
1632	7005.65
1633	7502.97
1634	8060.75
1635	8684.94
1636	9381.69
1637	10159.52
1638	11034.36
1639	12029.31
1640	13169.61
1641	14480.62
1642	15986.02
1643	17699.46
1644	19614.32
1645	21712.62
1646	23974.26
1647	26378.55
1648	28897.06
1649	31473.63
1650	34019.96
1651	36436.63
1652	38623.17
1653	40480.58
1654	41920.30
1655	42877.31
1656	43301.59
1657	43146.35
1658	42365.95
1659	40932.16
1660	38884.27
1661	36347.04
1662	33476.96
1663	30433.92
1664	27374.44
1665	24429.40
1666	21669.63
1667	19126.01
1668	16820.52
1669	14774.44
1670	13004.32
1671	11508.52
1672	10262.28
1673	9232.24
1674	8384.12
1675	7684.02
1676	7101.07
1677	6611.13
1678	6194.41
1679	5832.04
1680	5505.35
1681	5198.23
1682	4903.71
1683	4625.45
1684	4370.84
1685	4147.57
1686	3962.70
1687	3819.35
1688	3712.59
1689	3633.02
1690	3570.36
1691	3514.45
1692	3456.60
1693	3392.88
1694	3323.93
1695	3251.80
1696	3178.63
1697	3106.58
1698	3037.72
1699	2974.03
1700	2917.44
1701	2869.87
1702	2833.20
1703	2809.08
1704	2798.42
1705	2801.68
1706	2819.14
1707	2851.11
1708	2897.57
1709	2957.52
1710	3028.66
1711	3108.25
1712	3193.52
1713	3281.69
1714	3370.12
1715	3456.36
1716	3538.11
1717	3613.06
1718	3679.20
1719	3737.22
1720	3795.19
1721	3867.19
1722	3968.89
1723	4115.88
1724	4320.97
1725	4586.22
1726	4900.42
1727	5247.45
1728	5610.73
1729	5974.94
1730	6331.58
1731	6684.79
1732	7045.04
1733	7423.92
1734	7832.44
1735	8276.73
1736	8750.61
1737	9238.90
1738	9724.26
1739	10189.29
1740	10617.25
1741	10993.53
1742	11305.76
1743	11542.32
1744	11691.66
1745	11743.68
1746	11694.21
1747	11547.79
1748	11312.56
1749	10997.11
1750	10610.18
1751	10161.11
1752	9660.44
1753	9119.35
1754	8549.15
1755	7961.15
1756	7366.68
1757	6777.12
1758	6203.90
1759	5658.43
1760	5151.96
1761	4693.57
1762	4285.84
1763	3925.28
1764	3606.60
1765	3324.48
1766	3074.19
1767	2853.48
1768	2662.93
1769	2504.19
1770	2378.92
1771	2287.84
1772	2227.35
1773	2187.52
1774	2155.70
1775	2118.98
1776	2065.64
1777	1990.57
1778	1900.44
1779	1807.81
1780	1726.16
1781	1668.19
1782	1641.29
1783	1641.72
1784	1659.24
1785	1682.32
1786	1699.81
1787	1703.77
1788	1693.98
1789	1675.40
1790	1654.20
1791	1636.38
1792	1626.01
1793	1621.98
1794	1619.18
1795	1611.50
1796	1593.02
1797	1560.11
1798	1515.92
1799	1469.44
1800	1431.27
1801	1411.86
1802	1418.83
1803	1451.02
1804	1498.98
1805	1550.79
1806	1594.50
1807	1620.36
1808	1625.66
1809	1614.88
1810	1594.68
1811	1571.86
1812	1552.18
1813	1537.86
1814	1527.41
1815	1518.16
1816	1507.34
1817	1492.75
1818	1474.00
1819	1452.71
1820	1431.12
1821	1411.56
1822	1396.29
1823	1387.43
1824	1386.89
1825	1396.57
1826	1418.22
1827	1452.43
1828	1495.67
1829	1540.16
1830	1576.69
1831	1596.18
1832	1591.80
1833	1564.30
1834	1521.96
1835	1475.42
1836	1435.35
1837	1410.40
1838	1402.98
1839	1409.69
1840	1425.38
1841	1444.80
1842	1462.90
1843	1475.24
1844	1477.87
1845	1467.00
1846	1439.18
1847	1393.89
1848	1338.28
1849	1285.40
1850	1249.75
1851	1245.03
1852	1278.38
1853	1341.37
1854	1415.11
1855	1478.44
1856	1511.39
1857	1502.35
1858	1457.02
1859	1391.13
1860	1322.28
1861	1266.96
1862	1235.33
1863	1226.34
1864	1233.46
1865	1249.26
1866	1267.03
1867	1283.14
1868	1298.54
1869	1316.03
1870	1338.59
1871	1367.95
1872	1401.32
1873	1430.61
1874	1445.90
1875	1437.43
1876	1399.12
1877	1335.93
1878	1262.91
1879	1197.95
1880	1158.39
1881	1155.31
1882	1184.68
1883	1231.89
1884	1279.96
1885	1312.88
1886	1320.94
1887	1306.41
1888	1277.88
1889	1245.06
1890	1217.01
1891	1199.97
1892	1196.20
1893	1206.30
1894	1230.58
1895	1268.03
1896	1313.35
1897	1356.90
1898	1387.73
1899	1395.36
1900	1374.02
1901	1329.63
1902	1276.30
1903	1230.07
1904	1205.79
1905	1211.65
1906	1244.00
1907	1293.31
1908	1349.11
1909	1401.44
1910	1442.32
1911	1466.16
1912	1468.23
1913	1444.30
1914	1393.62
1915	1324.85
1916	1254.00
1917	1198.93
1918	1176.00
1919	1192.87
1920	1241.11
1921	1304.05
1922	1363.80
1923	1405.32
1924	1424.08
1925	1427.92
1926	1428.94
1927	1439.08
1928	1465.44
1929	1502.99
1930	1538.08
1931	1555.10
1932	1540.64
1933	1492.14
1934	1424.24
1935	1359.24
1936	1319.95
1937	1322.60
1938	1363.13
1939	1418.67
1940	1460.91
1941	1463.39
1942	1412.67
1943	1320.67
1944	1212.96
1945	1117.27
1946	1057.37
1947	1042.69
1948	1066.81
1949	1118.03
1950	1184.28
1951	1254.49
1952	1319.79
1953	1372.61
1954	1405.76
1955	1413.48
1956	1395.32
1957	1357.21
1958	1307.36
1959	1254.11
1960	1204.99
1961	1165.78
1962	1141.08
1963	1135.22
1964	1151.16
1965	1187.07
1966	1235.28
1967	1286.09
1968	1330.01
1969	1360.53
1970	1377.48
1971	1384.54
1972	1386.12
1973	1385.89
1974	1384.90
1975	1381.34
1976	1372.46
1977	1355.76
1978	1330.73
1979	1300.63
1980	1270.71
1981	1246.47
1982	1232.26
1983	1228.87
1984	1233.87
1985	1243.95
1986	1255.99
1987	1268.19
1988	1280.79
1989	1294.93
1990	1311.74
1991	1331.53
1992	1352.60
1993	1371.86
1994	1385.95
1995	1392.19
1996	1390.44
1997	1383.40
1998	1374.70
1999	1367.57
2000	1362.55
2001	1355.45
2002	1339.74
2003	1308.93
2004	1260.21
2005	1200.30
2006	1143.01
2007	1103.76
2008	1095.29
2009	1120.37
2010	1170.49
2011	1233.23
2012	1296.27
2013	1349.60
2014	1387.13
2015	1404.63
2016	1398.62
2017	1368.87
2018	1322.87
2019	1273.18
2020	1233.28
2021	1213.82
2022	1216.61
2023	1235.04
2024	1260.07
2025	1283.06
2026	1297.84
2027	1301.43
2028	1292.13
2029	1268.86
2030	1232.99
2031	1190.29
2032	1148.70
2033	1116.27
2034	1099.39
2035	1100.63
2036	1120.09
2037	1157.13
2038	1208.81
2039	1265.94
2040	1314.05
2041	1337.64
2042	1326.16
2043	1286.15
2044	1242.33
2045	1225.06
2046	1259.40
2047	1347.25
2048	1459.65
2049	1556.00
2050	1598.99
2051	1573.64
2052	1500.97
2053	1418.15
2054	1361.86
2055	1352.60
2056	1380.07
2057	1417.86
2058	1438.20
2059	1423.06
2060	1375.74
2061	1312.46
2062	1251.50
2063	1207.07
2064	1183.28
2065	1177.32
2066	1184.81
2067	1201.49
2068	1223.55
2069	1247.61
2070	1270.40
2071	1289.30
2072	1303.40
2073	1313.21
2074	1319.60
2075	1323.25
2076	1324.14
2077	1321.69
2078	1315.20
2079	1305.09
2080	1295.07
2081	1291.94
2082	1303.04
2083	1332.33
2084	1373.05
2085	1408.38
2086	1419.06
2087	1391.52
2088	1330.34
2089	1257.06
2090	1197.75
2091	1173.11
2092	1186.66
2093	1226.28
2094	1275.55
2095	1320.09
2096	1352.42
2097	1371.03
2098	1376.15
2099	1369.12
2100	1353.83
2101	1336.30
2102	1322.83
2103	1317.61
2104	1319.33
2105	1322.66
2106	1321.67
2107	1313.41
2108	1301.92
2109	1295.79
2110	1303.90
2111	1330.33
2112	1369.23
2113	1409.00
2114	1437.51
2115	1445.76
2116	1430.41
2117	1391.04
2118	1329.00
2119	1251.44
2120	1174.28
2121	1116.99
2122	1096.02
2123	1114.41
2124	1158.67
2125	1209.54
2126	1250.45
2127	1275.42
2128	1288.84
2129	1298.06
2130	1308.54
2131	1320.15
2132	1328.48
2133	1328.65
2134	1319.51
2135	1307.89
2136	1305.26
2137	1322.58
2138	1363.94
2139	1422.30
2140	1485.66
2141	1542.23
2142	1583.66
2143	1605.75
2144	1605.94
2145	1583.96
2146	1545.53
2147	1501.37
2148	1462.82
2149	1436.50
2150	1418.90
2151	1400.58
2152	1372.27
2153	1330.67
2154	1281.40
2155	1233.78
2156	1196.46
2157	1174.37
2158	1168.74
2159	1179.47
2160	1205.03
2161	1240.85
2162	1280.36
2163	1316.74
2164	1344.03
2165	1357.58
2166	1353.55
2167	1330.95
2168	1297.50
2169	1269.16
2170	1262.91
2171	1286.53
2172	1328.17
2173	1364.64
2174	1374.73
2175	1353.91
2176	1319.24
2177	1294.88
2178	1296.74
2179	1316.86
2180	1329.55
2181	1309.03
2182	1249.94
2183	1179.79
2184	1139.58
2185	1159.17
2186	1229.30
2187	1306.00
2188	1340.03
2189	1306.03
2190	1222.56
2191	1129.51
2192	1063.86
2193	1042.46
2194	1062.52
2195	1114.25
2196	1181.47
2197	1237.01
2198	1248.99
2199	1195.04
2200	1085.47
2201	961.56
2202	870.25
2203	840.27
2204	867.06
2205	929.95
2206	1006.64
2207	1077.72
2208	1126.46
2209	1139.60
2210	1116.47
2211	1075.65
2212	1042.92
2213	1036.79
2214	1054.78
2215	1079.50
2216	1091.45
2217	1076.50
2218	1027.28
2219	940.82
2220	826.00
2221	714.55
2222	649.61
2223	664.80
2224	759.46
2225	902.86
2226	1057.83
2227	1195.11
2228	1297.35
2229	1352.94
2230	1357.50
2231	1320.55
2232	1259.64
2233	1192.51
2234	1132.94
2235	1091.01
2236	1073.56
2237	1078.57
2238	1092.48
2239	1098.82
2240	1088.87
2241	1069.38
2242	1054.53
2243	1055.00
2244	1069.11
2245	1086.36
2246	1095.80
2247	1092.01
2248	1075.22
2249	1047.47
2250	1011.16
2251	969.02
2252	924.51
2253	884.41
2254	861.43
2255	870.02
2256	916.47
2257	987.65
2258	1058.70
2259	1107.97
2260	1129.64
2261	1130.57
2262	1119.39
2263	1099.88
2264	1070.81
2265	1030.99
2266	984.84
2267	943.80
2268	920.31
2269	920.74
2270	942.31
2271	978.01
2272	1018.20
2273	1049.64
2274	1058.66
2275	1038.19
2276	994.04
2277	938.92
2278	888.30
2279	860.83
2280	874.78
2281	933.58
2282	1007.33
2283	1048.17
2284	1023.10
2285	943.33
2286	848.28
2287	777.12
2288	753.43
2289	788.46
2290	878.96
2291	992.39
2292	1078.39
2293	1099.27
2294	1058.82
2295	988.48
2296	919.38
2297	866.87
2298	835.35
2299	824.94
2300	831.37
2301	847.95
2302	869.24
2303	893.56
2304	921.03
2305	949.72
2306	972.86
2307	982.26
2308	975.77
2309	962.50
2310	954.21
2311	950.49
2312	931.43
2313	875.41
2314	787.04
2315	705.87
2316	674.82
2317	703.46
2318	764.35
2319	824.06
2320	866.82
2321	893.17
2322	907.30
2323	911.42
2324	906.71
2325	897.33
2326	893.93
2327	907.62
2328	935.70
2329	953.82
2330	936.53
2331	887.24
2332	842.31
2333	835.48
2334	861.58
2335	885.38
2336	883.12
2337	873.29
2338	892.50
2339	949.16
2340	1002.33
2341	1004.04
2342	951.89
2343	891.33
2344	865.82
2345	876.85
2346	898.80
2347	912.12
2348	918.06
2349	923.32
2350	921.34
2351	892.49
2352	831.17
2353	775.19
2354	778.16
2355	841.03
2356	880.95
2357	818.92
2358	690.05
2359	620.55
2360	687.11
2361	820.85
2362	902.08
2363	889.84
2364	839.57
2365	816.91
2366	840.49
2367	897.56
2368	964.41
2369	1012.63
2370	1022.02
2371	995.89
2372	952.94
2373	914.93
2374	901.43
2375	917.52
2376	936.26
2377	922.99
2378	886.59
2379	885.23
2380	949.17
2381	1013.32
2382	989.58
2383	891.49
2384	831.11
2385	872.01
2386	937.56
2387	927.71
2388	861.07
2389	838.37
2390	897.98
2391	967.59
2392	973.01
2393	925.35
2394	876.63
2395	853.52
2396	850.41
2397	851.50
2398	841.29
2399	817.49
2400	804.75
2401	829.34
2402	879.28
2403	917.75
2404	938.33
2405	974.65
2406	1031.67
2407	1041.82
2408	946.94
2409	791.76
2410	672.59
2411	642.47
2412	694.79
2413	775.59
2414	806.14
2415	762.57
2416	715.07
2417	734.59
2418	817.32
2419	918.32
2420	988.45
2421	997.31
2422	961.95
2423	923.46
2424	893.96
2425	860.10
2426	828.93
2427	828.26
2428	855.48
2429	870.70
2430	860.96
2431	860.61
2432	884.44
2433	898.09
2434	882.02
2435	865.39
2436	866.29
2437	858.76
2438	838.10
2439	854.93
2440	922.01
2441	962.17
2442	926.40
2443	866.12
2444	838.83
2445	846.79
2446	871.71
2447	899.40
2448	920.67
2449	930.98
2450	932.47
