150	4433.19
151	4423.59
152	4418.63
153	4424.00
154	4439.86
155	4464.88
156	4497.25
157	4535.16
158	4576.75
159	4620.19
160	4663.63
161	4705.27
162	4743.43
163	4777.15
164	4806.28
165	4830.97
166	4851.42
167	4867.80
168	4880.32
169	4889.15
170	4894.50
171	4896.55
172	4895.61
173	4892.06
174	4886.29
175	4878.74
176	4869.81
177	4859.92
178	4849.50
179	4838.96
180	4828.78
181	4819.71
182	4812.78
183	4809.15
184	4809.99
185	4816.46
186	4829.72
187	4850.95
188	4881.28
189	4921.52
190	4971.17
191	5028.23
192	5090.14
193	5154.29
194	5218.07
195	5278.87
196	5334.08
197	5381.12
198	5417.89
199	5443.90
200	5460.53
201	5469.79
202	5473.75
203	5474.47
204	5474.01
205	5474.44
206	5477.80
207	5485.81
208	5499.10
209	5517.21
210	5539.28
211	5564.46
212	5591.88
213	5620.66
214	5649.93
215	5678.85
216	5706.59
217	5732.54
218	5756.25
219	5777.32
220	5795.35
221	5809.95
222	5820.73
223	5827.29
224	5829.26
225	5826.61
226	5820.19
227	5811.58
228	5802.60
229	5795.03
230	5790.70
231	5791.40
232	5798.94
233	5815.02
234	5840.60
235	5874.70
236	5914.97
237	5958.75
238	6003.34
239	6046.06
240	6084.20
241	6115.10
242	6136.23
243	6146.28
244	6146.50
245	6139.70
246	6129.03
247	6117.66
248	6108.74
249	6105.43
250	6110.89
251	6127.96
252	6157.86
253	6198.79
254	6247.42
255	6300.12
256	6353.27
257	6403.26
258	6446.46
259	6479.27
260	6498.56
261	6503.30
262	6495.61
263	6478.97
264	6457.06
265	6433.56
266	6412.13
267	6396.46
268	6390.18
269	6396.27
270	6415.29
271	6444.87
272	6481.62
273	6522.05
274	6562.65
275	6599.93
276	6630.37
277	6650.56
278	6657.88
279	6652.19
280	6635.61
281	6610.96
282	6581.07
283	6548.82
284	6517.04
285	6488.60
286	6466.23
287	6451.91
288	6445.74
289	6446.48
290	6452.59
291	6462.50
292	6474.66
293	6487.50
294	6499.48
295	6509.12
296	6515.52
297	6518.78
298	6519.54
299	6518.53
300	6516.52
301	6514.23
302	6512.42
303	6511.82
304	6513.05
305	6516.24
306	6520.85
307	6526.04
308	6530.96
309	6534.75
310	6536.54
311	6535.48
312	6530.72
313	6521.68
314	6508.55
315	6492.30
316	6474.15
317	6455.31
318	6437.01
319	6420.50
320	6406.99
321	6397.65
322	6393.21
323	6393.36
324	6397.06
325	6403.12
326	6410.33
327	6417.49
328	6423.39
329	6426.84
330	6426.75
331	6422.66
332	6415.12
333	6405.19
334	6393.99
335	6382.66
336	6372.33
337	6364.13
338	6359.18
339	6358.39
340	6361.96
341	6369.28
342	6379.46
343	6391.56
344	6404.68
345	6417.88
346	6430.25
347	6440.89
348	6449.07
349	6454.50
350	6457.20
351	6457.29
352	6454.88
353	6450.08
354	6443.01
355	6433.78
356	6422.49
357	6409.24
358	6394.07
359	6377.02
360	6358.12
361	6337.40
362	6314.89
363	6290.62
364	6264.64
365	6237.19
366	6209.11
367	6181.95
368	6157.47
369	6137.45
370	6123.66
371	6117.89
372	6121.91
373	6137.36
374	6164.92
375	6203.12
376	6249.03
377	6299.44
378	6351.12
379	6400.84
380	6445.37
381	6481.49
382	6506.39
383	6518.94
384	6520.43
385	6513.10
386	6499.35
387	6481.56
388	6462.13
389	6443.44
390	6427.83
391	6417.21
392	6412.25
393	6412.65
394	6417.81
395	6427.13
396	6440.01
397	6455.84
398	6474.03
399	6493.95
400	6514.94
401	6536.25
402	6557.09
403	6576.66
404	6594.17
405	6608.81
406	6619.79
407	6626.33
408	6627.89
409	6624.73
410	6617.83
411	6608.40
412	6597.66
413	6586.85
414	6577.19
415	6569.89
416	6566.10
417	6566.45
418	6570.61
419	6577.75
420	6586.96
421	6597.30
422	6607.86
423	6617.71
424	6625.94
425	6631.75
426	6634.68
427	6634.65
428	6631.70
429	6625.87
430	6617.20
431	6605.74
432	6591.54
433	6574.68
434	6555.49
435	6534.79
436	6513.66
437	6493.22
438	6474.57
439	6458.86
440	6447.18
441	6440.64
442	6440.00
443	6444.90
444	6453.95
445	6465.37
446	6477.38
447	6488.20
448	6496.04
449	6499.14
450	6495.93
451	6486.08
452	6471.44
453	6454.95
454	6439.77
455	6429.04
456	6425.90
457	6433.51
458	6454.90
459	6492.03
460	6543.64
461	6605.63
462	6673.10
463	6741.09
464	6804.62
465	6858.74
466	6898.51
467	6919.65
468	6920.77
469	6905.12
470	6877.95
471	6844.78
472	6811.15
473	6782.61
474	6764.69
475	6762.72
476	6780.23
477	6816.31
478	6866.81
479	6926.83
480	6991.39
481	7055.53
482	7114.31
483	7162.80
484	7196.77
485	7214.61
486	7217.88
487	7209.27
488	7191.60
489	7167.72
490	7140.44
491	7112.59
492	7086.87
493	7065.30
494	7048.50
495	7036.37
496	7028.66
497	7025.12
498	7025.50
499	7029.52
500	7036.95
501	7047.39
502	7060.18
503	7074.36
504	7088.92
505	7102.82
506	7115.04
507	7124.56
508	7130.35
509	7131.52
510	7127.65
511	7119.00
512	7106.11
513	7089.53
514	7069.82
515	7047.56
516	7023.29
517	6997.58
518	6971.02
519	6944.22
520	6917.84
521	6892.50
522	6868.86
523	6847.57
524	6829.27
525	6814.59
526	6803.91
527	6797.01
528	6793.10
529	6791.26
530	6790.53
531	6789.98
532	6788.67
533	6785.66
534	6780.06
535	6771.22
536	6758.76
537	6742.39
538	6721.85
539	6696.87
540	6667.19
541	6632.52
542	6592.71
543	6548.08
544	6499.80
545	6449.52
546	6398.92
547	6349.73
548	6303.63
549	6262.33
550	6227.46
551	6200.02
552	6179.54
553	6164.56
554	6153.37
555	6144.24
556	6135.48
557	6125.35
558	6112.19
559	6094.89
560	6074.01
561	6051.75
562	6030.75
563	6013.71
564	6003.32
565	6002.29
566	6013.26
567	6038.45
568	6078.21
569	6130.61
570	6192.82
571	6261.94
572	6335.03
573	6409.19
574	6481.50
575	6549.30
576	6611.11
577	6667.42
578	6719.65
579	6769.37
580	6818.13
581	6867.50
582	6919.04
583	6974.21
584	7033.72
585	7096.79
586	7161.77
587	7226.82
588	7290.08
589	7349.72
590	7403.89
591	7450.80
592	7489.13
593	7518.74
594	7540.35
595	7554.88
596	7563.29
597	7566.50
598	7565.46
599	7561.10
600	7554.27
601	7545.57
602	7535.39
603	7524.05
604	7511.85
605	7499.10
606	7486.13
607	7473.24
608	7460.55
609	7447.65
610	7433.53
611	7416.96
612	7396.69
613	7371.48
614	7340.10
615	7301.31
616	7254.18
617	7198.85
618	7136.92
619	7070.46
620	7001.65
621	6932.64
622	6865.61
623	6802.69
624	6745.86
625	6696.31
626	6654.04
627	6618.57
628	6589.35
629	6565.83
630	6547.46
631	6533.69
632	6523.89
633	6517.10
634	6511.75
635	6506.02
636	6498.06
637	6486.00
638	6467.97
639	6442.12
640	6406.86
641	6362.01
642	6309.93
643	6254.29
644	6198.94
645	6147.76
646	6104.63
647	6073.42
648	6057.63
649	6058.78
650	6074.48
651	6100.24
652	6131.20
653	6162.49
654	6189.23
655	6206.54
656	6209.93
657	6197.11
658	6170.25
659	6134.08
660	6093.80
661	6054.64
662	6021.81
663	6000.53
664	5995.68
665	6010.08
666	6042.21
667	6088.06
668	6143.13
669	6202.89
670	6262.82
671	6318.39
672	6365.33
673	6400.88
674	6425.46
675	6441.38
676	6451.31
677	6457.91
678	6463.88
679	6471.90
680	6484.58
681	6504.11
682	6531.79
683	6568.43
684	6614.73
685	6671.40
686	6739.12
687	6818.59
688	6910.33
689	7013.87
690	7126.74
691	7245.32
692	7365.81
693	7484.39
694	7597.23
695	7700.54
696	7790.83
697	7866.58
698	7929.92
699	7984.94
700	8036.08
701	8087.78
702	8144.47
703	8210.60
704	8290.25
705	8385.65
706	8495.81
707	8618.14
708	8749.76
709	8887.82
710	9029.43
711	9171.75
712	9312.06
713	9448.44
714	9580.22
715	9707.27
716	9829.56
717	9947.04
718	10059.69
719	10167.45
720	10270.12
721	10366.72
722	10455.23
723	10533.19
724	10598.08
725	10647.39
726	10678.61
727	10689.27
728	10677.57
729	10644.26
730	10593.25
731	10529.57
732	10458.35
733	10384.75
734	10313.91
735	10250.93
736	10200.01
737	10162.54
738	10136.95
739	10120.75
740	10111.36
741	10106.21
742	10102.72
743	10098.39
744	10091.38
745	10081.77
746	10071.26
747	10061.99
748	10056.15
749	10055.91
750	10063.43
751	10080.81
752	10109.42
753	10148.92
754	10197.83
755	10254.38
756	10316.79
757	10383.29
758	10452.10
759	10521.43
760	10589.44
761	10654.17
762	10713.59
763	10765.67
764	10808.39
765	10839.70
766	10857.58
767	10860.37
768	10847.95
769	10822.65
770	10787.87
771	10747.15
772	10704.03
773	10662.06
774	10624.77
775	10595.35
776	10575.85
777	10566.92
778	10568.73
779	10581.41
780	10605.08
781	10639.88
782	10685.94
783	10743.51
784	10813.14
785	10895.64
786	10991.93
787	11102.89
788	11229.43
789	11372.45
790	11532.79
791	11711.03
792	11907.05
793	12120.35
794	12350.34
795	12596.40
796	12857.93
797	13134.33
798	13424.93
799	13728.69
800	14044.04
801	14369.14
802	14702.12
803	15041.10
804	15384.20
805	15729.55
806	16075.27
807	16419.54
808	16760.53
809	17096.44
810	17425.48
811	17745.84
812	18055.74
813	18353.54
814	18639.08
815	18915.97
816	19190.74
817	19470.61
818	19762.84
819	20074.71
820	20413.46
821	20785.79
822	21195.38
823	21640.35
824	22116.02
825	22617.18
826	23138.64
827	23675.18
828	24221.62
829	24772.97
830	25325.08
831	25874.77
832	26419.22
833	26955.65
834	27481.26
835	27993.26
836	28488.85
837	28964.95
838	29417.86
839	29843.39
840	30237.24
841	30595.08
842	30912.60
843	31185.51
844	31410.27
845	31587.15
846	31723.05
847	31828.01
848	31912.58
849	31987.35
850	32062.90
851	32149.66
852	32256.33
853	32385.70
854	32534.39
855	32697.04
856	32868.09
857	33042.00
858	33213.23
859	33376.44
860	33527.72
861	33666.28
862	33793.29
863	33910.32
864	34018.96
865	34120.79
866	34217.37
867	34309.48
868	34394.80
869	34466.84
870	34517.59
871	34538.79
872	34522.20
873	34459.57
874	34343.12
875	34168.60
876	33941.07
877	33672.53
878	33376.70
879	33067.39
880	32758.41
881	32463.50
882	32194.76
883	31956.76
884	31742.49
885	31539.96
886	31336.43
887	31119.18
888	30875.48
889	30593.03
890	30263.77
891	29891.44
892	29489.61
893	29074.48
894	28662.41
895	28269.77
896	27912.85
897	27606.58
898	27359.25
899	27168.35
900	27026.47
901	26925.46
902	26857.15
903	26813.36
904	26786.00
905	26767.76
906	26753.51
907	26739.97
908	26724.37
909	26703.96
910	26675.99
911	26637.75
912	26586.58
913	26520.46
914	26438.18
915	26338.97
916	26222.09
917	26086.81
918	25932.41
919	25758.28
920	25564.89
921	25355.60
922	25136.02
923	24912.29
924	24690.64
925	24477.26
926	24278.32
927	24099.31
928	23942.87
929	23807.65
930	23690.68
931	23588.81
932	23498.86
933	23417.67
934	23342.18
935	23269.97
936	23200.28
937	23133.35
938	23069.67
939	23009.76
940	22954.12
941	22903.21
942	22857.05
943	22814.00
944	22770.55
945	22722.53
946	22665.74
947	22595.94
948	22508.96
949	22401.29
950	22273.22
951	22132.20
952	21989.36
953	21856.52
954	21745.50
955	21668.15
956	21635.90
957	21656.79
958	21728.99
959	21842.50
960	21985.03
961	22144.19
962	22307.57
963	22462.81
964	22598.37
965	22706.00
966	22781.96
967	22824.25
968	22831.07
969	22800.65
970	22731.21
971	22621.11
972	22469.64
973	22277.94
974	22048.26
975	21783.03
976	21484.71
977	21155.75
978	20798.71
979	20417.47
980	20019.58
981	19615.84
982	19217.96
983	18837.72
984	18486.90
985	18177.19
986	17918.89
987	17716.70
988	17567.99
989	17467.29
990	17408.80
991	17386.75
992	17395.32
993	17429.01
994	17483.78
995	17558.40
996	17653.17
997	17768.63
998	17905.34
999	18063.85
1000	18244.60
1001	18447.16
1002	18668.83
1003	18905.21
1004	19151.48
1005	19402.83
1006	19654.41
1007	19901.46
1008	20139.90
1009	20368.14
1010	20587.08
1011	20798.48
1012	21004.14
1013	21205.88
1014	21405.48
1015	21604.19
1016	21800.89
1017	21991.07
1018	22168.84
1019	22328.12
1020	22462.84
1021	22566.94
1022	22635.12
1023	22666.19
1024	22666.91
1025	22648.16
1026	22621.59
1027	22598.86
1028	22591.62
1029	22610.97
1030	22663.85
1031	22747.17
1032	22851.04
1033	22963.99
1034	23074.48
1035	23170.99
1036	23242.29
1037	23280.15
1038	23285.21
1039	23265.81
1040	23232.50
1041	23195.94
1042	23166.79
1043	23155.66
1044	23172.06
1045	23221.71
1046	23306.17
1047	23425.64
1048	23580.15
1049	23769.76
1050	23994.52
1051	24254.62
1052	24550.87
1053	24884.87
1054	25258.53
1055	25673.81
1056	26132.68
1057	26637.03
1058	27187.51
1059	27778.81
1060	28395.93
1061	29019.46
1062	29629.38
1063	30205.61
1064	30728.16
1065	31178.81
1066	31549.29
1067	31850.00
1068	32101.12
1069	32324.52
1070	32542.17
1071	32775.95
1072	33046.38
1073	33365.00
1074	33724.34
1075	34105.63
1076	34487.84
1077	34849.82
1078	35170.46
1079	35429.11
1080	35608.56
1081	35699.63
1082	35698.46
1083	35602.42
1084	35408.91
1085	35115.32
1086	34719.36
1087	34220.97
1088	33625.83
1089	32943.77
1090	32185.62
1091	31362.28
1092	30484.63
1093	29563.63
1094	28610.82
1095	27639.26
1096	26663.21
1097	25697.23
1098	24755.92
1099	23853.86
1100	23005.43
1101	22223.09
1102	21514.00
1103	20880.96
1104	20325.60
1105	19849.47
1106	19454.12
1107	19140.93
1108	18909.42
1109	18753.90
1110	18664.29
1111	18629.30
1112	18637.57
1113	18677.74
1114	18738.36
1115	18807.27
1116	18870.21
1117	18911.19
1118	18913.71
1119	18861.23
1120	18737.26
1121	18525.84
1122	18216.48
1123	17813.93
1124	17335.71
1125	16802.76
1126	16236.23
1127	15657.28
1128	15086.71
1129	14542.19
1130	14032.81
1131	13560.78
1132	13126.52
1133	12730.36
1134	12372.60
1135	12053.50
1136	11772.87
1137	11529.34
1138	11320.63
1139	11144.25
1140	10997.72
1141	10878.53
1142	10784.08
1143	10711.05
1144	10654.40
1145	10607.86
1146	10564.89
1147	10518.92
1148	10463.42
1149	10392.25
1150	10301.96
1151	10195.22
1152	10078.43
1153	9958.82
1154	9843.64
1155	9740.13
1156	9655.11
1157	9592.77
1158	9552.17
1159	9529.47
1160	9520.33
1161	9520.35
1162	9525.18
1163	9530.69
1164	9534.10
1165	9534.90
1166	9533.68
1167	9531.22
1168	9528.31
1169	9525.72
1170	9523.99
1171	9522.70
1172	9519.94
1173	9513.21
1174	9499.95
1175	9477.56
1176	9443.51
1177	9396.09
1178	9336.64
1179	9270.22
1180	9203.20
1181	9142.09
1182	9093.43
1183	9063.60
1184	9057.50
1185	9075.34
1186	9112.71
1187	9163.84
1188	9222.83
1189	9283.80
1190	9340.99
1191	9389.82
1192	9428.74
1193	9458.56
1194	9480.66
1195	9496.48
1196	9507.43
1197	9514.85
1198	9519.62
1199	9521.58
1200	9519.98
1201	9513.97
1202	9502.67
1203	9485.21
1204	9461.03
1205	9430.94
1206	9398.08
1207	9366.59
1208	9340.80
1209	9325.03
1210	9323.58
1211	9340.07
1212	9375.65
1213	9428.49
1214	9495.68
1215	9574.21
1216	9661.05
1217	9753.25
1218	9848.59
1219	9946.90
1220	10049.82
1221	10159.49
1222	10278.10
1223	10407.82
1224	10550.65
1225	10707.50
1226	10876.83
1227	11055.64
1228	11240.61
1229	11428.40
1230	11615.71
1231	11799.79
1232	11980.62
1233	12162.37
1234	12351.06
1235	12552.97
1236	12774.41
1237	13021.56
1238	13299.43
1239	13608.98
1240	13946.92
1241	14308.59
1242	14689.21
1243	15084.00
1244	15488.49
1245	15900.47
1246	16323.30
1247	16764.13
1248	17231.01
1249	17732.04
1250	18275.26
1251	18867.29
1252	19507.87
1253	20185.42
1254	20883.12
1255	21583.36
1256	22268.50
1257	22921.08
1258	23526.10
1259	24076.58
1260	24574.00
1261	25022.51
1262	25426.50
1263	25790.35
1264	26117.98
1265	26410.23
1266	26660.83
1267	26858.95
1268	26992.79
1269	27050.50
1270	27020.36
1271	26893.29
1272	26671.43
1273	26373.10
1274	26023.21
1275	25647.55
1276	25271.91
1277	24921.63
1278	24617.67
1279	24368.60
1280	24172.50
1281	24024.65
1282	23920.11
1283	23854.02
1284	23822.89
1285	23830.57
1286	23894.05
1287	24036.78
1288	24283.30
1289	24658.22
1290	25185.52
1291	25881.86
1292	26739.92
1293	27728.04
1294	28806.91
1295	29936.61
1296	31077.20
1297	32189.25
1298	33236.24
1299	34187.66
1300	35016.36
1301	35695.80
1302	36199.52
1303	36501.39
1304	36580.17
1305	36431.91
1306	36071.99
1307	35522.30
1308	34805.37
1309	33943.75
1310	32960.29
1311	31879.80
1312	30731.29
1313	29546.25
1314	28356.64
1315	27194.44
1316	26091.28
1317	25073.60
1318	24149.42
1319	23306.07
1320	22523.82
1321	21782.31
1322	21061.16
1323	20341.11
1324	19609.61
1325	18867.96
1326	18125.34
1327	17392.47
1328	16680.13
1329	15998.96
1330	15357.88
1331	14760.11
1332	14202.94
1333	13681.77
1334	13191.85
1335	12728.43
1336	12287.28
1337	11866.83
1338	11470.47
1339	11104.09
1340	10774.02
1341	10486.58
1342	10247.83
1343	10060.91
1344	9920.51
1345	9813.95
1346	9726.49
1347	9643.23
1348	9549.40
1349	9432.03
1350	9286.38
1351	9119.97
1352	8945.54
1353	8776.51
1354	8626.32
1355	8507.84
1356	8429.76
1357	8390.83
1358	8383.13
1359	8397.21
1360	8423.57
1361	8452.75
1362	8476.22
1363	8488.62
1364	8488.06
1365	8473.87
1366	8445.44
1367	8402.20
1368	8343.58
1369	8269.13
1370	8178.65
1371	8072.03
1372	7949.16
1373	7809.96
1374	7654.48
1375	7483.92
1376	7302.49
1377	7116.57
1378	6933.10
1379	6759.06
1380	6601.33
1381	6465.73
1382	6354.20
1383	6264.25
1384	6191.91
1385	6133.06
1386	6083.58
1387	6039.72
1388	5999.59
1389	5964.41
1390	5936.86
1391	5919.86
1392	5916.35
1393	5929.15
1394	5960.27
1395	6009.85
1396	6076.73
1397	6159.51
1398	6256.73
1399	6366.93
1400	6488.24
1401	6617.62
1402	6750.86
1403	6883.42
1404	7010.71
1405	7128.22
1406	7232.54
1407	7324.74
1408	7411.91
1409	7503.51
1410	7609.27
1411	7738.90
1412	7901.64
1413	8104.22
1414	8348.72
1415	8634.90
1416	8962.14
1417	9329.79
1418	9737.55
1419	10187.41
1420	10686.86
1421	11247.00
1422	11879.76
1423	12597.06
1424	13411.03
1425	14335.20
1426	15387.34
1427	16588.86
1428	17962.17
1429	19529.76
1430	21313.33
1431	23323.54
1432	25532.37
1433	27868.78
1434	30247.26
1435	32580.94
1436	34783.27
1437	36773.99
1438	38499.39
1439	39942.71
1440	41101.99
1441	41977.11
1442	42568.11
1443	42877.16
1444	42917.11
1445	42718.94
1446	42322.22
1447	41767.84
1448	41096.68
1449	40348.49
1450	39555.85
1451	38737.18
1452	37903.02
1453	37062.42
1454	36224.35
1455	35397.05
1456	34583.72
1457	33776.02
1458	32958.16
1459	32112.73
1460	31222.27
1461	30270.10
1462	29245.92
1463	28155.82
1464	27017.92
1465	25853.29
1466	24683.13
1467	23528.29
1468	22406.17
1469	21324.48
1470	20283.01
1471	19279.38
1472	18311.11
1473	17375.79
1474	16472.12
1475	15602.00
1476	14770.25
1477	13982.54
1478	13244.57
1479	12561.96
1480	11938.92
1481	11375.27
1482	10866.61
1483	10407.24
1484	9991.37
1485	9613.21
1486	9267.08
1487	8947.69
1488	8650.11
1489	8369.52
1490	8101.14
1491	7840.25
1492	7583.11
1493	7329.28
1494	7081.72
1495	6844.52
1496	6621.82
1497	6417.70
1498	6235.21
1499	6073.86
1500	5929.54
1501	5796.95
1502	5670.69
1503	5545.45
1504	5416.91
1505	5283.96
1506	5148.83
1507	5014.79
1508	4885.19
1509	4763.33
1510	4651.85
1511	4551.32
1512	4460.30
1513	4376.70
1514	4298.40
1515	4223.30
1516	4149.63
1517	4076.60
1518	4004.33
1519	3933.21
1520	3863.63
1521	3796.01
1522	3730.93
1523	3669.46
1524	3613.06
1525	3563.30
1526	3521.74
1527	3489.85
1528	3467.99
1529	3453.77
1530	3442.70
1531	3429.76
1532	3409.92
1533	3378.45
1534	3332.66
1535	3274.75
1536	3210.13
1537	3144.89
1538	3085.19
1539	3036.82
1540	3003.41
1541	2984.21
1542	2975.94
1543	2974.85
1544	2977.16
1545	2979.27
1546	2978.49
1547	2973.71
1548	2964.60
1549	2950.94
1550	2932.56
1551	2909.51
1552	2882.97
1553	2855.73
1554	2831.24
1555	2813.03
1556	2804.57
1557	2808.40
1558	2823.64
1559	2845.44
1560	2867.58
1561	2883.70
1562	2887.58
1563	2874.72
1564	2845.63
1565	2805.44
1566	2760.58
1567	2717.60
1568	2682.78
1569	2660.39
1570	2649.86
1571	2647.25
1572	2647.81
1573	2646.77
1574	2639.75
1575	2624.63
1576	2603.61
1577	2581.17
1578	2562.20
1579	2551.57
1580	2553.38
1581	2568.44
1582	2592.85
1583	2620.82
1584	2646.28
1585	2663.28
1586	2666.95
1587	2656.09
1588	2633.27
1589	2602.19
1590	2566.69
1591	2530.55
1592	2497.15
1593	2468.90
1594	2447.51
1595	2434.50
1596	2431.42
1597	2439.60
1598	2459.44
1599	2489.67
1600	2528.13
1601	2572.53
1602	2620.59
1603	2670.18
1604	2719.71
1605	2768.28
1606	2815.24
1607	2859.96
1608	2901.88
1609	2940.88
1610	2978.06
1611	3015.55
1612	3055.72
1613	3100.97
1614	3153.72
1615	3216.59
1616	3292.59
1617	3384.88
1618	3496.71
1619	3631.22
1620	3790.80
1621	3974.77
1622	4178.85
1623	4397.44
1624	4624.82
1625	4855.63
1626	5087.41
1627	5325.18
1628	5579.43
1629	5862.03
1630	6184.86
1631	6559.22
1632	6993.49
1633	7491.25
1634	8053.89
1635	8682.49
1636	9378.41
1637	10146.72
1638	11004.11
1639	11978.49
1640	13101.14
1641	14403.55
1642	15915.06
1643	17652.39
1644	19606.64
1645	21754.63
1646	24070.49
1647	26527.73
1648	29092.64
1649	31705.38
1650	34275.92
1651	36703.72
1652	38887.32
1653	40726.95
1654	42134.79
1655	43050.18
1656	43429.68
1657	43233.51
1658	42423.07
1659	40976.04
1660	38933.21
1661	36415.35
1662	33572.96
1663	30559.67
1664	27525.99
1665	24598.62
1666	21848.45
1667	19309.27
1668	17006.59
1669	14965.20
1670	13204.28
1671	11721.33
1672	10486.32
1673	9459.00
1674	8598.02
1675	7863.06
1676	7221.27
1677	6656.67
1678	6164.01
1679	5740.37
1680	5382.88
1681	5087.73
1682	4847.81
1683	4652.14
1684	4488.40
1685	4344.17
1686	4207.53
1687	4069.70
1688	3928.22
1689	3784.21
1690	3639.44
1691	3495.76
1692	3355.50
1693	3222.47
1694	3101.96
1695	2999.68
1696	2921.33
1697	2871.70
1698	2851.06
1699	2852.20
1700	2864.49
1701	2876.77
1702	2878.32
1703	2862.23
1704	2831.33
1705	2795.71
1706	2767.24
1707	2757.75
1708	2776.78
1709	2825.40
1710	2894.28
1711	2970.39
1712	3040.36
1713	3091.97
1714	3119.72
1715	3130.88
1716	3139.48
1717	3160.75
1718	3209.64
1719	3298.09
1720	3429.68
1721	3601.21
1722	3807.71
1723	4044.10
1724	4305.75
1725	4589.64
1726	4894.76
1727	5220.86
1728	5567.76
1729	5935.19
1730	6322.31
1731	6727.35
1732	7147.99
1733	7581.86
1734	8026.48
1735	8478.84
1736	8934.44
1737	9387.77
1738	9833.04
1739	10264.34
1740	10674.24
1741	11050.25
1742	11374.68
1743	11628.11
1744	11791.12
1745	11846.57
1746	11787.13
1747	11619.82
1748	11357.53
1749	11013.94
1750	10602.63
1751	10136.43
1752	9626.71
1753	9084.09
1754	8519.01
1755	7941.91
1756	7363.09
1757	6792.53
1758	6239.99
1759	5715.16
1760	5227.55
1761	4784.68
1762	4387.92
1763	4032.99
1764	3713.94
1765	3424.75
1766	3160.23
1767	2918.28
1768	2700.47
1769	2509.66
1770	2348.79
1771	2220.05
1772	2122.25
1773	2049.20
1774	1992.57
1775	1943.81
1776	1895.02
1777	1841.87
1778	1786.48
1779	1734.13
1780	1690.63
1781	1661.39
1782	1649.26
1783	1651.63
1784	1662.69
1785	1676.06
1786	1685.52
1787	1686.76
1788	1679.90
1789	1668.08
1790	1655.13
1791	1644.81
1792	1639.94
1793	1640.91
1794	1646.20
1795	1653.79
1796	1661.67
1797	1667.88
1798	1670.75
1799	1668.80
1800	1660.61
1801	1644.81
1802	1620.48
1803	1588.06
1804	1549.29
1805	1506.32
1806	1461.29
1807	1416.54
1808	1374.83
1809	1339.38
1810	1313.58
1811	1300.76
1812	1303.37
1813	1321.01
1814	1350.24
1815	1386.62
1816	1425.68
1817	1463.23
1818	1496.18
1819	1522.62
1820	1541.00
1821	1549.85
1822	1548.12
1823	1536.16
1824	1515.85
1825	1489.57
1826	1459.75
1827	1428.80
1828	1399.07
1829	1372.88
1830	1352.52
1831	1340.20
1832	1337.47
1833	1343.60
1834	1355.57
1835	1369.68
1836	1382.21
1837	1390.30
1838	1393.55
1839	1393.99
1840	1394.28
1841	1397.12
1842	1404.40
1843	1415.84
1844	1429.30
1845	1442.10
1846	1451.59
1847	1455.72
1848	1453.91
1849	1446.73
1850	1435.04
1851	1419.76
1852	1402.09
1853	1383.88
1854	1367.43
1855	1355.12
1856	1349.06
1857	1349.66
1858	1353.80
1859	1356.28
1860	1351.57
1861	1334.95
1862	1306.00
1863	1271.94
1864	1243.77
1865	1232.97
1866	1248.89
1867	1291.48
1868	1347.02
1869	1396.07
1870	1418.77
1871	1399.79
1872	1340.28
1873	1260.67
1874	1188.04
1875	1149.50
1876	1164.77
1877	1231.44
1878	1326.97
1879	1423.05
1880	1491.94
1881	1513.75
1882	1487.65
1883	1426.12
1884	1344.69
1885	1258.67
1886	1181.36
1887	1122.15
1888	1088.38
1889	1086.90
1890	1122.33
1891	1189.77
1892	1270.92
1893	1342.04
1894	1379.17
1895	1364.40
1896	1299.49
1897	1206.12
1898	1112.16
1899	1044.96
1900	1023.66
1901	1047.12
1902	1099.88
1903	1163.16
1904	1219.26
1905	1257.23
1906	1278.07
1907	1288.67
1908	1296.87
1909	1309.56
1910	1330.01
1911	1357.09
1912	1388.16
1913	1420.28
1914	1449.88
1915	1471.52
1916	1478.32
1917	1463.11
1918	1419.99
1919	1350.12
1920	1267.83
1921	1194.10
1922	1150.81
1923	1155.32
1924	1208.48
1925	1291.82
1926	1380.13
1927	1448.49
1928	1479.55
1929	1474.92
1930	1449.71
1931	1422.17
1932	1408.71
1933	1416.30
1934	1436.96
1935	1456.03
1936	1458.31
1937	1433.00
1938	1382.89
1939	1323.41
1940	1273.65
1941	1251.43
1942	1265.89
1943	1309.16
1944	1364.25
1945	1412.71
1946	1438.62
1947	1435.30
1948	1406.21
1949	1358.23
1950	1298.59
1951	1234.73
1952	1174.50
1953	1126.00
1954	1097.26
1955	1094.30
1956	1115.62
1957	1150.66
1958	1185.67
1959	1207.33
1960	1207.97
1961	1192.46
1962	1173.64
1963	1165.86
1964	1180.89
1965	1220.56
1966	1274.82
1967	1329.38
1968	1370.32
1969	1388.94
1970	1387.76
1971	1376.08
1972	1364.42
1973	1361.07
1974	1366.51
1975	1372.65
1976	1368.62
1977	1344.54
1978	1297.72
1979	1239.22
1980	1187.31
1981	1161.06
1982	1173.61
1983	1220.30
1984	1280.33
1985	1328.33
1986	1341.55
1987	1310.60
1988	1246.72
1989	1170.10
1990	1101.59
1991	1057.14
1992	1040.82
1993	1048.47
1994	1074.01
1995	1110.96
1996	1151.80
1997	1187.86
1998	1210.13
1999	1210.83
2000	1188.93
2001	1155.34
2002	1126.87
2003	1120.54
2004	1146.97
2005	1200.18
2006	1261.79
2007	1310.55
2008	1328.84
2009	1312.47
2010	1272.60
2011	1225.61
2012	1187.17
2013	1166.88
2014	1164.03
2015	1173.06
2016	1187.74
2017	1202.52
2018	1213.41
2019	1217.48
2020	1212.18
2021	1196.28
2022	1172.69
2023	1148.22
2024	1130.74
2025	1126.72
2026	1136.57
2027	1152.69
2028	1164.48
2029	1162.25
2030	1142.84
2031	1114.79
2032	1092.35
2033	1089.94
2034	1116.30
2035	1167.17
2036	1229.90
2037	1290.31
2038	1336.77
2039	1365.04
2040	1377.09
2041	1376.56
2042	1366.95
2043	1351.03
2044	1330.81
2045	1308.01
2046	1284.31
2047	1261.20
2048	1239.94
2049	1221.73
2050	1207.96
2051	1201.08
2052	1205.26
2053	1225.38
2054	1265.29
2055	1322.45
2056	1382.19
2057	1423.56
2058	1426.17
2059	1380.88
2060	1302.93
2061	1222.31
2062	1170.59
2063	1168.64
2064	1211.34
2065	1275.68
2066	1335.29
2067	1369.63
2068	1374.07
2069	1356.10
2070	1326.17
2071	1294.17
2072	1267.93
2073	1253.56
2074	1256.39
2075	1278.54
2076	1312.73
2077	1343.39
2078	1353.10
2079	1329.74
2080	1277.85
2081	1217.28
2082	1171.83
2083	1159.88
2084	1181.97
2085	1221.95
2086	1259.11
2087	1276.89
2088	1272.57
2089	1256.38
2090	1242.14
2091	1241.14
2092	1256.29
2093	1282.83
2094	1313.89
2095	1343.38
2096	1367.91
2097	1386.46
2098	1398.71
2099	1404.70
2100	1405.44
2101	1402.68
2102	1398.35
2103	1394.01
2104	1390.31
2105	1387.20
2106	1384.51
2107	1382.04
2108	1379.69
2109	1377.42
2110	1375.19
2111	1373.16
2112	1371.80
2113	1371.77
2114	1373.29
2115	1374.17
2116	1367.79
2117	1345.48
2118	1300.40
2119	1235.67
2120	1169.50
2121	1126.29
2122	1126.82
2123	1174.86
2124	1253.18
2125	1337.17
2126	1405.13
2127	1447.04
2128	1464.45
2129	1462.33
2130	1445.15
2131	1415.22
2132	1373.29
2133	1320.25
2134	1260.77
2135	1207.40
2136	1177.25
2137	1185.57
2138	1234.40
2139	1304.36
2140	1366.76
2141	1396.52
2142	1387.09
2143	1353.84
2144	1319.32
2145	1301.71
2146	1304.67
2147	1319.67
2148	1335.44
2149	1344.31
2150	1346.66
2151	1347.54
2152	1352.29
2153	1363.15
2154	1377.77
2155	1391.87
2156	1401.45
2157	1404.10
2158	1399.03
2159	1386.24
2160	1367.72
2161	1349.99
2162	1342.39
2163	1352.87
2164	1380.14
2165	1408.74
2166	1417.63
2167	1390.96
2168	1331.75
2169	1261.00
2170	1203.57
2171	1175.05
2172	1170.63
2173	1173.72
2174	1168.82
2175	1153.77
2176	1143.85
2177	1159.72
2178	1212.88
2179	1289.09
2180	1354.96
2181	1376.78
2182	1341.83
2183	1271.23
2184	1200.45
2185	1158.59
2186	1149.59
2187	1154.94
2188	1151.91
2189	1128.60
2190	1093.35
2191	1064.17
2192	1056.33
2193	1071.39
2194	1097.65
2195	1120.20
2196	1128.05
2197	1118.08
2198	1091.33
2199	1051.34
2200	1007.34
2201	973.81
2202	965.29
2203	988.11
2204	1034.06
2205	1088.05
2206	1136.04
2207	1170.24
2208	1188.40
2209	1190.51
2210	1180.06
2211	1165.76
2212	1158.06
2213	1163.52
2214	1178.28
2215	1191.17
2216	1190.93
2217	1172.69
2218	1139.36
2219	1096.54
2220	1049.46
2221	1001.98
2222	957.28
2223	918.93
2224	892.07
2225	883.11
2226	897.47
2227	934.84
2228	986.88
2229	1042.32
2230	1091.36
2231	1128.06
2232	1148.92
2233	1152.14
2234	1139.72
2235	1116.92
2236	1089.22
2237	1059.25
2238	1025.85
2239	987.08
2240	944.50
2241	906.56
2242	884.67
2243	885.97
2244	905.35
2245	929.00
2246	944.29
2247	949.19
2248	952.33
2249	963.44
2250	983.15
2251	999.37
2252	996.66
2253	968.15
2254	923.37
2255	879.76
2256	853.98
2257	857.84
2258	899.27
2259	977.97
2260	1072.90
2261	1147.28
2262	1170.35
2263	1144.62
2264	1105.49
2265	1090.41
2266	1106.51
2267	1123.51
2268	1104.51
2269	1041.09
2270	967.59
2271	930.19
2272	948.66
2273	995.21
2274	1023.73
2275	1006.00
2276	953.55
2277	897.05
2278	861.28
2279	851.63
2280	862.36
2281	885.45
2282	912.64
2283	935.61
2284	946.65
2285	939.63
2286	910.18
2287	860.31
2288	806.74
2289	774.96
2290	783.77
2291	830.36
2292	897.07
2293	963.94
2294	1013.53
2295	1031.36
2296	1011.50
2297	967.08
2298	922.63
2299	896.28
2300	885.54
2301	875.74
2302	855.56
2303	826.65
2304	797.99
2305	777.71
2306	769.38
2307	773.52
2308	787.39
2309	803.43
2310	814.18
2311	823.13
2312	850.59
2313	917.19
2314	1016.05
2315	1104.03
2316	1134.83
2317	1098.01
2318	1023.01
2319	947.12
2320	892.84
2321	868.36
2322	875.56
2323	910.28
2324	963.77
2325	1023.08
2326	1068.94
2327	1081.72
2328	1055.40
2329	1005.66
2330	954.79
2331	916.31
2332	892.40
2333	881.87
2334	884.77
2335	901.83
2336	929.56
2337	954.97
2338	961.76
2339	943.39
2340	909.75
2341	876.81
2342	858.03
2343	862.39
2344	890.00
2345	922.52
2346	933.23
2347	913.97
2348	891.27
2349	897.73
2350	933.63
2351	964.51
2352	958.29
2353	915.15
2354	856.72
2355	807.67
2356	789.49
2357	813.55
2358	864.76
2359	907.91
2360	919.45
2361	909.24
2362	900.13
2363	901.49
2364	905.75
2365	906.19
2366	910.03
2367	926.84
2368	943.33
2369	920.86
2370	845.80
2371	784.60
2372	828.63
2373	970.06
2374	1072.02
2375	1019.52
2376	857.71
2377	716.61
2378	669.30
2379	696.24
2380	750.15
2381	792.63
2382	801.05
2383	783.88
2384	775.39
2385	794.77
2386	820.40
2387	823.55
2388	809.18
2389	805.37
2390	821.47
2391	834.44
2392	823.07
2393	796.04
2394	773.71
2395	759.80
2396	742.98
2397	720.72
2398	709.18
2399	726.27
2400	776.90
2401	849.37
2402	905.47
2403	898.05
2404	822.91
2405	732.68
2406	685.72
2407	710.53
2408	789.55
2409	832.60
2410	755.85
2411	624.18
2412	603.28
2413	752.71
2414	970.58
2415	1120.65
2416	1112.32
2417	957.36
2418	819.76
2419	845.50
2420	967.34
2421	1021.71
2422	948.40
2423	795.80
2424	658.35
2425	622.56
2426	682.50
2427	749.30
2428	777.86
2429	801.62
2430	841.88
2431	869.53
2432	857.11
2433	810.79
2434	758.70
2435	736.67
2436	756.09
2437	788.08
2438	811.35
2439	840.65
2440	883.47
2441	912.67
2442	905.76
2443	873.05
2444	840.73
2445	833.88
2446	858.91
2447	895.14
2448	907.39
2449	864.48
2450	792.22
