150	3234.80
151	3243.16
152	3255.21
153	3269.05
154	3284.13
155	3299.95
156	3316.03
157	3331.86
158	3346.96
159	3360.84
160	3373.16
161	3383.93
162	3393.62
163	3402.80
164	3412.07
165	3422.01
166	3433.23
167	3446.30
168	3461.83
169	3480.21
170	3501.33
171	3524.45
172	3548.66
173	3572.99
174	3596.53
175	3618.31
176	3637.39
177	3652.86
178	3663.95
179	3670.58
180	3673.36
181	3673.15
182	3670.82
183	3667.25
184	3663.32
185	3659.90
186	3657.87
187	3658.01
188	3660.73
189	3666.11
190	3674.07
191	3684.52
192	3697.39
193	3712.60
194	3730.07
195	3749.71
196	3771.41
197	3794.95
198	3819.99
199	3846.15
200	3873.06
201	3900.33
202	3927.59
203	3954.47
204	3980.58
205	4005.59
206	4029.34
207	4051.77
208	4072.92
209	4092.80
210	4111.44
211	4128.86
212	4145.08
213	4160.13
214	4174.05
215	4186.99
216	4199.17
217	4210.83
218	4222.21
219	4233.57
220	4245.16
221	4257.22
222	4269.98
223	4283.61
224	4298.02
225	4312.91
226	4327.94
227	4342.75
228	4356.99
229	4370.29
230	4382.31
231	4392.70
232	4401.23
233	4407.97
234	4413.19
235	4417.26
236	4420.52
237	4423.31
238	4426.00
239	4428.92
240	4432.43
241	4436.70
242	4441.65
243	4446.97
244	4452.30
245	4457.28
246	4461.55
247	4464.76
248	4466.54
249	4466.59
250	4464.86
251	4461.85
252	4458.37
253	4455.31
254	4453.56
255	4454.00
256	4457.52
257	4465.00
258	4477.21
259	4494.42
260	4515.95
261	4540.70
262	4567.45
263	4595.02
264	4622.21
265	4647.81
266	4670.64
267	4689.64
268	4704.33
269	4715.08
270	4722.60
271	4727.64
272	4730.97
273	4733.33
274	4735.49
275	4738.19
276	4742.09
277	4747.43
278	4754.05
279	4761.60
280	4769.73
281	4778.10
282	4786.35
283	4794.13
284	4801.09
285	4806.91
286	4811.33
287	4814.14
288	4815.16
289	4814.20
290	4811.07
291	4805.60
292	4797.60
293	4786.93
294	4773.76
295	4759.06
296	4744.32
297	4731.14
298	4721.14
299	4715.92
300	4717.12
301	4726.32
302	4744.94
303	4773.25
304	4809.48
305	4850.74
306	4893.97
307	4936.12
308	4974.11
309	5004.88
310	5025.39
311	5033.06
312	5027.26
313	5010.00
314	4984.36
315	4953.55
316	4920.78
317	4889.25
318	4862.18
319	4842.71
320	4833.36
321	4834.54
322	4844.66
323	4861.51
324	4882.82
325	4906.35
326	4929.81
327	4950.97
328	4967.62
329	4978.11
330	4982.06
331	4979.95
332	4972.46
333	4960.28
334	4944.11
335	4924.63
336	4902.53
337	4878.52
338	4853.35
339	4827.85
340	4802.89
341	4779.37
342	4758.15
343	4740.14
344	4726.20
345	4717.21
346	4713.80
347	4715.75
348	4721.90
349	4730.73
350	4740.73
351	4750.34
352	4758.04
353	4762.29
354	4761.61
355	4755.07
356	4743.08
357	4727.03
358	4708.58
359	4689.40
360	4671.16
361	4655.52
362	4644.14
363	4638.55
364	4639.56
365	4646.76
366	4659.13
367	4675.58
368	4694.98
369	4716.23
370	4738.22
371	4759.84
372	4780.10
373	4798.38
374	4814.45
375	4828.23
376	4839.66
377	4848.66
378	4855.16
379	4859.09
380	4860.38
381	4859.03
382	4855.13
383	4848.86
384	4840.40
385	4829.96
386	4817.72
387	4803.88
388	4788.64
389	4772.26
390	4755.32
391	4738.85
392	4724.05
393	4712.17
394	4704.43
395	4702.09
396	4706.38
397	4718.48
398	4739.13
399	4767.70
400	4802.45
401	4841.34
402	4882.30
403	4923.25
404	4962.12
405	4996.85
406	5025.51
407	5046.94
408	5061.30
409	5069.40
410	5072.19
411	5070.58
412	5065.53
413	5057.96
414	5048.80
415	5038.95
416	5029.23
417	5020.35
418	5012.99
419	5007.84
420	5005.58
421	5006.90
422	5012.47
423	5022.89
424	5038.23
425	5057.55
426	5079.35
427	5102.03
428	5123.98
429	5143.59
430	5159.26
431	5169.41
432	5172.85
433	5169.71
434	5161.50
435	5150.20
436	5137.83
437	5126.39
438	5117.91
439	5114.40
440	5117.71
441	5128.82
442	5146.87
443	5170.00
444	5196.18
445	5223.35
446	5249.46
447	5272.45
448	5290.30
449	5301.44
450	5305.82
451	5304.92
452	5300.75
453	5295.34
454	5290.75
455	5289.01
456	5292.16
457	5302.06
458	5319.55
459	5343.56
460	5372.01
461	5402.65
462	5433.21
463	5461.44
464	5485.05
465	5501.86
466	5510.24
467	5510.42
468	5504.33
469	5494.38
470	5483.04
471	5472.79
472	5466.07
473	5465.35
474	5472.80
475	5489.25
476	5513.34
477	5542.70
478	5574.79
479	5607.08
480	5637.06
481	5662.18
482	5680.00
483	5688.81
484	5688.77
485	5681.50
486	5668.97
487	5653.19
488	5636.14
489	5619.84
490	5606.25
491	5597.12
492	5593.24
493	5594.21
494	5599.15
495	5607.12
496	5617.21
497	5628.48
498	5640.01
499	5650.88
500	5660.29
501	5667.64
502	5672.42
503	5674.19
504	5672.47
505	5666.80
506	5656.71
507	5641.77
508	5621.79
509	5597.32
510	5569.60
511	5540.08
512	5510.23
513	5481.48
514	5455.32
515	5433.17
516	5416.30
517	5405.09
518	5398.70
519	5395.75
520	5394.83
521	5394.50
522	5393.33
523	5389.89
524	5382.83
525	5371.31
526	5355.58
527	5336.52
528	5315.16
529	5292.55
530	5269.71
531	5247.69
532	5227.49
533	5209.91
534	5195.06
535	5182.48
536	5171.51
537	5161.48
538	5151.73
539	5141.61
540	5130.45
541	5117.64
542	5102.75
543	5085.64
544	5066.24
545	5044.49
546	5020.36
547	4993.78
548	4964.72
549	4933.19
550	4899.59
551	4865.06
552	4831.07
553	4799.19
554	4770.99
555	4748.02
556	4731.85
557	4723.96
558	4725.31
559	4735.48
560	4753.05
561	4776.38
562	4803.83
563	4833.72
564	4864.40
565	4894.25
566	4921.90
567	4946.95
568	4969.89
569	4991.50
570	5012.57
571	5033.92
572	5056.35
573	5080.65
574	5107.54
575	5137.39
576	5170.10
577	5205.39
578	5242.97
579	5282.55
580	5323.83
581	5366.51
582	5410.28
583	5454.81
584	5499.66
585	5544.39
586	5588.52
587	5631.61
588	5673.18
589	5712.77
590	5749.94
591	5784.30
592	5815.61
593	5843.75
594	5868.60
595	5890.02
596	5907.92
597	5922.17
598	5932.66
599	5939.26
600	5941.88
601	5940.40
602	5934.72
603	5924.75
604	5910.37
605	5891.49
606	5868.01
607	5839.83
608	5806.91
609	5769.23
610	5726.80
611	5679.62
612	5627.68
613	5570.98
614	5509.55
615	5443.63
616	5374.33
617	5303.67
618	5234.03
619	5167.81
620	5107.40
621	5055.20
622	5013.59
623	4984.45
624	4967.82
625	4961.18
626	4961.06
627	4963.87
628	4966.02
629	4963.92
630	4954.01
631	4933.18
632	4900.45
633	4858.08
634	4809.73
635	4759.24
636	4710.47
637	4667.27
638	4633.48
639	4612.60
640	4606.38
641	4613.66
642	4631.84
643	4658.12
644	4689.69
645	4723.74
646	4757.46
647	4788.16
648	4813.81
649	4833.60
650	4847.35
651	4854.99
652	4856.46
653	4851.69
654	4840.61
655	4823.23
656	4799.97
657	4772.02
658	4741.04
659	4708.74
660	4676.87
661	4647.15
662	4621.31
663	4601.03
664	4587.71
665	4582.12
666	4584.68
667	4595.77
668	4615.74
669	4644.94
670	4683.73
671	4732.35
672	4790.32
673	4855.65
674	4925.45
675	4996.63
676	5066.13
677	5130.85
678	5187.74
679	5233.94
680	5268.01
681	5291.55
682	5307.93
683	5320.88
684	5334.14
685	5351.45
686	5376.56
687	5412.99
688	5462.91
689	5525.70
690	5599.10
691	5680.51
692	5767.34
693	5857.00
694	5946.88
695	6034.56
696	6118.50
697	6199.08
698	6277.66
699	6355.86
700	6435.26
701	6517.46
702	6604.06
703	6696.52
704	6795.58
705	6900.63
706	7010.29
707	7123.09
708	7237.53
709	7352.13
710	7465.40
711	7575.87
712	7682.25
713	7783.47
714	7878.62
715	7966.81
716	8047.14
717	8118.71
718	8180.64
719	8232.13
720	8272.90
721	8303.46
722	8324.68
723	8337.47
724	8342.75
725	8341.43
726	8334.44
727	8322.51
728	8305.76
729	8283.37
730	8254.17
731	8216.94
732	8170.47
733	8113.53
734	8044.93
735	7963.99
736	7871.83
737	7771.78
738	7667.94
739	7564.49
740	7465.61
741	7375.50
742	7298.28
743	7237.34
744	7193.80
745	7166.42
746	7153.25
747	7152.28
748	7161.51
749	7178.92
750	7202.53
751	7230.52
752	7261.59
753	7294.82
754	7329.43
755	7364.61
756	7399.58
757	7433.55
758	7465.75
759	7495.57
760	7522.75
761	7547.28
762	7569.19
763	7588.52
764	7605.32
765	7619.61
766	7631.42
767	7640.65
768	7647.00
769	7650.06
770	7649.41
771	7644.60
772	7635.22
773	7620.83
774	7601.22
775	7577.05
776	7550.25
777	7523.30
778	7498.76
779	7479.19
780	7467.13
781	7465.10
782	7475.27
783	7498.43
784	7533.95
785	7580.68
786	7637.45
787	7703.09
788	7776.40
789	7856.24
790	7941.69
791	8032.50
792	8128.97
793	8231.51
794	8340.56
795	8456.56
796	8579.92
797	8711.03
798	8849.90
799	8995.80
800	9147.56
801	9303.94
802	9463.68
803	9625.52
804	9788.23
805	9950.90
806	10114.11
807	10280.66
808	10454.31
809	10638.93
810	10838.41
811	11056.64
812	11297.44
813	11564.02
814	11857.50
815	12176.88
816	12520.46
817	12886.50
818	13273.25
819	13678.98
820	14101.91
821	14540.19
822	14991.72
823	15454.23
824	15925.41
825	16402.94
826	16884.53
827	17367.85
828	17850.44
829	18329.17
830	18799.77
831	19257.42
832	19697.25
833	20114.36
834	20503.86
835	20860.90
836	21181.09
837	21461.60
838	21701.27
839	21899.49
840	22055.71
841	22169.39
842	22239.96
843	22267.22
844	22253.46
845	22206.88
846	22139.59
847	22064.62
848	21995.04
849	21943.89
850	21924.19
851	21947.55
852	22019.51
853	22136.23
854	22289.92
855	22472.20
856	22674.69
857	22889.02
858	23106.86
859	23320.75
860	23525.68
861	23718.91
862	23898.36
863	24061.96
864	24207.68
865	24333.46
866	24437.26
867	24516.91
868	24570.10
869	24594.45
870	24587.51
871	24546.89
872	24470.17
873	24355.00
874	24200.21
875	24008.76
876	23788.28
877	23547.98
878	23297.21
879	23045.34
880	22801.72
881	22575.24
882	22371.50
883	22188.80
884	22020.76
885	21860.05
886	21699.27
887	21531.02
888	21347.99
889	21144.52
890	20921.27
891	20687.03
892	20453.68
893	20233.42
894	20038.47
895	19881.03
896	19772.76
897	19721.32
898	19724.72
899	19774.35
900	19860.10
901	19971.76
902	20099.12
903	20232.05
904	20361.05
905	20479.38
906	20583.92
907	20672.97
908	20744.99
909	20798.45
910	20831.82
911	20843.64
912	20833.03
913	20800.47
914	20747.39
915	20675.43
916	20586.22
917	20481.40
918	20362.63
919	20231.87
920	20092.16
921	19947.96
922	19804.24
923	19666.02
924	19538.34
925	19426.21
926	19334.41
927	19266.03
928	19220.50
929	19194.95
930	19186.07
931	19190.48
932	19204.84
933	19225.82
934	19250.30
935	19275.97
936	19301.38
937	19325.37
938	19346.79
939	19364.51
940	19377.39
941	19384.36
942	19384.73
943	19378.52
944	19366.08
945	19347.87
946	19324.32
947	19295.87
948	19262.99
949	19226.54
950	19188.46
951	19151.58
952	19119.05
953	19094.01
954	19079.58
955	19078.89
956	19094.81
957	19129.05
958	19181.73
959	19252.28
960	19340.05
961	19444.38
962	19564.61
963	19699.72
964	19846.26
965	19995.36
966	20134.74
967	20251.43
968	20332.38
969	20364.61
970	20335.27
971	20234.02
972	20058.34
973	19813.53
974	19507.29
975	19147.48
976	18742.00
977	18298.74
978	17825.82
979	17332.35
980	16829.01
981	16327.11
982	15838.07
983	15373.32
984	14944.26
985	14561.74
986	14232.87
987	13956.39
988	13725.76
989	13533.32
990	13371.37
991	13232.23
992	13108.32
993	12993.69
994	12887.21
995	12792.27
996	12713.56
997	12655.88
998	12624.00
999	12622.68
1000	12655.77
1001	12723.49
1002	12821.14
1003	12942.17
1004	13079.75
1005	13227.07
1006	13377.33
1007	13524.14
1008	13663.36
1009	13795.12
1010	13921.73
1011	14045.93
1012	14170.43
1013	14297.97
1014	14431.08
1015	14570.81
1016	14714.49
1017	14856.83
1018	14991.94
1019	15113.86
1020	15216.66
1021	15294.54
1022	15343.17
1023	15362.94
1024	15358.71
1025	15336.72
1026	15303.30
1027	15264.77
1028	15227.45
1029	15196.98
1030	15176.64
1031	15166.58
1032	15165.81
1033	15173.21
1034	15187.65
1035	15208.02
1036	15233.15
1037	15261.71
1038	15292.07
1039	15322.49
1040	15351.20
1041	15376.41
1042	15396.37
1043	15409.69
1044	15417.14
1045	15423.96
1046	15437.89
1047	15467.18
1048	15520.06
1049	15604.78
1050	15729.32
1051	15899.76
1052	16117.47
1053	16380.59
1054	16686.48
1055	17032.49
1056	17415.94
1057	17834.03
1058	18282.41
1059	18752.47
1060	19232.00
1061	19707.82
1062	20166.72
1063	20595.45
1064	20981.03
1065	21313.40
1066	21592.00
1067	21825.59
1068	22025.87
1069	22204.77
1070	22374.21
1071	22545.95
1072	22729.57
1073	22926.73
1074	23130.01
1075	23328.84
1076	23512.35
1077	23669.67
1078	23789.98
1079	23863.60
1080	23885.28
1081	23855.54
1082	23777.10
1083	23652.92
1084	23485.97
1085	23279.22
1086	23035.53
1087	22757.29
1088	22446.24
1089	22103.84
1090	21731.52
1091	21330.71
1092	20902.84
1093	20449.92
1094	19976.37
1095	19490.40
1096	19001.92
1097	18521.03
1098	18057.86
1099	17622.50
1100	17224.09
1101	16867.33
1102	16549.60
1103	16264.91
1104	16006.82
1105	15768.82
1106	15544.44
1107	15327.59
1108	15114.04
1109	14902.72
1110	14694.02
1111	14488.60
1112	14287.09
1113	14090.13
1114	13898.09
1115	13710.03
1116	13522.73
1117	13331.93
1118	13133.18
1119	12922.05
1120	12694.10
1121	12445.43
1122	12174.74
1123	11885.08
1124	11581.55
1125	11269.59
1126	10954.62
1127	10642.08
1128	10337.15
1129	10043.88
1130	9764.48
1131	9500.30
1132	9252.58
1133	9022.53
1134	8811.37
1135	8620.17
1136	8449.22
1137	8297.74
1138	8164.39
1139	8047.80
1140	7946.59
1141	7859.36
1142	7784.71
1143	7721.07
1144	7666.71
1145	7619.78
1146	7578.44
1147	7540.87
1148	7505.23
1149	7469.92
1150	7434.26
1151	7398.75
1152	7364.31
1153	7331.91
1154	7302.55
1155	7277.17
1156	7256.37
1157	7239.42
1158	7224.12
1159	7207.73
1160	7187.49
1161	7160.64
1162	7124.49
1163	7077.41
1164	7021.08
1165	6960.45
1166	6901.46
1167	6850.12
1168	6812.44
1169	6794.25
1170	6799.59
1171	6827.53
1172	6873.05
1173	6930.01
1174	6992.21
1175	7053.46
1176	7107.80
1177	7150.93
1178	7182.64
1179	7205.43
1180	7222.45
1181	7236.90
1182	7251.94
1183	7270.55
1184	7294.44
1185	7322.85
1186	7353.64
1187	7384.40
1188	7412.71
1189	7436.18
1190	7452.69
1191	7461.48
1192	7464.01
1193	7462.72
1194	7460.19
1195	7459.00
1196	7461.74
1197	7470.55
1198	7486.11
1199	7507.19
1200	7531.85
1201	7558.11
1202	7583.97
1203	7607.49
1204	7627.44
1205	7644.73
1206	7662.27
1207	7683.58
1208	7712.21
1209	7751.70
1210	7805.40
1211	7875.17
1212	7959.19
1213	8053.15
1214	8152.12
1215	8251.18
1216	8345.40
1217	8430.37
1218	8504.46
1219	8571.09
1220	8636.25
1221	8706.36
1222	8787.88
1223	8887.18
1224	9009.56
1225	9155.90
1226	9321.38
1227	9499.01
1228	9681.53
1229	9861.69
1230	10032.46
1231	10189.04
1232	10333.34
1233	10473.29
1234	10618.55
1235	10778.87
1236	10964.00
1237	11183.39
1238	11444.29
1239	11749.27
1240	12098.04
1241	12489.73
1242	12923.43
1243	13398.25
1244	13913.37
1245	14468.37
1246	15063.39
1247	15698.82
1248	16375.08
1249	17092.57
1250	17851.58
1251	18650.56
1252	19482.46
1253	20334.95
1254	21194.11
1255	22045.88
1256	22876.24
1257	23671.44
1258	24419.70
1259	25113.40
1260	25747.46
1261	26317.30
1262	26818.40
1263	27246.23
1264	27596.46
1265	27865.71
1266	28051.86
1267	28153.29
1268	28168.44
1269	28095.76
1270	27933.96
1271	27684.12
1272	27354.04
1273	26957.05
1274	26507.94
1275	26021.61
1276	25512.93
1277	24996.36
1278	24484.12
1279	23984.46
1280	23503.61
1281	23047.48
1282	22621.96
1283	22233.04
1284	21887.42
1285	21594.42
1286	21366.05
1287	21215.13
1288	21154.61
1289	21197.37
1290	21355.26
1291	21633.62
1292	22023.93
1293	22509.54
1294	23072.19
1295	23693.54
1296	24355.15
1297	25037.63
1298	25717.78
1299	26367.93
1300	26958.77
1301	27460.85
1302	27844.76
1303	28082.27
1304	28153.62
1305	28058.45
1306	27808.85
1307	27419.66
1308	26905.84
1309	26282.39
1310	25564.98
1311	24771.97
1312	23925.08
1313	23047.24
1314	22161.55
1315	21291.06
1316	20457.95
1317	19678.22
1318	18953.62
1319	18276.65
1320	17637.82
1321	17027.56
1322	16436.34
1323	15855.87
1324	15282.31
1325	14717.32
1326	14164.44
1327	13627.48
1328	13110.19
1329	12616.20
1330	12147.97
1331	11705.52
1332	11287.44
1333	10892.03
1334	10517.55
1335	10162.32
1336	9825.09
1337	9506.05
1338	9206.99
1339	8930.17
1340	8677.91
1341	8452.51
1342	8256.01
1343	8088.92
1344	7948.99
1345	7832.57
1346	7735.78
1347	7654.71
1348	7585.48
1349	7524.51
1350	7468.99
1351	7416.80
1352	7365.98
1353	7314.61
1354	7260.76
1355	7202.80
1356	7140.24
1357	7074.25
1358	7006.66
1359	6939.42
1360	6874.45
1361	6813.61
1362	6758.32
1363	6709.04
1364	6665.58
1365	6627.65
1366	6594.95
1367	6567.12
1368	6543.23
1369	6520.54
1370	6494.46
1371	6459.86
1372	6411.53
1373	6344.34
1374	6253.95
1375	6139.78
1376	6007.06
1377	5863.57
1378	5717.45
1379	5576.82
1380	5449.51
1381	5341.05
1382	5251.81
1383	5178.87
1384	5118.60
1385	5067.33
1386	5021.51
1387	4978.72
1388	4940.14
1389	4910.35
1390	4894.94
1391	4899.58
1392	4929.87
1393	4990.39
1394	5081.29
1395	5196.64
1396	5328.07
1397	5466.90
1398	5604.48
1399	5732.61
1400	5845.78
1401	5943.73
1402	6029.01
1403	6104.67
1404	6173.79
1405	6239.48
1406	6305.04
1407	6374.22
1408	6451.17
1409	6540.10
1410	6645.23
1411	6770.75
1412	6920.58
1413	7097.67
1414	7304.03
1415	7541.37
1416	7811.37
1417	8115.73
1418	8456.52
1419	8837.30
1420	9263.62
1421	9741.83
1422	10278.38
1423	10879.71
1424	11552.85
1425	12307.55
1426	13158.45
1427	14122.47
1428	15216.96
1429	16459.17
1430	17864.26
1431	19433.62
1432	21138.88
1433	22933.67
1434	24768.00
1435	26591.68
1436	28354.98
1437	30011.62
1438	31524.40
1439	32862.85
1440	33998.17
1441	34901.70
1442	35545.59
1443	35911.29
1444	36008.04
1445	35870.42
1446	35540.36
1447	35060.29
1448	34472.45
1449	33816.21
1450	33121.15
1451	32406.21
1452	31686.78
1453	30977.98
1454	30294.67
1455	29648.29
1456	29036.95
1457	28441.89
1458	27838.08
1459	27199.82
1460	26501.55
1461	25721.25
1462	24852.23
1463	23909.74
1464	22918.12
1465	21902.84
1466	20889.35
1467	19901.36
1468	18954.32
1469	18050.52
1470	17186.35
1471	16357.33
1472	15558.99
1473	14787.34
1474	14041.04
1475	13323.28
1476	12639.42
1477	11995.19
1478	11396.29
1479	10847.73
1480	10350.75
1481	9899.63
1482	9485.16
1483	9097.51
1484	8726.88
1485	8364.21
1486	8004.71
1487	7651.73
1488	7312.86
1489	6996.49
1490	6710.97
1491	6463.90
1492	6258.38
1493	6088.84
1494	5945.13
1495	5816.21
1496	5691.08
1497	5559.41
1498	5414.82
1499	5258.53
1500	5095.78
1501	4932.54
1502	4774.79
1503	4628.11
1504	4495.91
1505	4377.49
1506	4270.05
1507	4170.41
1508	4075.39
1509	3982.07
1510	3888.92
1511	3796.93
1512	3708.32
1513	3625.49
1514	3550.87
1515	3486.59
1516	3433.38
1517	3389.62
1518	3352.63
1519	3319.54
1520	3287.49
1521	3253.74
1522	3216.17
1523	3173.56
1524	3125.10
1525	3070.01
1526	3007.55
1527	2937.42
1528	2861.08
1529	2782.40
1530	2706.19
1531	2637.36
1532	2580.79
1533	2540.40
1534	2516.74
1535	2506.36
1536	2504.42
1537	2505.93
1538	2505.97
1539	2500.57
1540	2488.67
1541	2472.21
1542	2454.02
1543	2437.00
1544	2423.97
1545	2416.88
1546	2415.23
1547	2416.50
1548	2417.64
1549	2415.57
1550	2407.33
1551	2390.92
1552	2366.63
1553	2336.27
1554	2302.00
1555	2265.99
1556	2230.41
1557	2197.33
1558	2168.66
1559	2146.22
1560	2131.83
1561	2127.26
1562	2133.81
1563	2150.51
1564	2172.93
1565	2195.13
1566	2210.97
1567	2214.40
1568	2200.77
1569	2170.65
1570	2130.68
1571	2089.63
1572	2056.45
1573	2039.88
1574	2046.05
1575	2073.66
1576	2114.94
1577	2160.33
1578	2200.16
1579	2225.27
1580	2230.03
1581	2216.69
1582	2192.46
1583	2165.64
1584	2144.51
1585	2136.46
1586	2144.52
1587	2164.46
1588	2188.70
1589	2209.18
1590	2217.91
1591	2208.68
1592	2181.59
1593	2144.03
1594	2105.88
1595	2077.27
1596	2067.98
1597	2084.54
1598	2124.86
1599	2180.15
1600	2239.89
1601	2293.49
1602	2331.29
1603	2348.70
1604	2350.78
1605	2347.65
1606	2350.34
1607	2369.80
1608	2415.35
1609	2490.11
1610	2589.40
1611	2705.72
1612	2831.26
1613	2958.41
1614	3081.71
1615	3201.32
1616	3321.88
1617	3449.20
1618	3589.11
1619	3747.10
1620	3926.65
1621	4127.67
1622	4348.28
1623	4586.32
1624	4839.66
1625	5107.05
1626	5390.26
1627	5694.36
1628	6025.57
1629	6390.19
1630	6794.40
1631	7243.54
1632	7741.01
1633	8288.95
1634	8889.18
1635	9543.60
1636	10255.27
1637	11032.09
1638	11888.87
1639	12843.12
1640	13912.74
1641	15115.40
1642	16466.87
1643	17977.66
1644	19654.16
1645	21501.66
1646	23525.21
1647	25725.74
1648	28084.37
1649	30549.80
1650	33055.98
1651	35534.67
1652	37917.06
1653	40129.95
1654	42087.04
1655	43690.50
1656	44839.20
1657	45432.29
1658	45379.24
1659	44642.58
1660	43276.65
1661	41380.05
1662	39058.42
1663	36417.44
1664	33560.54
1665	30584.23
1666	27578.87
1667	24633.02
1668	21834.86
1669	19266.83
1670	16982.65
1671	14987.62
1672	13264.25
1673	11791.50
1674	10548.01
1675	9510.41
1676	8649.78
1677	7932.52
1678	7323.77
1679	6788.73
1680	6295.54
1681	5825.57
1682	5380.08
1683	4968.84
1684	4602.76
1685	4292.19
1686	4042.68
1687	3847.84
1688	3692.77
1689	3560.56
1690	3434.37
1691	3299.93
1692	3152.84
1693	3000.77
1694	2855.75
1695	2730.25
1696	2635.90
1697	2579.10
1698	2555.78
1699	2555.99
1700	2568.67
1701	2582.89
1702	2589.53
1703	2584.95
1704	2570.46
1705	2548.81
1706	2522.86
1707	2495.58
1708	2470.39
1709	2451.42
1710	2443.07
1711	2449.74
1712	2475.56
1713	2522.54
1714	2588.02
1715	2666.49
1716	2751.82
1717	2837.98
1718	2920.43
1719	2999.22
1720	3078.76
1721	3164.76
1722	3263.02
1723	3379.12
1724	3517.72
1725	3682.21
1726	3875.43
1727	4100.13
1728	4358.65
1729	4650.75
1730	4970.94
1731	5310.75
1732	5661.16
1733	6013.24
1734	6359.38
1735	6695.56
1736	7020.65
1737	7334.28
1738	7636.03
1739	7924.37
1740	8193.74
1741	8434.03
1742	8633.57
1743	8780.58
1744	8864.09
1745	8876.88
1746	8817.54
1747	8687.19
1748	8487.35
1749	8219.98
1750	7889.77
1751	7506.94
1752	7084.85
1753	6637.45
1754	6178.59
1755	5721.05
1756	5274.92
1757	4848.29
1758	4448.77
1759	4083.78
1760	3758.76
1761	3473.19
1762	3220.86
1763	2993.91
1764	2784.41
1765	2585.69
1766	2395.68
1767	2217.75
1768	2057.18
1769	1919.41
1770	1808.98
1771	1726.58
1772	1667.30
1773	1623.90
1774	1588.88
1775	1555.28
1776	1519.11
1777	1481.44
1778	1445.77
1779	1415.98
1780	1395.66
1781	1386.59
1782	1386.91
1783	1392.74
1784	1399.84
1785	1404.14
1786	1402.70
1787	1395.22
1788	1383.00
1789	1367.71
1790	1350.98
1791	1333.94
1792	1316.56
1793	1297.96
1794	1277.11
1795	1253.00
1796	1225.30
1797	1195.41
1798	1166.06
1799	1140.32
1800	1121.19
1801	1111.12
1802	1110.89
1803	1119.94
1804	1137.32
1805	1162.03
1806	1192.27
1807	1224.10
1808	1251.69
1809	1268.73
1810	1269.07
1811	1249.13
1812	1212.72
1813	1170.24
1814	1133.90
1815	1115.70
1816	1124.16
1817	1157.51
1818	1204.88
1819	1252.87
1820	1288.19
1821	1300.65
1822	1288.96
1823	1259.57
1824	1221.06
1825	1182.00
1826	1149.63
1827	1127.42
1828	1115.73
1829	1114.09
1830	1121.89
1831	1137.94
1832	1159.36
1833	1182.06
1834	1201.60
1835	1213.66
1836	1215.03
1837	1205.21
1838	1185.61
1839	1158.10
1840	1124.67
1841	1087.91
1842	1051.75
1843	1021.03
1844	1000.73
1845	995.47
1846	1007.56
1847	1034.69
1848	1071.95
1849	1113.96
1850	1155.44
1851	1191.76
1852	1219.49
1853	1235.72
1854	1237.71
1855	1223.42
1856	1193.97
1857	1155.16
1858	1114.71
1859	1080.54
1860	1059.01
1861	1050.75
1862	1049.48
1863	1046.49
1864	1033.01
1865	1003.06
1866	959.34
1867	912.90
1868	877.29
1869	865.65
1870	886.24
1871	934.66
1872	996.96
1873	1056.92
1874	1099.12
1875	1114.25
1876	1105.60
1877	1083.76
1878	1060.71
1879	1047.37
1880	1049.47
1881	1064.47
1882	1086.19
1883	1107.95
1884	1124.09
1885	1132.76
1886	1136.47
1887	1139.29
1888	1145.27
1889	1157.03
1890	1173.11
1891	1188.69
1892	1198.06
1893	1195.82
1894	1178.80
1895	1148.62
1896	1109.63
1897	1066.75
1898	1024.71
1899	987.42
1900	957.58
1901	937.38
1902	928.86
1903	933.15
1904	948.48
1905	970.26
1906	993.00
1907	1011.44
1908	1022.12
1909	1025.74
1910	1025.65
1911	1025.78
1912	1029.62
1913	1038.76
1914	1051.82
1915	1066.17
1916	1079.05
1917	1088.36
1918	1093.88
1919	1097.29
1920	1100.75
1921	1106.28
1922	1114.47
1923	1122.98
1924	1127.76
1925	1124.48
1926	1109.88
1927	1084.86
1928	1055.65
1929	1030.52
1930	1017.59
1931	1022.34
1932	1043.30
1933	1073.84
1934	1106.07
1935	1132.80
1936	1150.13
1937	1159.47
1938	1164.57
1939	1169.37
1940	1176.46
1941	1184.41
1942	1188.25
1943	1182.05
1944	1160.65
1945	1123.15
1946	1076.26
1947	1030.36
1948	996.30
1949	982.53
1950	990.20
1951	1013.46
1952	1044.42
1953	1075.41
1954	1100.86
1955	1119.02
1956	1130.08
1957	1134.55
1958	1133.05
1959	1126.40
1960	1115.68
1961	1102.01
1962	1086.61
1963	1071.11
1964	1057.82
1965	1049.43
1966	1048.53
1967	1056.85
1968	1073.45
1969	1095.23
1970	1118.46
1971	1139.36
1972	1154.09
1973	1158.67
1974	1149.10
1975	1121.88
1976	1077.36
1977	1025.28
1978	981.91
1979	964.75
1980	987.11
1981	1046.60
1982	1122.43
1983	1187.40
1984	1215.86
1985	1194.57
1986	1134.09
1987	1057.57
1988	989.91
1989	950.92
1990	945.69
1991	966.92
1992	1003.97
1993	1046.66
1994	1087.75
1995	1123.83
1996	1153.01
1997	1173.54
1998	1183.41
1999	1180.09
2000	1160.80
2001	1122.92
2002	1066.45
2003	998.58
2004	932.59
2005	883.25
2006	862.62
2007	872.12
2008	899.91
2009	929.38
2010	945.01
2011	939.69
2012	921.36
2013	905.31
2014	907.15
2015	935.55
2016	982.46
2017	1028.42
2018	1051.95
2019	1037.31
2020	987.07
2021	920.94
2022	863.55
2023	836.32
2024	846.97
2025	885.77
2026	936.49
2027	983.23
2028	1015.08
2029	1029.60
2030	1028.24
2031	1013.39
2032	989.29
2033	964.09
2034	948.20
2035	951.89
2036	980.61
2037	1027.49
2038	1076.59
2039	1110.14
2040	1114.27
2041	1087.04
2042	1037.38
2043	977.31
2044	919.06
2045	874.71
2046	856.23
2047	875.26
2048	938.94
2049	1036.57
2050	1134.43
2051	1190.45
2052	1168.36
2053	1061.78
2054	908.96
2055	766.73
2056	689.00
2057	702.84
2058	790.27
2059	912.46
2060	1029.52
2061	1113.29
2062	1157.32
2063	1166.21
2064	1146.74
2065	1107.82
2066	1062.29
2067	1025.07
2068	1010.41
2069	1025.73
2070	1064.53
2071	1112.35
2072	1153.74
2073	1176.41
2074	1174.93
2075	1147.94
2076	1095.60
2077	1023.00
2078	945.54
2079	884.65
2080	861.16
2081	884.55
2082	940.41
2083	1000.55
2084	1036.15
2085	1031.09
2086	995.17
2087	952.69
2088	928.88
2089	938.61
2090	976.58
2091	1026.84
2092	1072.69
2093	1103.57
2094	1119.97
2095	1127.82
2096	1133.33
2097	1139.85
2098	1146.04
2099	1148.49
2100	1143.95
2101	1131.34
2102	1112.58
2103	1090.82
2104	1068.87
2105	1047.60
2106	1025.58
2107	1000.59
2108	971.88
2109	943.64
2110	925.19
2111	926.98
2112	954.71
2113	1000.25
2114	1043.81
2115	1063.58
2116	1046.59
2117	1001.55
2118	951.88
2119	922.55
2120	928.43
2121	964.12
2122	1013.36
2123	1059.24
2124	1090.96
2125	1107.21
2126	1110.80
2127	1105.26
2128	1094.83
2129	1084.51
2130	1079.35
2131	1082.68
2132	1092.72
2133	1103.46
2134	1108.20
2135	1103.53
2136	1093.34
2137	1085.96
2138	1089.36
2139	1105.67
2140	1127.63
2141	1143.99
2142	1145.18
2143	1129.48
2144	1103.75
2145	1077.58
2146	1059.82
2147	1056.72
2148	1072.59
2149	1109.78
2150	1162.85
2151	1212.46
2152	1232.93
2153	1203.87
2154	1127.96
2155	1034.41
2156	960.07
2157	930.33
2158	939.64
2159	960.32
2160	962.51
2161	931.61
2162	878.45
2163	825.29
2164	792.80
2165	791.23
2166	820.38
2167	876.31
2168	951.45
2169	1031.13
2170	1096.66
2171	1131.35
2172	1128.95
2173	1096.23
2174	1044.72
2175	986.51
2176	933.93
2177	899.30
2178	892.52
2179	913.10
2180	945.88
2181	970.49
2182	972.35
2183	953.83
2184	930.10
2185	917.33
2186	922.35
2187	937.87
2188	951.07
2189	951.73
2190	938.40
2191	916.29
2192	891.85
2193	869.86
2194	852.60
2195	841.24
2196	835.80
2197	833.84
2198	831.31
2199	824.99
2200	816.36
2201	812.66
2202	822.34
2203	848.38
2204	881.96
2205	907.78
2206	914.03
2207	904.19
2208	896.64
2209	910.92
2210	950.19
2211	990.42
2212	997.01
2213	948.35
2214	859.73
2215	772.37
2216	726.39
2217	735.94
2218	785.24
2219	849.45
2220	909.17
2221	956.29
2222	988.21
2223	1003.45
2224	1001.12
2225	980.83
2226	943.84
2227	896.74
2228	851.76
2229	821.73
2230	813.63
2231	824.95
2232	849.06
2233	878.83
2234	907.30
2235	927.89
2236	936.22
2237	934.19
2238	928.71
2239	926.34
2240	927.37
2241	924.95
2242	911.09
2243	883.38
2244	848.17
2245	815.15
2246	792.09
2247	782.18
2248	786.05
2249	803.23
2250	831.70
2251	868.11
2252	906.37
2253	933.27
2254	930.30
2255	884.88
2256	808.62
2257	737.19
2258	706.48
2259	725.41
2260	770.08
2261	808.61
2262	823.85
2263	820.67
2264	810.99
2265	799.28
2266	776.75
2267	731.52
2268	665.59
2269	606.37
2270	589.95
2271	633.81
2272	716.91
2273	800.55
2274	856.28
2275	882.83
2276	893.40
2277	901.06
2278	912.96
2279	932.22
2280	957.03
2281	976.78
2282	977.25
2283	952.13
2284	913.25
2285	880.80
2286	864.70
2287	850.55
2288	813.40
2289	742.67
2290	659.75
2291	599.53
2292	581.64
2293	593.55
2294	610.31
2295	621.44
2296	643.70
2297	699.52
2298	783.64
2299	849.19
2300	844.89
2301	767.00
2302	672.63
2303	625.95
2304	640.91
2305	677.25
2306	690.16
2307	672.20
2308	648.73
2309	645.58
2310	666.94
2311	702.07
2312	741.34
2313	784.67
2314	834.92
2315	883.72
2316	903.64
2317	868.45
2318	788.66
2319	719.31
2320	712.56
2321	764.01
2322	819.87
2323	834.31
2324	813.40
2325	794.11
2326	801.94
2327	830.45
2328	861.03
2329	884.46
2330	904.85
2331	925.36
2332	933.75
2333	908.47
2334	845.01
2335	777.64
2336	751.70
2337	777.07
2338	815.40
2339	825.28
2340	805.95
2341	787.95
2342	794.67
2343	820.57
2344	846.88
2345	858.17
2346	845.86
2347	805.96
2348	740.49
2349	658.76
2350	585.99
2351	566.45
2352	629.37
2353	741.11
2354	825.45
2355	835.04
2356	790.01
2357	732.82
2358	683.76
2359	640.81
2360	602.13
2361	576.89
2362	573.81
2363	584.36
2364	587.54
2365	577.05
2366	577.26
2367	614.05
2368	677.90
2369	733.31
2370	760.22
2371	772.24
2372	788.30
2373	805.85
2374	808.43
2375	785.07
2376	737.40
2377	680.75
2378	648.48
2379	667.66
2380	718.44
2381	746.43
2382	723.53
2383	674.72
2384	640.67
2385	649.70
2386	710.20
2387	794.39
2388	850.37
2389	849.37
2390	805.48
2391	745.04
2392	685.89
2393	639.47
2394	613.88
2395	611.32
2396	618.97
2397	613.56
2398	591.66
2399	582.94
2400	610.34
2401	656.53
2402	690.99
2403	703.72
2404	699.18
2405	678.44
2406	645.96
2407	639.35
2408	712.45
2409	834.16
2410	868.38
2411	767.46
2412	683.08
2413	728.09
2414	779.68
2415	702.95
2416	596.23
2417	619.25
2418	744.46
2419	838.40
2420	833.39
2421	745.91
2422	651.56
2423	632.64
2424	701.32
2425	804.70
2426	867.73
2427	837.80
2428	743.40
2429	663.79
2430	646.51
2431	684.15
2432	716.75
2433	691.25
2434	646.82
2435	646.81
2436	662.65
2437	644.51
2438	625.91
2439	635.31
2440	607.94
2441	519.69
2442	475.41
2443	540.82
2444	655.35
2445	747.30
2446	786.75
2447	759.85
2448	681.70
2449	628.69
2450	643.43
