150	3082.13
151	3099.54
152	3129.90
153	3170.01
154	3217.11
155	3268.49
156	3321.41
157	3373.14
158	3420.96
159	3462.19
160	3494.58
161	3517.44
162	3531.68
163	3538.70
164	3539.94
165	3536.85
166	3530.89
167	3523.51
168	3516.13
169	3510.04
170	3505.90
171	3503.79
172	3503.53
173	3504.96
174	3507.91
175	3512.19
176	3517.65
177	3524.09
178	3531.40
179	3539.55
180	3548.68
181	3558.96
182	3570.57
183	3583.68
184	3598.48
185	3615.15
186	3633.85
187	3654.70
188	3677.53
189	3701.95
190	3727.42
191	3753.43
192	3779.47
193	3805.01
194	3829.54
195	3852.53
196	3873.56
197	3892.44
198	3909.27
199	3924.26
200	3937.61
201	3949.51
202	3960.17
203	3969.79
204	3978.57
205	3986.66
206	3993.97
207	4000.26
208	4005.18
209	4008.40
210	4009.57
211	4008.37
212	4004.46
213	3997.51
214	3987.45
215	3974.96
216	3961.42
217	3948.43
218	3937.62
219	3930.60
220	3928.99
221	3934.40
222	3948.41
223	3972.02
224	4004.72
225	4044.60
226	4089.39
227	4136.79
228	4184.52
229	4230.26
230	4271.73
231	4306.70
232	4333.56
233	4352.36
234	4364.42
235	4371.37
236	4374.87
237	4376.57
238	4378.14
239	4381.23
240	4387.42
241	4397.70
242	4411.74
243	4428.26
244	4445.78
245	4462.81
246	4477.86
247	4489.45
248	4496.10
249	4496.45
250	4490.02
251	4478.08
252	4462.95
253	4447.14
254	4433.17
255	4423.56
256	4420.83
257	4427.49
258	4445.79
259	4476.66
260	4518.64
261	4569.15
262	4625.40
263	4684.59
264	4743.93
265	4800.63
266	4851.91
267	4895.21
268	4929.03
269	4953.29
270	4968.57
271	4975.50
272	4974.73
273	4966.88
274	4952.62
275	4932.58
276	4907.53
277	4878.65
278	4847.59
279	4816.19
280	4786.26
281	4759.65
282	4738.21
283	4723.76
284	4718.09
285	4722.42
286	4736.30
287	4757.78
288	4784.48
289	4814.01
290	4843.94
291	4871.89
292	4895.43
293	4912.27
294	4920.90
295	4921.67
296	4916.23
297	4906.50
298	4894.44
299	4882.00
300	4871.12
301	4863.75
302	4861.67
303	4865.76
304	4875.22
305	4888.38
306	4903.44
307	4918.56
308	4931.94
309	4941.74
310	4946.17
311	4943.65
312	4933.65
313	4917.03
314	4895.21
315	4869.68
316	4841.92
317	4813.42
318	4785.68
319	4760.16
320	4738.12
321	4720.14
322	4706.14
323	4695.84
324	4688.95
325	4685.16
326	4684.18
327	4685.70
328	4689.44
329	4695.05
330	4702.12
331	4710.18
332	4718.76
333	4727.38
334	4735.56
335	4742.83
336	4748.70
337	4752.75
338	4754.83
339	4755.23
340	4754.48
341	4753.11
342	4751.69
343	4750.76
344	4750.88
345	4752.58
346	4756.25
347	4761.71
348	4768.16
349	4774.56
350	4779.87
351	4783.02
352	4782.96
353	4778.65
354	4769.11
355	4753.96
356	4734.33
357	4712.52
358	4691.09
359	4672.61
360	4659.67
361	4654.83
362	4660.66
363	4679.37
364	4711.45
365	4754.27
366	4803.76
367	4855.59
368	4905.44
369	4948.96
370	4981.84
371	4999.80
372	4999.55
373	4981.12
374	4948.15
375	4905.49
376	4858.08
377	4810.91
378	4768.91
379	4737.04
380	4720.01
381	4720.74
382	4737.98
383	4767.71
384	4805.31
385	4846.12
386	4885.47
387	4918.71
388	4941.20
389	4948.92
390	4940.42
391	4918.12
392	4885.98
393	4848.19
394	4808.94
395	4772.43
396	4742.85
397	4724.30
398	4719.94
399	4730.22
400	4753.35
401	4786.89
402	4828.39
403	4875.37
404	4925.37
405	4975.92
406	5024.67
407	5069.81
408	5110.54
409	5146.54
410	5177.57
411	5203.40
412	5223.80
413	5238.52
414	5247.34
415	5250.10
416	5246.91
417	5238.07
418	5224.00
419	5205.10
420	5181.79
421	5154.46
422	5123.54
423	5089.48
424	5053.14
425	5016.04
426	4980.11
427	4947.35
428	4919.78
429	4899.37
430	4888.15
431	4888.08
432	4900.65
433	4925.78
434	4961.70
435	5006.10
436	5056.59
437	5110.81
438	5166.40
439	5220.97
440	5272.26
441	5318.50
442	5358.97
443	5393.55
444	5422.21
445	5444.94
446	5461.72
447	5472.54
448	5477.38
449	5476.34
450	5469.82
451	5458.55
452	5443.40
453	5425.22
454	5404.86
455	5383.17
456	5361.03
457	5339.25
458	5318.62
459	5299.73
460	5283.10
461	5269.24
462	5258.66
463	5251.87
464	5249.37
465	5251.65
466	5258.98
467	5270.97
468	5286.64
469	5304.80
470	5324.25
471	5343.81
472	5362.28
473	5378.48
474	5391.33
475	5400.38
476	5406.12
477	5409.49
478	5411.51
479	5413.19
480	5415.55
481	5419.60
482	5426.31
483	5436.28
484	5449.12
485	5463.71
486	5478.71
487	5492.82
488	5504.69
489	5513.00
490	5516.43
491	5513.97
492	5505.75
493	5493.36
494	5478.98
495	5464.81
496	5453.09
497	5446.04
498	5445.87
499	5454.62
500	5473.25
501	5500.43
502	5533.57
503	5569.82
504	5606.30
505	5640.16
506	5668.52
507	5688.59
508	5698.10
509	5696.54
510	5684.93
511	5664.78
512	5637.61
513	5604.95
514	5568.32
515	5529.25
516	5489.26
517	5449.82
518	5412.30
519	5378.08
520	5348.52
521	5324.96
522	5308.77
523	5301.31
524	5303.75
525	5316.22
526	5336.56
527	5361.22
528	5386.36
529	5408.15
530	5422.76
531	5426.34
532	5415.17
533	5386.73
534	5342.09
535	5285.52
536	5222.26
537	5157.57
538	5096.73
539	5045.03
540	5007.70
541	4989.19
542	4990.75
543	5009.42
544	5040.63
545	5079.57
546	5121.48
547	5161.56
548	5195.03
549	5217.44
550	5225.98
551	5221.04
552	5204.67
553	5179.21
554	5146.98
555	5110.33
556	5071.62
557	5033.15
558	4996.96
559	4964.44
560	4936.49
561	4913.90
562	4897.44
563	4887.91
564	4886.08
565	4892.70
566	4908.21
567	4932.04
568	4962.59
569	4997.95
570	5036.19
571	5075.38
572	5113.59
573	5148.90
574	5179.73
575	5205.81
576	5228.69
577	5250.55
578	5273.70
579	5300.44
580	5333.05
581	5373.83
582	5424.73
583	5486.07
584	5555.28
585	5628.38
586	5701.18
587	5769.48
588	5829.08
589	5875.77
590	5905.64
591	5916.56
592	5910.35
593	5891.23
594	5863.90
595	5833.10
596	5803.57
597	5780.03
598	5767.05
599	5767.72
600	5781.26
601	5803.96
602	5831.38
603	5858.99
604	5882.32
605	5896.85
606	5898.18
607	5882.94
608	5850.92
609	5804.89
610	5748.51
611	5685.49
612	5619.57
613	5554.46
614	5493.85
615	5440.83
616	5396.40
617	5359.22
618	5327.14
619	5297.91
620	5269.32
621	5239.12
622	5205.10
623	5165.42
624	5119.71
625	5069.58
626	5017.38
627	4965.58
628	4916.62
629	4872.95
630	4837.02
631	4810.96
632	4795.45
633	4789.01
634	4789.21
635	4793.48
636	4799.28
637	4804.02
638	4805.16
639	4800.40
640	4788.65
641	4770.96
642	4749.34
643	4726.00
644	4703.12
645	4682.90
646	4667.53
647	4659.01
648	4658.32
649	4664.57
650	4675.86
651	4690.15
652	4705.37
653	4719.47
654	4730.40
655	4736.26
656	4736.04
657	4730.55
658	4721.54
659	4710.99
660	4700.85
661	4693.10
662	4689.68
663	4692.43
664	4702.34
665	4718.72
666	4739.86
667	4763.89
668	4788.92
669	4813.05
670	4834.40
671	4851.22
672	4862.68
673	4869.84
674	4874.90
675	4880.28
676	4888.40
677	4901.70
678	4922.60
679	4953.38
680	4995.34
681	5047.72
682	5108.58
683	5175.68
684	5246.81
685	5319.75
686	5392.28
687	5462.31
688	5528.53
689	5591.26
690	5651.79
691	5711.58
692	5772.10
693	5834.84
694	5901.27
695	5972.79
696	6050.48
697	6134.69
698	6225.39
699	6322.46
700	6425.78
701	6535.25
702	6650.74
703	6772.06
704	6898.56
705	7028.77
706	7160.76
707	7292.53
708	7422.07
709	7547.37
710	7666.42
711	7777.38
712	7879.10
713	7971.74
714	8056.08
715	8133.00
716	8203.38
717	8268.12
718	8328.10
719	8384.02
720	8435.80
721	8482.07
722	8520.92
723	8550.33
724	8568.31
725	8572.84
726	8561.95
727	8534.03
728	8489.19
729	8429.88
730	8359.46
731	8281.44
732	8199.33
733	8116.62
734	8036.79
735	7962.80
736	7895.80
737	7834.69
738	7777.62
739	7722.63
740	7667.78
741	7611.12
742	7550.75
743	7485.45
744	7416.13
745	7345.84
746	7278.31
747	7217.31
748	7166.63
749	7130.05
750	7111.22
751	7112.63
752	7133.59
753	7170.75
754	7220.06
755	7277.44
756	7338.81
757	7400.07
758	7457.29
759	7507.39
760	7549.42
761	7583.82
762	7611.31
763	7632.65
764	7648.58
765	7659.86
766	7667.17
767	7670.93
768	7670.96
769	7666.82
770	7658.01
771	7644.02
772	7624.34
773	7598.48
774	7566.19
775	7528.18
776	7486.67
777	7444.48
778	7404.51
779	7369.66
780	7342.83
781	7326.90
782	7324.45
783	7336.95
784	7364.66
785	7407.47
786	7465.20
787	7537.69
788	7624.77
789	7726.24
790	7841.44
791	7968.58
792	8104.93
793	8247.49
794	8393.28
795	8539.28
796	8682.52
797	8820.21
798	8950.85
799	9075.66
800	9197.39
801	9319.13
802	9443.96
803	9574.97
804	9715.25
805	9867.55
806	10033.31
807	10211.94
808	10401.97
809	10601.84
810	10809.96
811	11024.78
812	11244.78
813	11469.48
814	11701.65
815	11947.48
816	12214.21
817	12509.15
818	12839.64
819	13213.00
820	13636.06
821	14112.09
822	14635.66
823	15195.43
824	15778.65
825	16372.53
826	16964.26
827	17541.06
828	18090.96
829	18605.78
830	19083.71
831	19525.90
832	19933.95
833	20309.47
834	20654.09
835	20969.39
836	21256.56
837	21515.43
838	21744.37
839	21941.29
840	22104.05
841	22230.50
842	22318.52
843	22366.30
844	22374.53
845	22349.69
846	22302.16
847	22243.22
848	22184.15
849	22136.27
850	22110.82
851	22118.03
852	22163.42
853	22245.42
854	22359.36
855	22500.19
856	22662.81
857	22842.16
858	23033.14
859	23230.79
860	23430.38
861	23627.46
862	23817.65
863	23996.56
864	24159.81
865	24303.04
866	24421.98
867	24513.12
868	24574.36
869	24604.37
870	24601.97
871	24565.95
872	24495.13
873	24388.39
874	24245.50
875	24069.40
876	23866.64
877	23644.95
878	23412.22
879	23176.33
880	22945.12
881	22726.10
882	22524.19
883	22338.58
884	22164.81
885	21997.64
886	21831.79
887	21662.00
888	21483.06
889	21291.04
890	21087.00
891	20878.39
892	20675.05
893	20487.09
894	20324.65
895	20197.83
896	20116.24
897	20085.75
898	20103.22
899	20159.34
900	20243.39
901	20344.57
902	20452.08
903	20555.19
904	20644.18
905	20713.44
906	20762.84
907	20794.33
908	20810.17
909	20812.56
910	20803.76
911	20785.86
912	20760.12
913	20725.79
914	20680.65
915	20622.25
916	20548.07
917	20455.62
918	20342.45
919	20207.05
920	20051.60
921	19882.87
922	19709.36
923	19539.73
924	19382.68
925	19246.87
926	19140.53
927	19068.93
928	19030.81
929	19020.87
930	19032.97
931	19060.96
932	19098.65
933	19139.93
934	19179.32
935	19213.62
936	19242.10
937	19264.85
938	19282.03
939	19293.80
940	19300.32
941	19301.75
942	19298.20
943	19289.71
944	19276.24
945	19257.78
946	19234.29
947	19205.77
948	19172.25
949	19134.50
950	19095.35
951	19059.43
952	19031.86
953	19017.77
954	19022.32
955	19050.62
956	19106.89
957	19191.61
958	19299.87
959	19424.56
960	19558.28
961	19693.62
962	19823.18
963	19939.72
964	20037.04
965	20111.31
966	20160.22
967	20181.73
968	20173.82
969	20134.49
970	20061.74
971	19953.57
972	19808.12
973	19623.61
974	19398.29
975	19130.42
976	18818.25
977	18460.08
978	18055.24
979	17607.71
980	17128.59
981	16632.11
982	16132.90
983	15645.63
984	15184.92
985	14764.86
986	14395.68
987	14079.00
988	13811.05
989	13586.93
990	13401.65
991	13250.25
992	13127.82
993	13029.94
994	12953.83
995	12898.19
996	12862.12
997	12844.78
998	12845.33
999	12862.93
1000	12896.69
1001	12945.62
1002	13008.55
1003	13084.23
1004	13171.44
1005	13268.92
1006	13375.43
1007	13489.76
1008	13610.83
1009	13737.84
1010	13870.12
1011	14007.02
1012	14147.91
1013	14292.13
1014	14438.97
1015	14587.03
1016	14733.30
1017	14873.61
1018	15003.50
1019	15118.53
1020	15214.23
1021	15286.27
1022	15331.70
1023	15351.94
1024	15352.62
1025	15340.62
1026	15322.91
1027	15306.46
1028	15298.20
1029	15304.01
1030	15325.85
1031	15360.58
1032	15403.21
1033	15448.53
1034	15491.31
1035	15526.37
1036	15549.00
1037	15556.95
1038	15551.91
1039	15537.40
1040	15517.25
1041	15495.26
1042	15475.25
1043	15461.05
1044	15456.55
1045	15465.79
1046	15492.91
1047	15542.02
1048	15617.28
1049	15722.81
1050	15862.66
1051	16040.12
1052	16256.69
1053	16512.65
1054	16807.95
1055	17142.55
1056	17516.40
1057	17929.22
1058	18378.46
1059	18855.21
1060	19345.21
1061	19832.72
1062	20301.96
1063	20737.13
1064	21122.72
1065	21446.81
1066	21709.02
1067	21920.41
1068	22095.57
1069	22249.37
1070	22396.70
1071	22552.23
1072	22727.92
1073	22925.91
1074	23137.00
1075	23348.13
1076	23545.84
1077	23716.68
1078	23847.25
1079	23925.68
1080	23945.90
1081	23909.48
1082	23820.86
1083	23684.82
1084	23506.15
1085	23289.60
1086	23039.67
1087	22759.66
1088	22451.12
1089	22114.92
1090	21751.83
1091	21362.60
1092	20948.04
1093	20509.51
1094	20051.05
1095	19580.85
1096	19108.88
1097	18645.38
1098	18200.59
1099	17784.71
1100	17406.97
1101	17071.78
1102	16775.72
1103	16511.82
1104	16272.54
1105	16050.35
1106	15837.71
1107	15627.56
1108	15415.09
1109	15199.31
1110	14981.06
1111	14761.42
1112	14541.51
1113	14322.41
1114	14104.94
1115	13888.46
1116	13669.85
1117	13444.83
1118	13208.95
1119	12957.72
1120	12686.71
1121	12392.18
1122	12073.99
1123	11737.93
1124	11392.66
1125	11047.23
1126	10710.73
1127	10392.21
1128	10099.94
1129	9838.33
1130	9605.61
1131	9397.13
1132	9207.86
1133	9032.71
1134	8866.65
1135	8705.10
1136	8545.74
1137	8389.65
1138	8239.40
1139	8097.79
1140	7967.59
1141	7851.60
1142	7752.17
1143	7670.03
1144	7603.47
1145	7549.84
1146	7506.35
1147	7470.21
1148	7438.63
1149	7409.05
1150	7379.77
1151	7350.19
1152	7320.12
1153	7289.41
1154	7257.93
1155	7225.55
1156	7192.37
1157	7159.23
1158	7127.87
1159	7100.31
1160	7078.59
1161	7064.78
1162	7060.86
1163	7068.16
1164	7085.85
1165	7111.01
1166	7140.08
1167	7169.45
1168	7195.50
1169	7214.71
1170	7224.44
1171	7224.45
1172	7216.52
1173	7202.98
1174	7186.15
1175	7168.40
1176	7152.04
1177	7139.21
1178	7131.59
1179	7130.55
1180	7137.40
1181	7153.43
1182	7179.94
1183	7218.00
1184	7267.34
1185	7325.00
1186	7386.55
1187	7447.28
1188	7502.46
1189	7547.38
1190	7577.85
1191	7592.11
1192	7592.30
1193	7582.34
1194	7566.38
1195	7548.61
1196	7533.18
1197	7523.73
1198	7522.03
1199	7527.47
1200	7538.58
1201	7553.81
1202	7571.58
1203	7590.38
1204	7609.26
1205	7628.96
1206	7651.86
1207	7680.77
1208	7718.57
1209	7768.10
1210	7832.08
1211	7911.92
1212	8005.95
1213	8110.39
1214	8220.96
1215	8333.34
1216	8443.23
1217	8546.68
1218	8641.44
1219	8728.47
1220	8810.36
1221	8889.96
1222	8970.13
1223	9053.73
1224	9143.33
1225	9240.40
1226	9344.98
1227	9456.56
1228	9574.58
1229	9698.45
1230	9827.68
1231	9962.53
1232	10105.47
1233	10261.01
1234	10434.22
1235	10630.22
1236	10854.11
1237	11110.79
1238	11403.85
1239	11734.00
1240	12100.18
1241	12501.01
1242	12935.05
1243	13400.92
1244	13897.64
1245	14426.12
1246	14990.07
1247	15594.35
1248	16244.01
1249	16944.07
1250	17699.29
1251	18511.30
1252	19371.94
1253	20263.76
1254	21166.52
1255	22059.75
1256	22923.03
1257	23736.63
1258	24485.60
1259	25165.22
1260	25776.99
1261	26323.65
1262	26807.98
1263	27232.75
1264	27599.69
1265	27906.35
1266	28144.57
1267	28303.88
1268	28373.54
1269	28342.82
1270	28201.53
1271	27944.42
1272	27580.27
1273	27129.32
1274	26614.95
1275	26060.69
1276	25490.06
1277	24925.52
1278	24384.01
1279	23872.58
1280	23393.33
1281	22947.55
1282	22536.51
1283	22161.61
1284	21825.88
1285	21537.94
1286	21312.13
1287	21164.67
1288	21111.91
1289	21170.18
1290	21354.42
1291	21670.79
1292	22106.91
1293	22639.48
1294	23243.02
1295	23891.95
1296	24560.72
1297	25224.34
1298	25859.84
1299	26446.64
1300	26965.05
1301	27395.47
1302	27718.32
1303	27914.74
1304	27971.02
1305	27885.28
1306	27663.19
1307	27312.10
1308	26839.44
1309	26252.74
1310	25561.36
1311	24781.67
1312	23938.88
1313	23061.49
1314	22178.34
1315	21318.26
1316	20508.81
1317	19768.72
1318	19096.40
1319	18477.07
1320	17893.10
1321	17326.72
1322	16760.33
1323	16178.87
1324	15576.86
1325	14960.40
1326	14339.76
1327	13725.62
1328	13128.67
1329	12559.22
1330	12025.17
1331	11529.21
1332	11070.98
1333	10649.47
1334	10263.63
1335	9912.44
1336	9594.79
1337	9309.41
1338	9054.83
1339	8829.50
1340	8631.89
1341	8460.46
1342	8313.49
1343	8188.57
1344	8081.87
1345	7988.85
1346	7904.88
1347	7825.30
1348	7745.58
1349	7662.23
1350	7574.80
1351	7485.41
1352	7396.85
1353	7312.01
1354	7233.70
1355	7164.32
1356	7104.31
1357	7051.38
1358	7002.08
1359	6952.87
1360	6900.17
1361	6840.69
1362	6772.94
1363	6699.45
1364	6625.28
1365	6556.01
1366	6497.23
1367	6454.41
1368	6431.14
1369	6425.10
1370	6428.05
1371	6429.93
1372	6420.53
1373	6389.69
1374	6328.48
1375	6233.52
1376	6110.08
1377	5967.23
1378	5814.55
1379	5661.64
1380	5517.79
1381	5390.22
1382	5281.41
1383	5190.83
1384	5117.29
1385	5059.58
1386	5016.53
1387	4987.29
1388	4972.14
1389	4972.42
1390	4989.75
1391	5025.80
1392	5082.20
1393	5160.12
1394	5258.73
1395	5374.50
1396	5502.77
1397	5638.77
1398	5777.71
1399	5914.91
1400	6046.29
1401	6168.89
1402	6280.36
1403	6378.46
1404	6460.97
1405	6525.94
1406	6573.64
1407	6610.06
1408	6645.41
1409	6690.92
1410	6757.89
1411	6857.47
1412	6998.97
1413	7185.70
1414	7414.91
1415	7681.97
1416	7982.09
1417	8310.52
1418	8663.61
1419	9042.07
1420	9452.55
1421	9903.98
1422	10405.57
1423	10966.55
1424	11596.71
1425	12308.61
1426	13119.62
1427	14049.47
1428	15118.24
1429	16345.96
1430	17750.28
1431	19333.46
1432	21064.38
1433	22891.81
1434	24760.39
1435	26614.62
1436	28399.59
1437	30065.67
1438	31576.71
1439	32906.74
1440	34032.24
1441	34929.88
1442	35577.03
1443	35958.90
1444	36084.22
1445	35983.16
1446	35692.09
1447	35247.80
1448	34686.95
1449	34044.24
1450	33347.48
1451	32617.07
1452	31870.96
1453	31126.87
1454	30402.32
1455	29711.43
1456	29055.12
1457	28417.69
1458	27777.22
1459	27111.13
1460	26396.96
1461	25615.29
1462	24759.74
1463	23842.73
1464	22884.41
1465	21905.91
1466	20928.33
1467	19971.49
1468	19048.99
1469	18164.55
1470	17317.48
1471	16506.42
1472	15729.98
1473	14986.74
1474	14275.04
1475	13592.82
1476	12937.82
1477	12307.75
1478	11700.33
1479	11113.64
1480	10547.63
1481	10005.66
1482	9492.86
1483	9014.64
1484	8576.42
1485	8183.05
1486	7836.30
1487	7532.03
1488	7263.01
1489	7021.48
1490	6799.65
1491	6590.10
1492	6387.51
1493	6190.62
1494	6000.36
1495	5818.00
1496	5644.88
1497	5482.17
1498	5330.47
1499	5189.12
1500	5056.84
1501	4932.24
1502	4813.91
1503	4700.55
1504	4591.39
1505	4486.63
1506	4387.02
1507	4293.36
1508	4206.47
1509	4126.97
1510	4054.41
1511	3986.44
1512	3919.81
1513	3851.07
1514	3776.81
1515	3694.05
1516	3601.91
1517	3503.06
1518	3401.80
1519	3302.69
1520	3210.26
1521	3128.60
1522	3059.58
1523	3001.80
1524	2952.44
1525	2908.47
1526	2866.90
1527	2825.00
1528	2781.33
1529	2736.09
1530	2690.20
1531	2644.59
1532	2600.24
1533	2558.00
1534	2518.33
1535	2481.24
1536	2446.57
1537	2414.16
1538	2383.85
1539	2355.63
1540	2329.96
1541	2307.77
1542	2290.17
1543	2278.23
1544	2273.00
1545	2275.02
1546	2283.42
1547	2296.16
1548	2310.88
1549	2325.24
1550	2336.91
1551	2344.07
1552	2345.99
1553	2342.69
1554	2334.34
1555	2321.16
1556	2303.38
1557	2281.47
1558	2256.34
1559	2229.15
1560	2201.12
1561	2173.45
1562	2147.31
1563	2123.76
1564	2103.66
1565	2087.78
1566	2076.88
1567	2071.70
1568	2072.64
1569	2078.87
1570	2088.13
1571	2097.64
1572	2104.59
1573	2106.24
1574	2100.66
1575	2088.32
1576	2071.71
1577	2053.90
1578	2038.00
1579	2026.95
1580	2022.59
1581	2024.29
1582	2029.86
1583	2036.77
1584	2042.50
1585	2044.94
1586	2043.92
1587	2042.54
1588	2045.37
1589	2057.25
1590	2082.89
1591	2125.80
1592	2184.99
1593	2254.30
1594	2325.80
1595	2391.40
1596	2443.23
1597	2475.66
1598	2488.92
1599	2487.81
1600	2478.32
1601	2466.50
1602	2458.15
1603	2457.77
1604	2467.34
1605	2487.57
1606	2518.91
1607	2561.78
1608	2616.38
1609	2681.95
1610	2756.55
1611	2837.82
1612	2923.35
1613	3010.86
1614	3099.20
1615	3190.28
1616	3288.43
1617	3398.58
1618	3525.71
1619	3674.32
1620	3846.50
1621	4040.00
1622	4250.39
1623	4472.88
1624	4702.82
1625	4937.53
1626	5181.25
1627	5445.87
1628	5745.80
1629	6095.68
1630	6509.50
1631	6996.65
1632	7555.92
1633	8179.12
1634	8856.54
1635	9578.54
1636	10337.95
1637	11138.12
1638	11997.18
1639	12939.20
1640	13988.98
1641	15171.05
1642	16506.90
1643	18009.92
1644	19687.05
1645	21543.55
1646	23584.37
1647	25810.18
1648	28200.88
1649	30702.54
1650	33245.74
1651	35758.76
1652	38169.42
1653	40401.63
1654	42367.82
1655	43970.29
1656	45108.43
1657	45681.93
1658	45601.03
1659	44829.95
1660	43426.42
1661	41493.21
1662	39140.26
1663	36477.46
1664	33611.14
1665	30636.99
1666	27641.11
1667	24706.84
1668	21917.11
1669	19349.48
1670	17054.86
1671	15039.13
1672	13287.02
1673	11779.97
1674	10499.12
1675	9424.02
1676	8529.82
1677	7787.91
1678	7168.70
1679	6642.61
1680	6181.87
1681	5766.92
1682	5390.46
1683	5050.49
1684	4745.69
1685	4474.67
1686	4235.14
1687	4022.55
1688	3830.76
1689	3653.23
1690	3483.49
1691	3316.36
1692	3151.39
1693	2994.04
1694	2851.86
1695	2732.62
1696	2643.41
1697	2587.12
1698	2558.25
1699	2546.60
1700	2541.10
1701	2530.88
1702	2508.07
1703	2473.68
1704	2436.85
1705	2409.02
1706	2401.72
1707	2424.58
1708	2478.92
1709	2553.90
1710	2633.62
1711	2701.56
1712	2742.25
1713	2747.59
1714	2725.69
1715	2694.70
1716	2674.90
1717	2686.25
1718	2744.31
1719	2850.85
1720	2994.64
1721	3160.55
1722	3333.29
1723	3499.49
1724	3654.19
1725	3804.38
1726	3961.94
1727	4139.32
1728	4348.25
1729	4595.96
1730	4880.43
1731	5194.39
1732	5529.60
1733	5877.83
1734	6231.46
1735	6584.63
1736	6932.86
1737	7272.03
1738	7598.03
1739	7906.20
1740	8190.07
1741	8441.10
1742	8650.02
1743	8807.53
1744	8904.84
1745	8935.57
1746	8897.03
1747	8788.16
1748	8608.14
1749	8356.74
1750	8037.13
1751	7659.43
1752	7237.69
1753	6786.73
1754	6321.19
1755	5854.16
1756	5394.74
1757	4949.14
1758	4522.84
1759	4121.27
1760	3749.50
1761	3411.58
1762	3110.55
1763	2849.18
1764	2630.13
1765	2454.71
1766	2319.33
1767	2214.60
1768	2129.05
1769	2051.11
1770	1970.50
1771	1882.65
1772	1791.31
1773	1703.65
1774	1627.22
1775	1568.87
1776	1531.48
1777	1511.18
1778	1500.85
1779	1492.85
1780	1480.05
1781	1458.34
1782	1429.67
1783	1399.34
1784	1373.23
1785	1356.96
1786	1353.79
1787	1361.80
1788	1375.80
1789	1389.94
1790	1398.45
1791	1396.92
1792	1384.12
1793	1361.08
1794	1329.37
1795	1290.64
1796	1247.11
1797	1202.47
1798	1161.54
1799	1129.44
1800	1111.17
1801	1110.44
1802	1127.44
1803	1159.45
1804	1202.95
1805	1254.34
1806	1309.37
1807	1362.02
1808	1404.74
1809	1429.55
1810	1428.69
1811	1397.00
1812	1336.95
1813	1257.75
1814	1170.50
1815	1086.28
1816	1014.75
1817	961.35
1818	927.76
1819	914.63
1820	922.43
1821	950.66
1822	996.05
1823	1052.89
1824	1114.83
1825	1175.53
1826	1229.48
1827	1273.41
1828	1305.92
1829	1326.10
1830	1333.14
1831	1326.81
1832	1308.43
1833	1280.52
1834	1245.87
1835	1207.35
1836	1167.89
1837	1130.72
1838	1099.26
1839	1076.96
1840	1067.00
1841	1070.80
1842	1085.75
1843	1106.68
1844	1127.88
1845	1143.98
1846	1151.59
1847	1151.44
1848	1146.53
1849	1140.28
1850	1135.85
1851	1134.93
1852	1136.62
1853	1138.79
1854	1139.13
1855	1135.52
1856	1126.95
1857	1113.92
1858	1097.60
1859	1079.26
1860	1060.26
1861	1042.38
1862	1027.87
1863	1019.14
1864	1018.58
1865	1027.89
1866	1046.67
1867	1072.47
1868	1102.23
1869	1132.87
1870	1161.35
1871	1184.83
1872	1200.59
1873	1205.97
1874	1198.63
1875	1178.45
1876	1149.84
1877	1119.81
1878	1095.86
1879	1084.66
1880	1088.85
1881	1104.65
1882	1125.44
1883	1144.24
1884	1154.70
1885	1152.96
1886	1138.03
1887	1109.92
1888	1068.96
1889	1017.73
1890	965.00
1891	924.72
1892	912.14
1893	941.11
1894	1015.83
1895	1120.37
1896	1227.04
1897	1306.04
1898	1331.51
1899	1295.34
1900	1215.50
1901	1120.88
1902	1041.29
1903	1000.62
1904	1003.66
1905	1036.52
1906	1079.58
1907	1113.67
1908	1125.70
1909	1116.47
1910	1095.69
1911	1074.93
1912	1064.43
1913	1067.99
1914	1079.69
1915	1089.42
1916	1086.76
1917	1064.41
1918	1024.66
1919	978.94
1920	941.33
1921	925.18
1922	937.94
1923	974.69
1924	1023.36
1925	1070.57
1926	1104.64
1927	1120.79
1928	1123.12
1929	1119.02
1930	1115.97
1931	1119.07
1932	1127.23
1933	1134.76
1934	1134.91
1935	1121.92
1936	1095.18
1937	1062.14
1938	1033.80
1939	1021.38
1940	1032.67
1941	1065.45
1942	1108.69
1943	1148.90
1944	1173.33
1945	1173.86
1946	1150.55
1947	1107.51
1948	1049.59
1949	982.78
1950	916.52
1951	863.48
1952	837.25
1953	849.65
1954	902.56
1955	979.82
1956	1056.17
1957	1105.41
1958	1108.41
1959	1067.80
1960	1006.61
1961	953.78
1962	935.93
1963	965.79
1964	1032.08
1965	1112.03
1966	1181.53
1967	1221.23
1968	1225.39
1969	1199.78
1970	1153.33
1971	1095.48
1972	1037.16
1973	991.50
1974	972.55
1975	993.41
1976	1058.98
1977	1154.22
1978	1250.25
1979	1315.36
1980	1323.82
1981	1272.47
1982	1184.65
1983	1092.89
1984	1028.45
1985	1009.81
1986	1030.97
1987	1072.99
1988	1114.99
1989	1140.04
1990	1142.59
1991	1126.76
1992	1099.22
1993	1066.25
1994	1031.84
1995	996.83
1996	960.91
1997	923.92
1998	887.75
1999	858.32
2000	843.80
2001	852.48
2002	889.20
2003	949.11
2004	1019.24
2005	1084.51
2006	1131.74
2007	1155.43
2008	1159.64
2009	1151.92
2010	1139.70
2011	1127.86
2012	1116.71
2013	1104.33
2014	1088.50
2015	1067.71
2016	1042.22
2017	1013.44
2018	983.11
2019	953.40
2020	927.83
2021	911.20
2022	908.58
2023	923.61
2024	954.25
2025	991.22
2026	1022.62
2027	1037.46
2028	1030.83
2029	1007.91
2030	978.60
2031	953.09
2032	938.70
2033	936.78
2034	945.13
2035	960.88
2036	981.22
2037	1003.56
2038	1025.51
2039	1044.68
2040	1058.35
2041	1062.82
2042	1053.50
2043	1025.72
2044	977.31
2045	914.82
2046	854.31
2047	814.85
2048	812.87
2049	853.27
2050	926.09
2051	1015.74
2052	1106.32
2053	1183.31
2054	1234.25
2055	1247.67
2056	1214.78
2057	1139.37
2058	1046.32
2059	970.14
2060	943.42
2061	979.99
2062	1059.29
2063	1143.42
2064	1194.18
2065	1188.92
2066	1135.61
2067	1058.84
2068	985.14
2069	934.47
2070	912.99
2071	919.02
2072	948.87
2073	995.77
2074	1046.62
2075	1084.64
2076	1093.57
2077	1065.29
2078	1008.90
2079	943.68
2080	890.06
2081	863.23
2082	867.10
2083	899.08
2084	954.76
2085	1026.75
2086	1101.68
2087	1162.88
2088	1194.61
2089	1190.05
2090	1159.54
2091	1122.46
2092	1098.01
2093	1095.87
2094	1108.64
2095	1120.60
2096	1116.66
2097	1091.47
2098	1055.47
2099	1026.05
2100	1019.29
2101	1041.08
2102	1082.76
2103	1129.81
2104	1168.06
2105	1187.49
2106	1183.19
2107	1152.31
2108	1094.76
2109	1018.98
2110	942.16
2111	883.80
2112	859.14
2113	870.59
2114	909.71
2115	965.20
2116	1026.28
2117	1083.95
2118	1130.39
2119	1158.50
2120	1163.67
2121	1146.16
2122	1108.91
2123	1056.23
2124	996.58
2125	944.64
2126	917.52
2127	927.91
2128	971.42
2129	1023.92
2130	1055.51
2131	1045.80
2132	1003.34
2133	961.02
2134	955.89
2135	1008.69
2136	1103.64
2137	1202.84
2138	1267.74
2139	1278.01
2140	1242.58
2141	1183.27
2142	1121.85
2143	1073.51
2144	1046.16
2145	1044.66
2146	1068.18
2147	1102.06
2148	1121.68
2149	1103.73
2150	1044.43
2151	974.96
2152	942.91
2153	986.97
2154	1103.68
2155	1241.18
2156	1333.49
2157	1334.56
2158	1252.28
2159	1133.26
2160	1028.78
2161	968.18
2162	943.97
2163	932.30
2164	912.93
2165	885.19
2166	867.76
2167	883.04
2168	939.55
2169	1015.86
2170	1073.48
2171	1078.02
2172	1023.45
2173	939.05
2174	865.41
2175	832.12
2176	838.80
2177	864.39
2178	885.80
2179	891.46
2180	886.40
2181	881.92
2182	885.92
2183	895.24
2184	898.48
2185	884.33
2186	851.16
2187	811.76
2188	784.34
2189	782.60
2190	806.32
2191	844.84
2192	885.61
2193	919.13
2194	940.43
2195	946.59
2196	936.69
2197	914.15
2198	885.31
2199	856.76
2200	833.34
2201	817.75
2202	811.64
2203	815.08
2204	825.06
2205	836.85
2206	846.49
2207	853.51
2208	860.92
2209	871.66
2210	883.61
2211	886.23
2212	866.15
2213	817.83
2214	756.61
2215	712.21
2216	710.21
2217	748.78
2218	794.93
2219	810.02
2220	781.09
2221	741.98
2222	746.46
2223	827.59
2224	957.15
2225	1063.59
2226	1081.61
2227	1003.27
2228	882.73
2229	787.63
2230	754.56
2231	768.81
2232	794.94
2233	807.08
2234	806.77
2235	811.48
2236	835.74
2237	876.37
2238	915.58
2239	934.41
2240	923.71
2241	885.76
2242	827.43
2243	759.04
2244	695.56
2245	652.94
2246	641.78
2247	661.82
2248	706.63
2249	765.61
2250	820.78
2251	850.18
2252	839.91
2253	801.50
2254	767.01
2255	765.76
2256	800.02
2257	844.77
2258	871.07
2259	866.70
2260	840.22
2261	806.10
2262	773.05
2263	740.91
2264	707.46
2265	677.47
2266	667.17
2267	693.91
2268	754.88
2269	811.21
2270	813.02
2271	744.14
2272	656.49
2273	629.83
2274	704.72
2275	832.46
2276	921.44
2277	909.63
2278	813.48
2279	691.74
2280	596.56
2281	549.08
2282	551.62
2283	597.77
2284	670.22
2285	746.36
2286	807.16
2287	843.12
2288	850.26
2289	827.20
2290	775.65
2291	701.08
2292	620.60
2293	571.22
2294	591.56
2295	682.03
2296	779.34
2297	806.08
2298	745.48
2299	672.67
2300	679.18
2301	777.47
2302	877.67
2303	881.13
2304	784.42
2305	685.40
2306	679.50
2307	759.59
2308	831.61
2309	815.70
2310	728.59
2311	650.93
2312	645.23
2313	704.82
2314	785.92
2315	848.74
2316	872.03
2317	848.73
2318	794.95
2319	752.27
2320	756.98
2321	801.93
2322	842.83
2323	844.81
2324	820.38
2325	807.50
2326	820.31
2327	821.94
2328	767.43
2329	669.55
2330	610.14
2331	659.34
2332	788.04
2333	894.77
2334	910.42
2335	867.94
2336	841.24
2337	856.50
2338	869.12
2339	830.37
2340	751.96
2341	691.15
2342	688.29
2343	729.37
2344	776.28
2345	799.98
2346	788.05
2347	744.10
2348	696.95
2349	683.43
2350	707.44
2351	723.61
2352	688.65
2353	619.04
2354	575.20
2355	601.39
2356	694.21
2357	821.07
2358	924.70
2359	939.57
2360	851.66
2361	742.04
2362	706.43
2363	751.95
2364	808.14
2365	821.66
2366	805.99
2367	793.92
2368	786.67
2369	760.02
2370	702.86
2371	634.85
2372	586.63
2373	584.36
2374	641.45
2375	737.66
2376	817.61
2377	837.78
2378	804.05
2379	745.93
2380	685.54
2381	634.46
2382	603.00
2383	601.77
2384	628.15
2385	650.30
2386	636.13
2387	604.40
2388	610.62
2389	668.18
2390	719.76
2391	715.03
2392	673.54
2393	645.39
2394	661.13
2395	723.18
2396	802.01
2397	846.32
2398	830.20
2399	776.33
2400	714.75
2401	652.27
2402	597.19
2403	592.52
2404	675.38
2405	791.14
2406	827.78
2407	757.72
2408	661.36
2409	606.05
2410	590.65
2411	594.06
2412	605.59
2413	616.17
2414	611.92
2415	597.69
2416	621.07
2417	709.95
2418	790.63
2419	770.10
2420	672.76
2421	591.47
2422	567.51
2423	577.48
2424	561.59
2425	482.08
2426	411.08
2427	454.45
2428	572.00
2429	640.59
2430	654.21
2431	674.05
2432	653.95
2433	527.65
2434	412.50
2435	470.87
2436	652.61
2437	803.74
2438	861.62
2439	841.43
2440	783.94
2441	730.08
2442	703.76
2443	694.32
2444	665.26
2445	616.95
2446	592.97
2447	617.38
2448	671.07
2449	701.12
2450	685.71
