150	3481.08
151	3483.21
152	3489.10
153	3499.61
154	3514.57
155	3533.06
156	3553.94
157	3576.00
158	3598.05
159	3618.92
160	3637.40
161	3652.33
162	3662.76
163	3668.60
164	3670.85
165	3670.89
166	3670.13
167	3669.99
168	3671.90
169	3677.28
170	3687.53
171	3703.78
172	3726.16
173	3753.49
174	3784.14
175	3816.42
176	3848.65
177	3879.15
178	3906.22
179	3928.20
180	3943.71
181	3952.48
182	3955.62
183	3954.72
184	3951.43
185	3947.41
186	3944.31
187	3943.78
188	3947.45
189	3956.74
190	3972.22
191	3993.48
192	4019.74
193	4050.19
194	4084.02
195	4120.42
196	4158.59
197	4197.72
198	4236.94
199	4275.27
200	4311.58
201	4344.67
202	4373.34
203	4396.40
204	4412.65
205	4420.88
206	4419.95
207	4409.16
208	4389.41
209	4363.25
210	4333.75
211	4304.01
212	4277.16
213	4256.32
214	4244.58
215	4245.01
216	4259.89
217	4289.16
218	4330.57
219	4381.22
220	4438.15
221	4498.41
222	4559.05
223	4617.11
224	4669.70
225	4714.42
226	4750.33
227	4777.66
228	4796.97
229	4808.85
230	4813.88
231	4812.63
232	4805.69
233	4793.66
234	4777.27
235	4757.63
236	4736.08
237	4714.04
238	4692.91
239	4674.13
240	4659.09
241	4649.21
242	4645.81
243	4649.52
244	4659.56
245	4674.23
246	4691.68
247	4710.02
248	4727.39
249	4741.90
250	4751.70
251	4755.10
252	4751.41
253	4741.83
254	4728.45
255	4713.58
256	4699.51
257	4688.52
258	4682.92
259	4684.98
260	4696.70
261	4718.84
262	4750.26
263	4789.00
264	4833.02
265	4880.25
266	4928.63
267	4976.09
268	5020.60
269	5060.35
270	5094.46
271	5123.15
272	5147.02
273	5166.73
274	5182.93
275	5196.27
276	5207.39
277	5216.94
278	5225.36
279	5232.61
280	5238.12
281	5241.21
282	5241.17
283	5237.30
284	5228.90
285	5215.26
286	5195.76
287	5170.22
288	5139.69
289	5106.03
290	5071.29
291	5037.54
292	5006.86
293	4981.30
294	4962.92
295	4953.63
296	4954.44
297	4964.63
298	4982.61
299	5006.62
300	5034.90
301	5065.70
302	5097.23
303	5127.76
304	5155.63
305	5179.70
306	5199.50
307	5214.85
308	5225.57
309	5231.52
310	5232.54
311	5228.46
312	5219.16
313	5204.63
314	5185.37
315	5162.37
316	5136.75
317	5109.64
318	5082.18
319	5055.52
320	5030.79
321	5009.09
322	4991.26
323	4977.52
324	4967.62
325	4961.26
326	4958.11
327	4957.84
328	4960.12
329	4964.63
330	4971.06
331	4979.14
332	4988.76
333	4999.80
334	5012.20
335	5025.86
336	5040.71
337	5056.67
338	5073.64
339	5091.51
340	5110.00
341	5128.67
342	5147.01
343	5164.53
344	5180.72
345	5195.07
346	5207.08
347	5216.25
348	5222.16
349	5224.55
350	5223.28
351	5218.27
352	5209.42
353	5196.63
354	5179.80
355	5158.84
356	5133.75
357	5104.87
358	5073.26
359	5040.25
360	5007.26
361	4975.68
362	4946.92
363	4922.37
364	4903.44
365	4891.29
366	4886.36
367	4888.35
368	4896.66
369	4910.70
370	4929.87
371	4953.57
372	4981.20
373	5012.12
374	5045.53
375	5080.19
376	5114.56
377	5147.07
378	5176.13
379	5200.16
380	5217.56
381	5226.78
382	5226.57
383	5217.17
384	5200.85
385	5180.74
386	5160.06
387	5142.04
388	5129.92
389	5126.93
390	5136.19
391	5159.75
392	5196.74
393	5243.84
394	5297.10
395	5352.53
396	5406.12
397	5453.89
398	5491.86
399	5516.39
400	5525.62
401	5520.76
402	5504.46
403	5479.62
404	5449.15
405	5415.95
406	5382.93
407	5352.94
408	5328.38
409	5310.13
410	5297.65
411	5289.94
412	5286.01
413	5284.83
414	5285.39
415	5286.68
416	5287.73
417	5287.88
418	5286.99
419	5285.22
420	5282.78
421	5279.88
422	5276.74
423	5273.55
424	5270.54
425	5267.92
426	5265.89
427	5264.68
428	5264.49
429	5265.55
430	5268.05
431	5272.22
432	5278.28
433	5286.38
434	5296.45
435	5307.90
436	5319.92
437	5331.63
438	5342.13
439	5350.55
440	5356.01
441	5357.64
442	5354.85
443	5347.88
444	5337.80
445	5325.96
446	5313.70
447	5302.38
448	5293.37
449	5288.01
450	5287.57
451	5292.84
452	5303.77
453	5319.87
454	5340.57
455	5365.31
456	5393.52
457	5424.65
458	5458.11
459	5493.27
460	5529.27
461	5565.05
462	5599.52
463	5631.56
464	5660.07
465	5683.95
466	5702.08
467	5713.53
468	5718.00
469	5716.30
470	5709.65
471	5699.38
472	5686.80
473	5673.22
474	5659.97
475	5648.33
476	5639.38
477	5633.73
478	5631.60
479	5633.11
480	5638.42
481	5647.65
482	5660.94
483	5678.40
484	5700.00
485	5725.08
486	5752.22
487	5779.72
488	5805.88
489	5828.96
490	5847.24
491	5859.02
492	5862.73
493	5857.81
494	5845.54
495	5828.27
496	5808.54
497	5788.88
498	5771.85
499	5759.96
500	5755.69
501	5760.70
502	5774.29
503	5793.77
504	5815.85
505	5837.24
506	5854.62
507	5864.68
508	5864.14
509	5850.25
510	5822.43
511	5783.13
512	5735.94
513	5684.63
514	5632.95
515	5584.66
516	5543.51
517	5513.02
518	5495.31
519	5489.57
520	5493.37
521	5503.92
522	5518.44
523	5534.15
524	5548.26
525	5558.04
526	5561.29
527	5557.31
528	5546.69
529	5530.36
530	5509.31
531	5484.48
532	5456.85
533	5427.38
534	5397.05
535	5366.87
536	5337.93
537	5311.31
538	5288.11
539	5269.43
540	5256.37
541	5250.01
542	5251.28
543	5260.25
544	5275.46
545	5294.66
546	5315.49
547	5335.59
548	5352.59
549	5364.11
550	5367.88
551	5362.31
552	5347.39
553	5324.26
554	5294.31
555	5258.91
556	5219.47
557	5177.39
558	5134.05
559	5090.93
560	5049.69
561	5012.18
562	4980.33
563	4956.04
564	4941.23
565	4937.81
566	4947.68
567	4972.32
568	5011.62
569	5063.43
570	5124.85
571	5192.90
572	5264.58
573	5336.90
574	5406.89
575	5471.78
576	5529.90
577	5581.37
578	5627.15
579	5668.34
580	5706.06
581	5741.38
582	5775.43
583	5809.25
584	5843.69
585	5879.09
586	5915.55
587	5953.06
588	5991.66
589	6031.35
590	6072.15
591	6114.06
592	6156.85
593	6199.80
594	6241.80
595	6281.63
596	6318.10
597	6349.98
598	6376.07
599	6395.19
600	6406.32
601	6409.03
602	6403.41
603	6389.66
604	6368.03
605	6338.73
606	6302.02
607	6258.12
608	6207.41
609	6150.66
610	6089.11
611	6024.16
612	5957.22
613	5889.69
614	5822.99
615	5758.50
616	5697.50
617	5640.81
618	5588.59
619	5540.80
620	5497.38
621	5458.26
622	5423.34
623	5392.58
624	5365.84
625	5342.86
626	5323.08
627	5305.85
628	5290.53
629	5276.44
630	5262.93
631	5249.34
632	5235.00
633	5219.34
634	5201.81
635	5181.96
636	5159.30
637	5133.36
638	5103.66
639	5069.75
640	5031.28
641	4988.66
642	4943.61
643	4898.50
644	4855.85
645	4818.15
646	4787.89
647	4767.59
648	4759.50
649	4764.65
650	4781.61
651	4807.64
652	4839.77
653	4875.00
654	4910.35
655	4942.83
656	4969.62
657	4988.80
658	5000.32
659	5005.19
660	5004.60
661	4999.78
662	4991.93
663	4982.27
664	4972.00
665	4962.36
666	4954.58
667	4949.89
668	4949.56
669	4954.81
670	4966.91
671	4987.09
672	5016.48
673	5055.52
674	5103.19
675	5157.62
676	5216.76
677	5278.56
678	5340.96
679	5401.93
680	5459.54
681	5512.64
682	5561.69
683	5608.07
684	5653.35
685	5699.09
686	5746.86
687	5798.25
688	5854.72
689	5917.29
690	5985.96
691	6060.23
692	6139.44
693	6222.97
694	6310.19
695	6400.45
696	6493.16
697	6587.88
698	6684.47
699	6782.99
700	6883.51
701	6986.10
702	7090.84
703	7197.80
704	7307.04
705	7418.56
706	7532.27
707	7648.00
708	7765.59
709	7884.88
710	8005.70
711	8127.89
712	8251.13
713	8374.49
714	8496.01
715	8613.26
716	8723.76
717	8825.01
718	8914.53
719	8989.84
720	9048.79
721	9090.62
722	9116.55
723	9128.58
724	9128.83
725	9119.42
726	9102.46
727	9080.05
728	9053.92
729	9024.44
730	8990.28
731	8949.52
732	8900.17
733	8840.25
734	8767.75
735	8680.77
736	8578.25
737	8462.05
738	8337.01
739	8208.91
740	8083.63
741	7967.03
742	7864.98
743	7783.21
744	7726.05
745	7693.81
746	7683.44
747	7690.91
748	7712.19
749	7743.20
750	7779.89
751	7818.31
752	7855.37
753	7889.99
754	7922.53
755	7953.65
756	7984.02
757	8014.32
758	8045.22
759	8077.34
760	8110.82
761	8144.95
762	8178.53
763	8210.29
764	8238.94
765	8263.20
766	8281.78
767	8293.61
768	8298.46
769	8297.48
770	8292.40
771	8285.02
772	8277.16
773	8270.62
774	8267.22
775	8268.46
776	8274.83
777	8285.63
778	8299.74
779	8315.97
780	8333.18
781	8350.18
782	8365.87
783	8379.72
784	8392.85
785	8407.81
786	8427.56
787	8455.07
788	8493.33
789	8545.29
790	8613.77
791	8700.40
792	8804.23
793	8922.72
794	9052.95
795	9192.01
796	9336.99
797	9484.99
798	9633.43
799	9781.33
800	9930.28
801	10083.03
802	10242.53
803	10411.72
804	10593.54
805	10790.91
806	11006.15
807	11239.64
808	11489.47
809	11753.02
810	12027.57
811	12310.39
812	12598.77
813	12890.17
814	13183.47
815	13481.34
816	13789.27
817	14113.47
818	14460.20
819	14835.71
820	15246.22
821	15697.31
822	16190.91
823	16722.31
824	17283.40
825	17865.47
826	18459.80
827	19057.66
828	19650.36
829	20229.78
830	20789.81
831	21326.86
832	21838.19
833	22321.15
834	22773.13
835	23191.47
836	23573.60
837	23917.20
838	24220.82
839	24483.58
840	24704.78
841	24883.71
842	25019.67
843	25111.99
844	25160.48
845	25167.53
846	25139.91
847	25086.54
848	25016.67
849	24939.57
850	24864.50
851	24800.65
852	24756.09
853	24735.25
854	24738.70
855	24765.79
856	24815.72
857	24887.74
858	24981.06
859	25094.76
860	25227.05
861	25374.16
862	25531.08
863	25692.57
864	25853.38
865	26008.21
866	26151.82
867	26279.10
868	26385.41
869	26466.88
870	26519.85
871	26540.72
872	26525.88
873	26471.75
874	26374.97
875	26234.32
876	26054.12
877	25842.78
878	25609.77
879	25364.59
880	25116.76
881	24875.73
882	24650.03
883	24443.79
884	24254.46
885	24076.57
886	23904.23
887	23731.58
888	23552.69
889	23361.95
890	23156.05
891	22938.25
892	22717.27
893	22503.29
894	22306.56
895	22137.37
896	22005.92
897	21921.33
898	21887.42
899	21899.36
900	21948.44
901	22025.30
902	22120.62
903	22225.05
904	22329.36
905	22425.45
906	22508.40
907	22575.96
908	22626.61
909	22658.88
910	22671.29
911	22662.39
912	22630.81
913	22575.79
914	22497.42
915	22396.22
916	22272.74
917	22127.55
918	21961.21
919	21774.44
920	21569.39
921	21351.94
922	21130.91
923	20915.84
924	20716.34
925	20542.02
926	20402.39
927	20305.57
928	20253.68
929	20240.45
930	20256.25
931	20291.02
932	20334.70
933	20377.22
934	20408.92
935	20422.95
936	20419.06
937	20401.35
938	20374.91
939	20344.86
940	20316.34
941	20294.41
942	20283.33
943	20284.47
944	20295.94
945	20314.70
946	20337.62
947	20361.58
948	20383.45
949	20400.40
950	20411.34
951	20418.37
952	20425.28
953	20436.13
954	20455.00
955	20485.98
956	20533.03
957	20598.80
958	20682.39
959	20779.87
960	20886.49
961	20997.42
962	21107.88
963	21213.04
964	21308.07
965	21387.95
966	21447.44
967	21481.23
968	21483.97
969	21450.35
970	21375.03
971	21253.01
972	21081.25
973	20860.70
974	20594.64
975	20286.81
976	19940.95
977	19560.81
978	19150.23
979	18713.76
980	18258.16
981	17792.08
982	17324.71
983	16865.28
984	16423.01
985	16007.07
986	15625.91
987	15284.94
988	14985.64
989	14727.97
990	14511.71
991	14336.64
992	14202.53
993	14108.87
994	14053.69
995	14032.17
996	14038.00
997	14064.60
998	14105.39
999	14153.79
1000	14203.45
1001	14249.89
1002	14293.47
1003	14338.16
1004	14388.81
1005	14450.30
1006	14527.55
1007	14625.35
1008	14747.30
1009	14892.95
1010	15057.61
1011	15235.23
1012	15419.66
1013	15604.70
1014	15784.24
1015	15952.50
1016	16105.50
1017	16241.73
1018	16360.70
1019	16462.07
1020	16545.51
1021	16610.69
1022	16657.51
1023	16687.24
1024	16703.78
1025	16712.38
1026	16718.52
1027	16727.70
1028	16745.43
1029	16776.92
1030	16825.33
1031	16888.89
1032	16962.41
1033	17039.97
1034	17115.60
1035	17183.32
1036	17237.31
1037	17273.19
1038	17290.83
1039	17293.78
1040	17286.65
1041	17274.13
1042	17260.87
1043	17251.56
1044	17250.84
1045	17263.22
1046	17293.06
1047	17344.71
1048	17422.49
1049	17530.71
1050	17673.69
1051	17855.29
1052	18077.68
1053	18340.67
1054	18643.15
1055	18983.91
1056	19361.74
1057	19775.39
1058	20222.88
1059	20698.70
1060	21191.65
1061	21687.94
1062	22173.38
1063	22633.79
1064	23055.03
1065	23424.12
1066	23734.59
1067	23992.25
1068	24209.30
1069	24399.05
1070	24574.88
1071	24750.12
1072	24937.27
1073	25143.51
1074	25364.68
1075	25589.90
1076	25806.92
1077	26003.47
1078	26167.25
1079	26286.34
1080	26351.42
1081	26359.26
1082	26310.65
1083	26207.32
1084	26051.02
1085	25843.49
1086	25586.48
1087	25281.66
1088	24930.50
1089	24534.36
1090	24094.52
1091	23612.30
1092	23089.01
1093	22526.25
1094	21928.23
1095	21306.09
1096	20676.39
1097	20057.09
1098	19466.23
1099	18921.83
1100	18441.38
1101	18037.23
1102	17707.48
1103	17438.55
1104	17213.71
1105	17016.08
1106	16828.75
1107	16635.21
1108	16422.77
1109	16189.49
1110	15942.58
1111	15691.71
1112	15446.72
1113	15217.41
1114	15013.26
1115	14840.15
1116	14693.75
1117	14561.10
1118	14426.85
1119	14275.53
1120	14091.65
1121	13860.24
1122	13571.03
1123	13227.08
1124	12842.53
1125	12434.53
1126	12020.38
1127	11617.42
1128	11242.51
1129	10908.62
1130	10617.94
1131	10364.08
1132	10138.41
1133	9932.16
1134	9736.54
1135	9543.10
1136	9345.85
1137	9145.33
1138	8946.93
1139	8757.29
1140	8583.11
1141	8431.07
1142	8307.52
1143	8216.29
1144	8155.04
1145	8117.21
1146	8095.20
1147	8081.40
1148	8068.19
1149	8048.32
1150	8017.00
1151	7974.93
1152	7926.23
1153	7875.73
1154	7828.32
1155	7788.84
1156	7761.81
1157	7749.58
1158	7750.28
1159	7759.64
1160	7772.97
1161	7785.56
1162	7792.73
1163	7790.19
1164	7775.78
1165	7751.02
1166	7719.22
1167	7683.95
1168	7648.82
1169	7617.42
1170	7593.06
1171	7577.96
1172	7572.64
1173	7576.95
1174	7590.63
1175	7613.43
1176	7645.07
1177	7685.06
1178	7731.99
1179	7783.42
1180	7836.52
1181	7888.39
1182	7936.16
1183	7977.02
1184	8008.74
1185	8031.04
1186	8045.56
1187	8054.46
1188	8059.99
1189	8064.37
1190	8069.78
1191	8077.99
1192	8089.66
1193	8104.59
1194	8122.39
1195	8142.65
1196	8164.97
1197	8188.94
1198	8214.24
1199	8240.72
1200	8268.32
1201	8297.00
1202	8326.71
1203	8357.43
1204	8389.13
1205	8421.87
1206	8455.82
1207	8491.24
1208	8528.36
1209	8567.44
1210	8608.73
1211	8652.52
1212	8699.18
1213	8749.23
1214	8803.23
1215	8861.76
1216	8925.37
1217	8994.62
1218	9069.86
1219	9150.93
1220	9237.19
1221	9327.87
1222	9422.19
1223	9519.39
1224	9618.79
1225	9720.33
1226	9825.39
1227	9936.18
1228	10055.08
1229	10184.51
1230	10326.84
1231	10484.31
1232	10658.39
1233	10849.36
1234	11056.98
1235	11280.93
1236	11520.90
1237	11776.62
1238	12048.37
1239	12338.37
1240	12650.80
1241	12990.53
1242	13362.46
1243	13771.50
1244	14222.43
1245	14719.04
1246	15262.78
1247	15853.46
1248	16490.49
1249	17173.28
1250	17901.18
1251	18672.63
1252	19481.47
1253	20314.00
1254	21153.04
1255	21980.87
1256	22779.78
1257	23532.21
1258	24222.87
1259	24844.00
1260	25395.68
1261	25880.50
1262	26301.28
1263	26660.82
1264	26961.69
1265	27204.83
1266	27387.41
1267	27504.22
1268	27549.51
1269	27517.54
1270	27402.60
1271	27200.54
1272	26913.77
1273	26554.08
1274	26137.15
1275	25679.12
1276	25196.17
1277	24704.37
1278	24218.68
1279	23751.03
1280	23310.76
1281	22906.50
1282	22546.85
1283	22240.39
1284	21995.59
1285	21820.31
1286	21721.30
1287	21704.79
1288	21776.90
1289	21943.75
1290	22211.24
1291	22582.49
1292	23051.60
1293	23603.48
1294	24220.16
1295	24883.43
1296	25575.06
1297	26276.45
1298	26966.78
1299	27620.67
1300	28210.18
1301	28706.88
1302	29082.34
1303	29308.44
1304	29361.64
1305	29234.55
1306	28937.83
1307	28488.24
1308	27903.11
1309	27199.80
1310	26396.08
1311	25512.21
1312	24573.88
1313	23609.90
1314	22649.76
1315	21722.94
1316	20858.57
1317	20080.44
1318	19393.48
1319	18781.38
1320	18220.60
1321	17686.92
1322	17156.17
1323	16605.57
1324	16021.07
1325	15406.50
1326	14775.94
1327	14145.41
1328	13531.03
1329	12948.74
1330	12411.97
1331	11925.87
1332	11487.05
1333	11089.35
1334	10726.38
1335	10391.78
1336	10079.52
1337	9785.56
1338	9509.44
1339	9252.51
1340	9016.45
1341	8802.95
1342	8613.61
1343	8449.15
1344	8307.71
1345	8185.20
1346	8076.89
1347	7978.02
1348	7883.85
1349	7790.14
1350	7694.81
1351	7599.11
1352	7505.66
1353	7417.26
1354	7336.72
1355	7266.71
1356	7208.85
1357	7162.27
1358	7124.41
1359	7092.35
1360	7063.14
1361	7033.85
1362	7001.93
1363	6966.01
1364	6926.11
1365	6882.67
1366	6836.19
1367	6787.16
1368	6736.01
1369	6682.83
1370	6627.08
1371	6567.96
1372	6504.61
1373	6436.16
1374	6361.77
1375	6280.75
1376	6192.82
1377	6098.01
1378	5996.40
1379	5888.10
1380	5773.24
1381	5652.52
1382	5528.61
1383	5406.46
1384	5291.76
1385	5190.30
1386	5107.86
1387	5049.73
1388	5019.00
1389	5014.92
1390	5034.97
1391	5076.33
1392	5136.19
1393	5211.68
1394	5299.77
1395	5396.95
1396	5499.42
1397	5603.29
1398	5704.69
1399	5799.81
1400	5885.73
1401	5962.33
1402	6032.15
1403	6098.54
1404	6164.91
1405	6234.65
1406	6310.95
1407	6396.07
1408	6491.09
1409	6596.58
1410	6713.10
1411	6841.18
1412	6981.73
1413	7137.52
1414	7314.76
1415	7521.38
1416	7765.62
1417	8055.71
1418	8399.71
1419	8804.47
1420	9274.00
1421	9810.38
1422	10415.30
1423	11090.41
1424	11837.61
1425	12660.99
1426	13571.15
1427	14584.27
1428	15718.11
1429	16990.50
1430	18418.74
1431	20012.31
1432	21753.31
1433	23593.38
1434	25473.91
1435	27335.33
1436	29118.23
1437	30766.55
1438	32238.24
1439	33510.81
1440	34569.59
1441	35400.90
1442	35991.21
1443	36329.61
1444	36418.44
1445	36282.52
1446	35957.31
1447	35479.89
1448	34887.39
1449	34216.06
1450	33496.89
1451	32750.34
1452	31991.00
1453	31232.40
1454	30487.96
1455	29770.26
1456	29085.77
1457	28426.96
1458	27777.33
1459	27118.40
1460	26431.62
1461	25699.11
1462	24908.23
1463	24059.95
1464	23165.19
1465	22237.32
1466	21289.79
1467	20335.95
1468	19387.51
1469	18451.72
1470	17532.18
1471	16631.48
1472	15752.17
1473	14896.85
1474	14068.85
1475	13273.66
1476	12518.71
1477	11812.00
1478	11161.55
1479	10575.18
1480	10057.97
1481	9606.48
1482	9208.99
1483	8851.26
1484	8518.87
1485	8197.62
1486	7875.93
1487	7550.88
1488	7228.30
1489	6916.80
1490	6625.20
1491	6362.20
1492	6134.65
1493	5943.29
1494	5782.49
1495	5644.58
1496	5521.74
1497	5406.20
1498	5291.41
1499	5174.77
1500	5057.80
1501	4943.35
1502	4834.39
1503	4733.80
1504	4643.51
1505	4562.21
1506	4485.36
1507	4407.35
1508	4322.50
1509	4225.28
1510	4111.78
1511	3983.35
1512	3846.42
1513	3709.04
1514	3579.31
1515	3465.26
1516	3373.29
1517	3305.09
1518	3257.97
1519	3227.99
1520	3211.11
1521	3203.27
1522	3200.31
1523	3197.72
1524	3190.74
1525	3174.52
1526	3144.21
1527	3095.24
1528	3025.46
1529	2938.89
1530	2844.27
1531	2751.47
1532	2670.43
1533	2610.59
1534	2577.80
1535	2569.53
1536	2577.67
1537	2592.92
1538	2605.90
1539	2607.89
1540	2594.05
1541	2567.54
1542	2536.10
1543	2508.33
1544	2492.86
1545	2497.29
1546	2524.17
1547	2567.11
1548	2615.36
1549	2657.48
1550	2682.08
1551	2679.21
1552	2645.25
1553	2585.71
1554	2509.87
1555	2427.51
1556	2348.35
1557	2280.91
1558	2229.41
1559	2193.08
1560	2169.38
1561	2155.61
1562	2149.13
1563	2147.65
1564	2150.04
1565	2156.25
1566	2166.51
1567	2181.09
1568	2200.17
1569	2223.49
1570	2249.64
1571	2276.43
1572	2301.46
1573	2322.36
1574	2336.83
1575	2343.27
1576	2341.30
1577	2331.22
1578	2313.44
1579	2288.39
1580	2256.77
1581	2220.35
1582	2182.52
1583	2147.27
1584	2118.69
1585	2100.81
1586	2096.83
1587	2107.32
1588	2130.09
1589	2162.12
1590	2200.29
1591	2241.54
1592	2283.06
1593	2322.70
1594	2358.78
1595	2389.73
1596	2414.02
1597	2430.42
1598	2439.47
1599	2444.87
1600	2451.91
1601	2466.15
1602	2493.10
1603	2537.19
1604	2598.78
1605	2673.26
1606	2754.21
1607	2835.01
1608	2909.25
1609	2972.39
1610	3025.02
1611	3071.86
1612	3118.67
1613	3171.31
1614	3235.51
1615	3316.28
1616	3417.37
1617	3541.81
1618	3692.53
1619	3872.41
1620	4083.79
1621	4326.96
1622	4599.74
1623	4899.07
1624	5221.82
1625	5564.98
1626	5926.78
1627	6308.57
1628	6714.00
1629	7147.29
1630	7612.68
1631	8114.09
1632	8653.89
1633	9231.96
1634	9847.02
1635	10497.63
1636	11182.63
1637	11904.45
1638	12676.73
1639	13523.95
1640	14473.85
1641	15554.39
1642	16792.22
1643	18206.14
1644	19799.10
1645	21565.21
1646	23496.90
1647	25586.15
1648	27819.23
1649	30161.80
1650	32555.71
1651	34934.52
1652	37230.96
1653	39376.83
1654	41297.42
1655	42903.40
1656	44096.17
1657	44775.12
1658	44840.73
1659	44213.39
1660	42890.61
1661	40967.61
1662	38575.92
1663	35851.00
1664	32926.64
1665	29923.71
1666	26932.59
1667	24023.45
1668	21261.95
1669	18713.04
1670	16433.84
1671	14450.90
1672	12752.08
1673	11310.85
1674	10099.06
1675	9088.52
1676	8250.84
1677	7557.27
1678	6978.78
1679	6486.32
1680	6051.05
1681	5647.61
1682	5263.19
1683	4899.58
1684	4563.63
1685	4262.66
1686	4003.45
1687	3789.31
1688	3616.61
1689	3477.77
1690	3364.51
1691	3268.58
1692	3182.89
1693	3104.04
1694	3032.14
1695	2968.40
1696	2914.09
1697	2870.15
1698	2835.90
1699	2807.99
1700	2781.84
1701	2752.68
1702	2716.01
1703	2669.56
1704	2616.84
1705	2565.61
1706	2524.71
1707	2502.95
1708	2507.68
1709	2540.96
1710	2598.29
1711	2672.89
1712	2757.71
1713	2845.89
1714	2931.61
1715	3011.11
1716	3081.66
1717	3140.76
1718	3186.18
1719	3218.37
1720	3245.08
1721	3280.06
1722	3338.60
1723	3435.95
1724	3584.93
1725	3789.05
1726	4040.26
1727	4326.26
1728	4634.34
1729	4952.43
1730	5272.00
1731	5591.08
1732	5911.03
1733	6233.74
1734	6560.99
1735	6893.28
1736	7227.90
1737	7559.81
1738	7883.39
1739	8192.96
1740	8482.41
1741	8744.15
1742	8969.09
1743	9147.63
1744	9270.17
1745	9327.89
1746	9315.22
1747	9231.35
1748	9077.46
1749	8854.99
1750	8565.81
1751	8214.25
1752	7809.39
1753	7362.90
1754	6886.90
1755	6393.53
1756	5894.78
1757	5402.30
1758	4927.49
1759	4481.70
1760	4076.01
1761	3718.73
1762	3409.62
1763	3140.54
1764	2901.04
1765	2680.59
1766	2470.37
1767	2267.86
1768	2077.95
1769	1908.21
1770	1766.39
1771	1659.23
1772	1588.84
1773	1550.47
1774	1536.51
1775	1538.96
1776	1550.01
1777	1562.84
1778	1572.43
1779	1574.65
1780	1565.54
1781	1541.56
1782	1501.74
1783	1450.56
1784	1395.69
1785	1345.39
1786	1307.60
1787	1287.41
1788	1283.13
1789	1288.48
1790	1296.14
1791	1299.00
1792	1292.37
1793	1277.91
1794	1262.22
1795	1253.12
1796	1258.26
1797	1282.27
1798	1321.25
1799	1363.87
1800	1396.75
1801	1406.75
1802	1384.89
1803	1335.13
1804	1273.66
1805	1220.29
1806	1194.71
1807	1211.73
1808	1270.27
1809	1353.14
1810	1438.18
1811	1503.10
1812	1529.69
1813	1513.60
1814	1465.05
1815	1398.98
1816	1330.59
1817	1273.11
1818	1232.94
1819	1209.15
1820	1198.35
1821	1196.97
1822	1201.50
1823	1208.64
1824	1215.35
1825	1218.65
1826	1215.67
1827	1204.37
1828	1185.62
1829	1163.33
1830	1142.40
1831	1127.75
1832	1123.48
1833	1131.05
1834	1149.24
1835	1176.00
1836	1209.19
1837	1246.31
1838	1283.74
1839	1316.81
1840	1340.55
1841	1350.12
1842	1342.23
1843	1317.98
1844	1282.26
1845	1241.02
1846	1200.15
1847	1164.72
1848	1137.51
1849	1119.58
1850	1111.55
1851	1113.89
1852	1126.18
1853	1145.88
1854	1169.03
1855	1191.37
1856	1208.78
1857	1218.17
1858	1218.62
1859	1210.48
1860	1194.31
1861	1170.90
1862	1142.11
1863	1111.63
1864	1084.06
1865	1064.14
1866	1055.88
1867	1060.25
1868	1073.71
1869	1090.91
1870	1106.30
1871	1115.50
1872	1118.41
1873	1119.89
1874	1126.53
1875	1144.84
1876	1178.87
1877	1225.11
1878	1273.21
1879	1310.88
1880	1326.27
1881	1312.10
1882	1272.33
1883	1218.65
1884	1164.56
1885	1122.69
1886	1100.37
1887	1094.84
1888	1097.98
1889	1100.78
1890	1095.44
1891	1079.32
1892	1057.14
1893	1036.57
1894	1025.53
1895	1030.21
1896	1051.09
1897	1082.87
1898	1118.46
1899	1150.78
1900	1173.92
1901	1184.89
1902	1182.76
1903	1167.12
1904	1137.93
1905	1097.21
1906	1050.55
1907	1005.32
1908	969.13
1909	948.37
1910	945.03
1911	955.74
1912	975.23
1913	998.10
1914	1019.81
1915	1037.93
1916	1051.81
1917	1061.18
1918	1065.95
1919	1066.60
1920	1064.69
1921	1062.35
1922	1061.80
1923	1065.01
1924	1073.23
1925	1086.74
1926	1105.55
1927	1129.48
1928	1157.43
1929	1185.92
1930	1209.78
1931	1223.50
1932	1222.36
1933	1205.58
1934	1178.60
1935	1149.63
1936	1127.12
1937	1117.57
1938	1121.62
1939	1134.39
1940	1149.44
1941	1160.49
1942	1163.10
1943	1156.37
1944	1141.29
1945	1119.23
1946	1091.99
1947	1062.82
1948	1036.56
1949	1018.55
1950	1013.77
1951	1024.27
1952	1045.77
1953	1070.13
1954	1088.51
1955	1093.39
1956	1082.22
1957	1058.45
1958	1027.72
1959	995.75
1960	967.66
1961	947.13
1962	936.92
1963	939.57
1964	956.79
1965	987.33
1966	1026.39
1967	1067.91
1968	1105.88
1969	1135.51
1970	1154.61
1971	1162.59
1972	1159.22
1973	1145.19
1974	1124.15
1975	1103.06
1976	1089.93
1977	1091.97
1978	1111.44
1979	1141.12
1980	1168.73
1981	1181.44
1982	1169.54
1983	1132.99
1984	1080.45
1985	1023.10
1986	971.50
1987	932.75
1988	908.52
1989	898.18
1990	900.67
1991	914.60
1992	937.64
1993	966.88
1994	999.22
1995	1031.28
1996	1058.68
1997	1075.91
1998	1077.13
1999	1057.60
2000	1018.50
2001	971.51
2002	933.49
2003	921.37
2004	945.41
2005	998.54
2006	1060.77
2007	1109.12
2008	1124.76
2009	1104.04
2010	1060.68
2011	1014.30
2012	983.38
2013	977.76
2014	992.72
2015	1016.68
2016	1037.40
2017	1045.55
2018	1038.83
2019	1019.57
2020	991.18
2021	957.68
2022	924.82
2023	899.93
2024	890.72
2025	902.91
2026	934.05
2027	970.95
2028	996.35
2029	994.56
2030	960.50
2031	908.02
2032	860.23
2033	840.34
2034	861.30
2035	912.43
2036	967.92
2037	999.53
2038	987.16
2039	934.15
2040	863.36
2041	802.60
2042	774.93
2043	786.40
2044	824.85
2045	872.34
2046	912.29
2047	935.70
2048	943.68
2049	941.24
2050	933.57
2051	924.75
2052	917.01
2053	911.75
2054	910.17
2055	913.01
2056	920.24
2057	931.37
2058	945.93
2059	963.92
2060	986.37
2061	1014.97
2062	1051.16
2063	1093.84
2064	1135.72
2065	1165.28
2066	1170.51
2067	1143.75
2068	1088.74
2069	1017.94
2070	945.81
2071	884.90
2072	842.13
2073	819.75
2074	818.59
2075	838.22
2076	874.55
2077	920.34
2078	967.54
2079	1009.36
2080	1042.97
2081	1069.26
2082	1090.04
2083	1106.09
2084	1114.68
2085	1109.78
2086	1084.71
2087	1036.39
2088	972.98
2089	913.14
2090	878.06
2091	882.69
2092	922.67
2093	975.94
2094	1016.07
2095	1023.27
2096	998.14
2097	958.97
2098	928.34
2099	923.18
2100	944.02
2101	978.16
2102	1009.88
2103	1027.43
2104	1029.68
2105	1023.32
2106	1016.51
2107	1014.20
2108	1013.62
2109	1007.03
2110	986.46
2111	949.85
2112	907.44
2113	876.48
2114	873.85
2115	907.17
2116	967.25
2117	1036.62
2118	1097.82
2119	1139.87
2120	1161.58
2121	1166.00
2122	1156.83
2123	1138.18
2124	1114.62
2125	1090.86
2126	1071.14
2127	1058.22
2128	1053.36
2129	1057.27
2130	1069.32
2131	1085.56
2132	1099.52
2133	1104.68
2134	1098.18
2135	1085.05
2136	1074.85
2137	1076.89
2138	1094.99
2139	1124.00
2140	1154.79
2141	1178.67
2142	1190.80
2143	1190.86
2144	1180.12
2145	1159.48
2146	1128.53
2147	1085.74
2148	1030.03
2149	965.39
2150	906.47
2151	874.06
2152	886.71
2153	947.50
2154	1036.49
2155	1124.41
2156	1185.64
2157	1210.38
2158	1204.49
2159	1178.46
2160	1141.31
2161	1097.96
2162	1050.65
2163	1001.50
2164	954.78
2165	918.04
2166	899.93
2167	905.23
2168	926.22
2169	943.25
2170	934.86
2171	890.49
2172	823.16
2173	759.48
2174	725.26
2175	732.57
2176	775.50
2177	841.35
2178	916.50
2179	986.85
2180	1038.05
2181	1057.44
2182	1040.64
2183	996.50
2184	939.60
2185	883.91
2186	838.96
2187	810.26
2188	801.38
2189	811.40
2190	831.51
2191	849.21
2192	854.18
2193	844.96
2194	828.60
2195	814.32
2196	809.27
2197	816.40
2198	836.35
2199	867.54
2200	902.57
2201	928.60
2202	932.94
2203	912.19
2204	879.45
2205	855.27
2206	855.59
2207	879.29
2208	910.56
2209	930.88
2210	927.72
2211	898.15
2212	843.90
2213	771.69
2214	699.18
2215	651.51
2216	650.22
2217	696.46
2218	766.57
2219	829.64
2220	863.57
2221	865.47
2222	843.02
2223	806.16
2224	765.93
2225	734.20
2226	721.67
2227	733.29
2228	765.90
2229	812.51
2230	861.69
2231	893.62
2232	884.61
2233	821.32
2234	723.38
2235	639.03
2236	615.34
2237	662.49
2238	741.80
2239	800.49
2240	809.05
2241	785.60
2242	771.24
2243	796.88
2244	857.04
2245	920.21
2246	954.04
2247	943.96
2248	893.71
2249	814.50
2250	725.36
2251	655.29
2252	633.78
2253	672.27
2254	748.93
2255	826.80
2256	876.55
2257	892.17
2258	882.39
2259	858.37
2260	829.26
2261	802.30
2262	782.21
2263	766.86
2264	747.62
2265	717.51
2266	683.54
2267	669.52
2268	698.66
2269	765.60
2270	823.36
2271	816.12
2272	727.32
2273	609.06
2274	538.51
2275	558.80
2276	640.49
2277	720.04
2278	750.05
2279	729.63
2280	683.92
2281	638.96
2282	611.62
2283	612.14
2284	643.60
2285	695.16
2286	747.43
2287	783.07
2288	794.15
2289	779.58
2290	742.37
2291	691.84
2292	641.59
2293	605.32
2294	594.73
2295	618.93
2296	678.35
2297	753.73
2298	814.16
2299	835.69
2300	816.66
2301	769.54
2302	709.71
2303	652.37
2304	611.32
2305	593.12
2306	590.37
2307	589.84
2308	586.14
2309	589.71
2310	615.58
2311	665.45
2312	718.92
2313	750.19
2314	748.96
2315	726.59
2316	699.91
2317	677.06
2318	655.87
2319	631.99
2320	604.37
2321	575.52
2322	552.08
2323	548.55
2324	582.46
2325	658.27
2326	752.15
2327	827.83
2328	860.57
2329	847.68
2330	798.51
2331	732.61
2332	678.60
2333	657.60
2334	660.62
2335	656.29
2336	625.17
2337	586.79
2338	577.69
2339	610.04
2340	652.80
2341	666.92
2342	646.84
2343	622.29
2344	619.28
2345	627.46
2346	615.98
2347	574.04
2348	532.73
2349	530.44
2350	566.61
2351	599.42
2352	595.63
2353	573.86
2354	580.53
2355	637.66
2356	720.34
2357	787.87
2358	809.78
2359	770.78
2360	681.57
2361	594.90
2362	569.44
2363	611.21
2364	668.06
2365	689.20
2366	668.98
2367	630.40
2368	603.12
2369	615.20
2370	673.60
2371	736.62
2372	744.68
2373	685.96
2374	614.57
2375	590.23
2376	629.85
2377	715.07
2378	797.87
2379	810.19
2380	726.21
2381	625.04
2382	612.72
2383	691.35
2384	758.67
2385	746.39
2386	704.32
2387	709.74
2388	761.07
2389	797.25
2390	784.44
2391	745.79
2392	710.64
2393	676.48
2394	634.70
2395	615.38
2396	670.54
2397	789.45
2398	868.59
2399	835.14
2400	758.70
2401	750.21
2402	807.22
2403	837.72
2404	800.21
2405	743.94
2406	717.59
2407	711.71
2408	699.19
2409	677.17
2410	658.02
2411	647.77
2412	644.42
2413	646.80
2414	655.87
2415	666.28
2416	665.05
2417	656.63
2418	681.31
2419	759.19
2420	824.45
2421	801.86
2422	733.42
2423	720.58
2424	765.76
2425	783.05
2426	736.50
2427	671.89
2428	650.37
2429	702.07
2430	774.92
2431	744.99
2432	586.98
2433	447.88
2434	457.39
2435	600.23
2436	762.82
2437	799.23
2438	697.46
2439	650.06
2440	744.55
2441	792.76
2442	692.18
2443	629.31
2444	722.77
2445	826.00
2446	805.18
2447	698.00
2448	600.61
2449	582.65
2450	627.50
