150	3679.83
151	3676.57
152	3676.55
153	3682.39
154	3693.86
155	3709.62
156	3728.01
157	3747.30
158	3765.78
159	3781.72
160	3793.41
161	3799.15
162	3797.55
163	3788.46
164	3773.17
165	3753.55
166	3731.52
167	3708.99
168	3687.88
169	3670.11
170	3657.57
171	3651.90
172	3653.70
173	3662.26
174	3676.43
175	3694.97
176	3716.68
177	3740.32
178	3764.68
179	3788.54
180	3810.88
181	3831.32
182	3850.30
183	3868.57
184	3886.91
185	3906.09
186	3926.89
187	3950.08
188	3976.43
189	4006.46
190	4039.88
191	4075.38
192	4111.29
193	4145.90
194	4177.53
195	4204.46
196	4225.00
197	4237.48
198	4240.62
199	4234.62
200	4221.25
201	4202.88
202	4181.90
203	4160.71
204	4141.72
205	4127.32
206	4119.89
207	4121.32
208	4132.00
209	4150.72
210	4175.77
211	4205.38
212	4237.80
213	4271.27
214	4304.02
215	4334.34
216	4360.81
217	4383.09
218	4401.79
219	4417.82
220	4432.10
221	4445.55
222	4459.10
223	4473.67
224	4490.16
225	4509.11
226	4530.12
227	4552.01
228	4573.37
229	4592.78
230	4608.83
231	4620.10
232	4625.18
233	4622.73
234	4612.05
235	4594.00
236	4570.56
237	4544.00
238	4516.60
239	4490.62
240	4468.35
241	4452.04
242	4443.86
243	4445.15
244	4455.51
245	4473.49
246	4497.39
247	4525.53
248	4556.21
249	4587.73
250	4618.42
251	4646.68
252	4671.47
253	4692.76
254	4711.06
255	4726.94
256	4740.98
257	4753.79
258	4765.95
259	4778.03
260	4790.59
261	4803.93
262	4818.05
263	4832.81
264	4848.04
265	4863.56
266	4879.21
267	4894.83
268	4910.25
269	4925.31
270	4939.92
271	4954.05
272	4967.68
273	4980.81
274	4993.43
275	5005.53
276	5017.11
277	5028.16
278	5038.59
279	5048.14
280	5056.36
281	5062.75
282	5066.82
283	5068.06
284	5065.97
285	5060.04
286	5049.82
287	5035.24
288	5017.07
289	4996.76
290	4975.88
291	4956.01
292	4938.73
293	4925.62
294	4918.25
295	4918.09
296	4925.91
297	4941.22
298	4962.86
299	4989.53
300	5019.95
301	5052.82
302	5086.85
303	5120.76
304	5153.28
305	5183.29
306	5209.86
307	5232.12
308	5249.21
309	5260.28
310	5264.48
311	5260.95
312	5248.87
313	5227.76
314	5198.24
315	5161.98
316	5121.00
317	5077.37
318	5033.12
319	4990.31
320	4950.97
321	4917.08
322	4890.17
323	4870.59
324	4857.93
325	4851.61
326	4851.04
327	4855.62
328	4864.75
329	4877.84
330	4894.29
331	4913.49
332	4934.79
333	4957.55
334	4981.12
335	5004.83
336	5028.05
337	5050.10
338	5070.35
339	5088.20
340	5103.23
341	5115.28
342	5124.23
343	5129.97
344	5132.41
345	5131.43
346	5126.94
347	5118.86
348	5107.31
349	5092.92
350	5076.70
351	5059.74
352	5043.13
353	5027.99
354	5015.40
355	5006.46
356	5002.14
357	5002.73
358	5007.35
359	5014.62
360	5023.02
361	5031.05
362	5037.22
363	5040.03
364	5038.00
365	5030.08
366	5016.61
367	4999.43
368	4980.87
369	4963.30
370	4949.09
371	4940.63
372	4940.26
373	4950.22
374	4971.64
375	5003.17
376	5041.86
377	5084.40
378	5127.47
379	5167.75
380	5201.92
381	5226.68
382	5239.20
383	5238.62
384	5226.91
385	5207.18
386	5182.69
387	5156.71
388	5132.49
389	5113.30
390	5102.32
391	5101.85
392	5111.82
393	5130.18
394	5154.36
395	5181.76
396	5209.77
397	5235.79
398	5257.21
399	5271.66
400	5277.78
401	5275.98
402	5267.55
403	5253.90
404	5236.46
405	5216.65
406	5195.88
407	5175.58
408	5157.07
409	5141.43
410	5129.49
411	5121.98
412	5119.67
413	5123.28
414	5133.58
415	5151.29
416	5177.00
417	5210.47
418	5249.84
419	5292.40
420	5335.31
421	5375.72
422	5410.75
423	5437.57
424	5453.36
425	5455.99
426	5445.50
427	5424.18
428	5395.00
429	5361.02
430	5325.27
431	5290.80
432	5260.66
433	5237.70
434	5223.85
435	5219.16
436	5222.70
437	5233.36
438	5250.01
439	5271.54
440	5296.82
441	5324.72
442	5354.12
443	5383.82
444	5412.61
445	5439.23
446	5462.44
447	5481.00
448	5493.67
449	5499.20
450	5496.53
451	5485.50
452	5467.56
453	5445.03
454	5420.33
455	5395.90
456	5374.19
457	5357.63
458	5348.60
459	5348.90
460	5358.57
461	5376.09
462	5399.51
463	5426.87
464	5456.17
465	5485.43
466	5512.70
467	5536.17
468	5554.93
469	5569.40
470	5580.58
471	5589.57
472	5597.46
473	5605.36
474	5614.36
475	5625.51
476	5639.46
477	5655.92
478	5673.86
479	5692.11
480	5709.48
481	5724.78
482	5736.82
483	5744.43
484	5746.73
485	5743.93
486	5737.56
487	5729.63
488	5722.23
489	5717.40
490	5717.22
491	5723.76
492	5738.86
493	5763.20
494	5795.12
495	5831.68
496	5869.73
497	5906.07
498	5937.53
499	5960.93
500	5973.18
501	5972.08
502	5957.97
503	5933.44
504	5901.68
505	5865.94
506	5829.44
507	5795.43
508	5767.13
509	5747.33
510	5737.08
511	5735.06
512	5738.99
513	5746.48
514	5755.15
515	5762.60
516	5766.45
517	5764.45
518	5755.19
519	5739.02
520	5717.27
521	5691.46
522	5663.13
523	5633.81
524	5605.03
525	5578.29
526	5554.79
527	5534.81
528	5517.92
529	5503.44
530	5490.69
531	5478.98
532	5467.65
533	5456.02
534	5443.54
535	5430.16
536	5416.44
537	5403.19
538	5391.21
539	5381.34
540	5374.38
541	5371.16
542	5372.35
543	5377.94
544	5386.61
545	5396.44
546	5405.40
547	5411.44
548	5412.52
549	5406.62
550	5391.81
551	5367.04
552	5333.39
553	5293.37
554	5249.83
555	5205.64
556	5163.66
557	5126.77
558	5097.77
559	5078.97
560	5071.01
561	5072.99
562	5083.56
563	5101.33
564	5124.91
565	5152.91
566	5183.93
567	5216.69
568	5250.17
569	5283.79
570	5317.09
571	5349.66
572	5381.04
573	5410.82
574	5438.57
575	5463.94
576	5487.01
577	5508.52
578	5529.56
579	5551.26
580	5574.75
581	5601.15
582	5631.60
583	5667.14
584	5708.30
585	5754.54
586	5804.72
587	5857.53
588	5911.69
589	5965.89
590	6018.86
591	6069.32
592	6116.09
593	6158.32
594	6195.38
595	6226.66
596	6251.59
597	6269.57
598	6280.02
599	6282.38
600	6276.34
601	6262.32
602	6241.42
603	6214.94
604	6184.17
605	6150.43
606	6115.02
607	6079.23
608	6044.19
609	6010.47
610	5978.02
611	5946.58
612	5915.90
613	5885.71
614	5855.73
615	5825.71
616	5795.30
617	5763.99
618	5730.98
619	5695.38
620	5656.27
621	5612.77
622	5563.95
623	5508.93
624	5447.08
625	5378.93
626	5306.74
627	5233.48
628	5162.20
629	5095.99
630	5037.90
631	4990.98
632	4957.92
633	4939.49
634	4933.42
635	4935.96
636	4943.16
637	4951.07
638	4955.73
639	4953.21
640	4939.92
641	4914.32
642	4878.53
643	4836.49
644	4792.46
645	4750.71
646	4715.51
647	4691.12
648	4681.45
649	4688.42
650	4710.10
651	4742.45
652	4781.10
653	4821.62
654	4859.60
655	4890.64
656	4910.65
657	4917.38
658	4912.32
659	4899.11
660	4881.76
661	4864.32
662	4850.84
663	4845.34
664	4851.60
665	4871.69
666	4904.16
667	4945.54
668	4991.94
669	5039.44
670	5084.14
671	5122.16
672	5149.86
673	5165.39
674	5170.59
675	5169.45
676	5166.39
677	5165.85
678	5172.28
679	5190.11
680	5223.48
681	5274.87
682	5343.17
683	5425.25
684	5517.59
685	5616.63
686	5718.84
687	5820.66
688	5918.74
689	6010.83
690	6096.92
691	6178.20
692	6256.15
693	6332.21
694	6407.85
695	6484.53
696	6563.66
697	6646.33
698	6733.09
699	6824.16
700	6919.71
701	7019.92
702	7124.96
703	7235.00
704	7350.13
705	7470.06
706	7593.79
707	7720.00
708	7847.28
709	7974.26
710	8099.54
711	8221.74
712	8339.47
713	8451.50
714	8556.76
715	8654.23
716	8742.96
717	8821.95
718	8890.22
719	8946.81
720	8990.91
721	9022.41
722	9042.20
723	9051.57
724	9051.86
725	9044.42
726	9030.59
727	9011.70
728	8988.90
729	8962.55
730	8932.14
731	8896.78
732	8855.58
733	8807.62
734	8752.02
735	8687.89
736	8614.79
737	8533.64
738	8446.81
739	8357.11
740	8267.40
741	8180.52
742	8099.33
743	8026.65
744	7964.88
745	7915.28
746	7878.16
747	7853.52
748	7841.39
749	7841.77
750	7854.66
751	7880.00
752	7917.13
753	7964.00
754	8017.62
755	8074.75
756	8132.17
757	8186.63
758	8234.91
759	8273.98
760	8301.94
761	8319.15
762	8327.19
763	8327.89
764	8323.07
765	8314.55
766	8304.15
767	8293.60
768	8284.20
769	8276.54
770	8270.95
771	8267.72
772	8267.10
773	8269.37
774	8274.80
775	8283.41
776	8294.40
777	8305.96
778	8315.96
779	8322.22
780	8322.58
781	8314.87
782	8297.04
783	8268.49
784	8232.61
785	8196.32
786	8167.48
787	8154.02
788	8163.89
789	8204.98
790	8284.70
791	8406.87
792	8567.42
793	8757.31
794	8966.47
795	9184.78
796	9402.12
797	9608.42
798	9794.62
799	9956.55
800	10097.99
801	10226.34
802	10349.54
803	10475.57
804	10612.37
805	10767.84
806	10948.75
807	11157.94
808	11393.81
809	11653.24
810	11933.00
811	12229.82
812	12540.45
813	12861.78
814	13191.69
815	13530.84
816	13881.91
817	14248.12
818	14632.70
819	15038.88
820	15469.91
821	15928.62
822	16415.81
823	16928.49
824	17461.77
825	18010.38
826	18569.09
827	19132.63
828	19695.76
829	20253.23
830	20799.96
831	21330.96
832	21841.31
833	22326.10
834	22780.41
835	23199.32
836	23578.01
837	23912.50
838	24200.95
839	24443.16
840	24639.33
841	24789.70
842	24894.50
843	24953.98
844	24968.97
845	24943.16
846	24885.28
847	24806.41
848	24718.05
849	24631.69
850	24558.84
851	24510.85
852	24497.17
853	24520.87
854	24578.30
855	24663.67
856	24770.98
857	24894.26
858	25027.50
859	25164.91
860	25301.97
861	25436.93
862	25569.80
863	25700.97
864	25830.81
865	25959.72
866	26088.06
867	26215.46
868	26338.70
869	26450.79
870	26543.21
871	26607.32
872	26634.46
873	26615.97
874	26543.62
875	26412.77
876	26227.99
877	26000.81
878	25744.47
879	25472.29
880	25197.60
881	24933.68
882	24692.42
883	24479.55
884	24291.27
885	24119.63
886	23956.12
887	23792.21
888	23619.37
889	23429.38
890	23217.13
891	22986.15
892	22747.17
893	22512.81
894	22295.84
895	22109.04
896	21965.09
897	21875.27
898	21843.89
899	21864.02
900	21923.60
901	22009.78
902	22109.73
903	22210.57
904	22299.70
905	22366.90
906	22408.75
907	22427.50
908	22426.96
909	22411.03
910	22383.62
911	22348.60
912	22309.40
913	22267.14
914	22219.42
915	22162.25
916	22091.42
917	22002.71
918	21891.89
919	21755.01
920	21590.48
921	21402.92
922	21201.86
923	20998.02
924	20802.24
925	20625.34
926	20478.07
927	20369.76
928	20303.77
929	20275.14
930	20275.53
931	20296.17
932	20328.30
933	20363.16
934	20392.30
935	20409.55
936	20414.05
937	20408.48
938	20396.27
939	20380.92
940	20365.92
941	20354.70
942	20350.11
943	20352.83
944	20361.11
945	20372.34
946	20383.86
947	20392.98
948	20397.04
949	20393.74
950	20382.71
951	20367.27
952	20352.63
953	20344.36
954	20348.02
955	20369.19
956	20413.24
957	20483.82
958	20579.62
959	20695.16
960	20823.85
961	20959.03
962	21094.02
963	21222.17
964	21336.95
965	21432.34
966	21503.06
967	21544.09
968	21550.44
969	21517.12
970	21439.17
971	21311.94
972	21132.77
973	20903.13
974	20626.87
975	20308.28
976	19951.69
977	19561.41
978	19141.83
979	18697.91
980	18236.35
981	17765.33
982	17293.48
983	16829.43
984	16381.83
985	15959.29
986	15569.76
987	15218.58
988	14907.67
989	14637.62
990	14408.87
991	14221.86
992	14077.02
993	13974.53
994	13913.16
995	13889.02
996	13896.78
997	13930.89
998	13985.79
999	14055.89
1000	14135.78
1001	14221.14
1002	14310.59
1003	14404.92
1004	14505.42
1005	14613.43
1006	14730.31
1007	14857.35
1008	14995.32
1009	15143.22
1010	15298.20
1011	15456.81
1012	15615.54
1013	15770.90
1014	15919.39
1015	16057.65
1016	16182.93
1017	16293.33
1018	16387.31
1019	16463.36
1020	16520.00
1021	16555.74
1022	16569.51
1023	16562.49
1024	16540.20
1025	16510.41
1026	16481.31
1027	16461.11
1028	16457.98
1029	16479.72
1030	16531.05
1031	16609.33
1032	16706.91
1033	16815.00
1034	16924.75
1035	17027.30
1036	17114.00
1037	17177.95
1038	17217.51
1039	17235.63
1040	17236.54
1041	17224.54
1042	17203.97
1043	17179.16
1044	17154.80
1045	17136.87
1046	17132.67
1047	17150.01
1048	17196.72
1049	17280.62
1050	17409.50
1051	17590.16
1052	17825.36
1053	18112.43
1054	18446.57
1055	18822.71
1056	19235.78
1057	19680.69
1058	20151.98
1059	20642.45
1060	21141.99
1061	21639.23
1062	22122.60
1063	22580.51
1064	23001.43
1065	23374.73
1066	23694.96
1067	23966.37
1068	24198.28
1069	24400.89
1070	24584.46
1071	24759.20
1072	24934.76
1073	25117.06
1074	25304.10
1075	25489.20
1076	25664.71
1077	25822.96
1078	25956.30
1079	26057.16
1080	26118.96
1081	26137.31
1082	26109.27
1083	26032.25
1084	25903.67
1085	25720.95
1086	25481.67
1087	25184.63
1088	24831.83
1089	24427.50
1090	23976.47
1091	23483.58
1092	22953.66
1093	22391.73
1094	21804.26
1095	21201.59
1096	20597.11
1097	20004.97
1098	19439.40
1099	18914.58
1100	18444.30
1101	18038.39
1102	17695.69
1103	17406.04
1104	17156.87
1105	16935.46
1106	16729.11
1107	16525.37
1108	16314.49
1109	16094.30
1110	15869.07
1111	15644.81
1112	15427.64
1113	15223.66
1114	15038.73
1115	14876.03
1116	14731.18
1117	14593.38
1118	14450.08
1119	14288.62
1120	14096.33
1121	13860.95
1122	13574.03
1123	13237.82
1124	12863.50
1125	12464.65
1126	12055.00
1127	11648.28
1128	11257.95
1129	10894.79
1130	10562.46
1131	10258.85
1132	9980.35
1133	9723.26
1134	9483.88
1135	9258.65
1136	9045.16
1137	8843.93
1138	8657.76
1139	8489.96
1140	8343.89
1141	8222.90
1142	8130.10
1143	8066.60
1144	8028.76
1145	8009.63
1146	8001.47
1147	7996.52
1148	7987.03
1149	7965.64
1150	7927.60
1151	7874.01
1152	7809.65
1153	7740.01
1154	7670.67
1155	7607.18
1156	7554.81
1157	7517.17
1158	7494.60
1159	7485.58
1160	7488.30
1161	7500.88
1162	7521.48
1163	7548.24
1164	7579.24
1165	7612.53
1166	7646.09
1167	7677.92
1168	7706.01
1169	7728.37
1170	7743.33
1171	7750.68
1172	7752.35
1173	7751.18
1174	7750.10
1175	7752.06
1176	7759.97
1177	7776.21
1178	7801.04
1179	7832.25
1180	7866.72
1181	7901.23
1182	7932.56
1183	7957.54
1184	7973.60
1185	7980.08
1186	7978.15
1187	7969.55
1188	7956.06
1189	7939.46
1190	7921.53
1191	7903.88
1192	7887.79
1193	7874.24
1194	7864.16
1195	7858.46
1196	7858.06
1197	7863.83
1198	7876.37
1199	7895.69
1200	7921.47
1201	7953.30
1202	7990.79
1203	8033.53
1204	8081.17
1205	8133.52
1206	8190.68
1207	8252.89
1208	8320.42
1209	8393.51
1210	8472.41
1211	8557.01
1212	8645.85
1213	8735.88
1214	8823.50
1215	8905.00
1216	8976.71
1217	9035.08
1218	9078.01
1219	9107.55
1220	9129.37
1221	9150.15
1222	9176.62
1223	9215.53
1224	9273.32
1225	9354.55
1226	9459.58
1227	9586.22
1228	9731.75
1229	9893.42
1230	10068.50
1231	10254.50
1232	10450.17
1233	10656.13
1234	10873.81
1235	11104.79
1236	11350.64
1237	11612.96
1238	11893.58
1239	12195.20
1240	12521.39
1241	12876.01
1242	13262.97
1243	13686.15
1244	14149.34
1245	14655.58
1246	15206.08
1247	15800.79
1248	16439.37
1249	17121.46
1250	17846.66
1251	18613.66
1252	19416.61
1253	20242.23
1254	21073.83
1255	21894.17
1256	22686.03
1257	23432.33
1258	24118.17
1259	24735.89
1260	25285.41
1261	25769.04
1262	26189.31
1263	26548.75
1264	26849.64
1265	27092.62
1266	27274.52
1267	27389.77
1268	27432.25
1269	27395.85
1270	27274.51
1271	27063.89
1272	26766.96
1273	26397.16
1274	25972.22
1275	25510.45
1276	25030.14
1277	24549.38
1278	24084.19
1279	23644.71
1280	23236.10
1281	22862.19
1282	22526.71
1283	22233.43
1284	21986.44
1285	21791.74
1286	21658.67
1287	21598.23
1288	21621.73
1289	21740.45
1290	21965.41
1291	22304.17
1292	22753.02
1293	23296.75
1294	23916.57
1295	24593.41
1296	25308.15
1297	26041.22
1298	26770.23
1299	27467.08
1300	28100.46
1301	28638.42
1302	29049.01
1303	29300.67
1304	29367.26
1305	29241.86
1306	28938.97
1307	28480.39
1308	27888.56
1309	27185.94
1310	26395.03
1311	25538.30
1312	24638.30
1313	23717.58
1314	22798.71
1315	21904.25
1316	21056.48
1317	20273.79
1318	19560.74
1319	18906.31
1320	18294.21
1321	17707.64
1322	17129.83
1323	16545.01
1324	15943.61
1325	15328.79
1326	14711.01
1327	14102.11
1328	13514.01
1329	12958.45
1330	12445.22
1331	11977.54
1332	11551.79
1333	11162.23
1334	10802.91
1335	10467.87
1336	10151.57
1337	9850.43
1338	9564.60
1339	9296.11
1340	9047.28
1341	8820.46
1342	8617.93
1343	8441.10
1344	8288.86
1345	8157.95
1346	8044.48
1347	7944.53
1348	7854.19
1349	7769.74
1350	7688.35
1351	7608.52
1352	7529.33
1353	7449.91
1354	7369.40
1355	7287.12
1356	7203.43
1357	7121.28
1358	7045.38
1359	6980.79
1360	6932.62
1361	6905.84
1362	6903.77
1363	6923.89
1364	6957.29
1365	6992.91
1366	7019.51
1367	7025.86
1368	7001.75
1369	6942.13
1370	6851.00
1371	6736.73
1372	6608.43
1373	6475.23
1374	6346.01
1375	6227.59
1376	6121.54
1377	6025.51
1378	5936.21
1379	5850.30
1380	5764.44
1381	5675.96
1382	5584.30
1383	5491.38
1384	5399.95
1385	5312.85
1386	5232.94
1387	5163.09
1388	5106.48
1389	5066.72
1390	5047.64
1391	5053.11
1392	5086.98
1393	5152.73
1394	5250.99
1395	5375.76
1396	5516.53
1397	5661.81
1398	5800.06
1399	5919.94
1400	6012.65
1401	6077.24
1402	6120.33
1403	6150.80
1404	6177.73
1405	6210.12
1406	6256.30
1407	6321.71
1408	6407.93
1409	6515.02
1410	6642.88
1411	6791.40
1412	6960.69
1413	7152.11
1414	7369.19
1415	7616.61
1416	7899.23
1417	8221.91
1418	8589.40
1419	9005.65
1420	9472.75
1421	9991.50
1422	10562.46
1423	11186.17
1424	11863.55
1425	12599.39
1426	13409.69
1427	14320.15
1428	15359.19
1429	16555.39
1430	17936.62
1431	19520.74
1432	21290.45
1433	23189.35
1434	25147.91
1435	27095.37
1436	28961.16
1437	30679.02
1438	32200.73
1439	33503.28
1440	34573.71
1441	35400.32
1442	35971.59
1443	36278.82
1444	36327.64
1445	36147.88
1446	35780.83
1447	35269.57
1448	34657.21
1449	33985.48
1450	33288.00
1451	32582.11
1452	31876.10
1453	31176.60
1454	30490.12
1455	29822.53
1456	29175.10
1457	28538.62
1458	27897.09
1459	27233.05
1460	26528.99
1461	25768.10
1462	24939.36
1463	24046.55
1464	23104.34
1465	22130.08
1466	21141.22
1467	20155.03
1468	19186.64
1469	18245.33
1470	17335.53
1471	16460.35
1472	15622.86
1473	14826.00
1474	14071.92
1475	13360.23
1476	12688.28
1477	12052.76
1478	11450.35
1479	10877.76
1480	10332.67
1481	9815.66
1482	9330.17
1483	8880.49
1484	8470.99
1485	8105.88
1486	7787.73
1487	7513.61
1488	7275.03
1489	7061.78
1490	6863.46
1491	6669.86
1492	6472.48
1493	6268.68
1494	6061.91
1495	5857.56
1496	5661.19
1497	5478.28
1498	5313.24
1499	5166.88
1500	5036.33
1501	4917.49
1502	4806.16
1503	4698.20
1504	4590.05
1505	4480.16
1506	4368.94
1507	4257.50
1508	4146.95
1509	4038.42
1510	3933.02
1511	3831.72
1512	3735.40
1513	3644.92
1514	3561.10
1515	3484.78
1516	3416.43
1517	3355.57
1518	3300.83
1519	3250.56
1520	3203.11
1521	3156.88
1522	3110.75
1523	3065.02
1524	3021.15
1525	2980.93
1526	2946.16
1527	2918.52
1528	2898.66
1529	2884.57
1530	2872.18
1531	2856.97
1532	2834.35
1533	2800.04
1534	2751.70
1535	2691.53
1536	2624.78
1537	2557.36
1538	2495.19
1539	2443.92
1540	2407.38
1541	2385.64
1542	2376.67
1543	2378.03
1544	2387.25
1545	2401.83
1546	2419.08
1547	2436.01
1548	2449.48
1549	2456.32
1550	2453.37
1551	2438.04
1552	2410.01
1553	2372.33
1554	2329.40
1555	2285.82
1556	2246.16
1557	2214.29
1558	2191.66
1559	2176.92
1560	2167.70
1561	2161.57
1562	2156.14
1563	2149.78
1564	2143.17
1565	2139.02
1566	2140.66
1567	2151.46
1568	2174.50
1569	2210.86
1570	2256.63
1571	2304.45
1572	2346.16
1573	2373.57
1574	2379.21
1575	2359.62
1576	2319.08
1577	2265.94
1578	2209.28
1579	2158.16
1580	2120.73
1581	2101.16
1582	2097.97
1583	2107.37
1584	2125.29
1585	2147.66
1586	2170.90
1587	2193.01
1588	2213.55
1589	2232.62
1590	2250.34
1591	2266.88
1592	2282.78
1593	2299.44
1594	2318.87
1595	2343.27
1596	2374.81
1597	2415.38
1598	2465.40
1599	2522.57
1600	2583.26
1601	2643.61
1602	2699.75
1603	2748.40
1604	2788.27
1605	2820.58
1606	2847.45
1607	2871.11
1608	2893.81
1609	2918.30
1610	2948.58
1611	2989.64
1612	3046.78
1613	3125.26
1614	3229.84
1615	3362.46
1616	3519.65
1617	3695.16
1618	3882.23
1619	4074.17
1620	4265.69
1621	4456.75
1622	4653.64
1623	4864.90
1624	5099.28
1625	5365.37
1626	5670.15
1627	6016.52
1628	6404.40
1629	6832.96
1630	7301.32
1631	7808.76
1632	8355.13
1633	8941.29
1634	9568.55
1635	10238.29
1636	10952.08
1637	11713.87
1638	12534.93
1639	13433.65
1640	14430.58
1641	15546.40
1642	16801.14
1643	18210.94
1644	19784.07
1645	21524.44
1646	23435.07
1647	25518.47
1648	27769.14
1649	30152.79
1650	32601.87
1651	35037.25
1652	37378.68
1653	39545.60
1654	41455.70
1655	43022.54
1656	44157.12
1657	44769.91
1658	44772.43
1659	44094.84
1660	42739.44
1661	40799.94
1662	38404.05
1663	35683.10
1664	32766.99
1665	29773.79
1666	26793.94
1667	23899.49
1668	21158.38
1669	18637.86
1670	16396.43
1671	14458.77
1672	12806.66
1673	11405.89
1674	10220.56
1675	9215.21
1676	8358.16
1677	7626.22
1678	7001.62
1679	6467.75
1680	6008.13
1681	5607.28
1682	5253.35
1683	4938.74
1684	4657.28
1685	4402.98
1686	4170.14
1687	3954.86
1688	3756.87
1689	3577.95
1690	3420.24
1691	3285.84
1692	3175.93
1693	3088.75
1694	3019.70
1695	2963.35
1696	2914.18
1697	2867.07
1698	2818.67
1699	2768.58
1700	2717.78
1701	2667.43
1702	2618.76
1703	2573.18
1704	2532.66
1705	2499.54
1706	2476.30
1707	2465.37
1708	2468.69
1709	2486.35
1710	2516.19
1711	2555.25
1712	2600.49
1713	2649.04
1714	2699.15
1715	2751.15
1716	2806.44
1717	2866.67
1718	2933.49
1719	3008.81
1720	3095.24
1721	3195.97
1722	3314.33
1723	3453.65
1724	3616.82
1725	3805.15
1726	4017.98
1727	4253.91
1728	4511.47
1729	4789.25
1730	5086.11
1731	5401.44
1732	5734.92
1733	6086.24
1734	6454.87
1735	6838.31
1736	7229.16
1737	7616.38
1738	7988.13
1739	8332.54
1740	8638.92
1741	8900.29
1742	9113.52
1743	9276.76
1744	9388.23
1745	9445.79
1746	9445.79
1747	9382.30
1748	9248.52
1749	9037.55
1750	8743.48
1751	8366.35
1752	7917.63
1753	7415.04
1754	6877.39
1755	6323.44
1756	5770.99
1757	5235.54
1758	4730.93
1759	4270.60
1760	3867.66
1761	3531.60
1762	3260.99
1763	3044.22
1764	2866.71
1765	2713.75
1766	2572.07
1767	2433.77
1768	2297.26
1769	2163.25
1770	2032.64
1771	1906.76
1772	1788.53
1773	1683.32
1774	1597.51
1775	1537.57
1776	1509.07
1777	1512.68
1778	1540.31
1779	1579.50
1780	1617.12
1781	1640.67
1782	1641.98
1783	1621.96
1784	1586.83
1785	1543.86
1786	1500.16
1787	1461.32
1788	1429.31
1789	1403.63
1790	1383.22
1791	1367.02
1792	1354.19
1793	1344.48
1794	1338.08
1795	1335.31
1796	1336.42
1797	1341.03
1798	1346.89
1799	1350.12
1800	1346.41
1801	1331.60
1802	1303.35
1803	1265.09
1804	1225.65
1805	1195.48
1806	1184.93
1807	1201.46
1808	1243.22
1809	1298.93
1810	1354.36
1811	1395.22
1812	1409.76
1813	1394.74
1814	1355.93
1815	1301.99
1816	1241.80
1817	1183.47
1818	1132.53
1819	1091.75
1820	1062.95
1821	1047.83
1822	1047.28
1823	1059.52
1824	1079.82
1825	1102.54
1826	1121.99
1827	1133.37
1828	1134.90
1829	1127.93
1830	1114.84
1831	1098.08
1832	1080.16
1833	1063.62
1834	1051.13
1835	1045.32
1836	1048.78
1837	1062.99
1838	1086.12
1839	1113.20
1840	1138.38
1841	1155.91
1842	1162.19
1843	1159.64
1844	1155.89
1845	1160.01
1846	1180.65
1847	1222.13
1848	1277.36
1849	1330.48
1850	1363.51
1851	1359.42
1852	1309.60
1853	1225.24
1854	1130.90
1855	1054.00
1856	1020.16
1857	1042.52
1858	1108.34
1859	1189.93
1860	1256.80
1861	1281.22
1862	1250.37
1863	1177.90
1864	1090.45
1865	1016.58
1866	981.46
1867	995.02
1868	1045.02
1869	1110.01
1870	1167.55
1871	1198.58
1872	1196.43
1873	1168.88
1874	1128.73
1875	1089.09
1876	1060.94
1877	1048.84
1878	1051.51
1879	1065.98
1880	1089.02
1881	1116.55
1882	1142.23
1883	1158.26
1884	1156.48
1885	1129.78
1886	1076.94
1887	1007.99
1888	938.89
1889	886.54
1890	865.66
1891	881.47
1892	925.78
1893	984.98
1894	1044.90
1895	1093.28
1896	1124.07
1897	1137.53
1898	1135.89
1899	1121.64
1900	1097.92
1901	1069.47
1902	1042.21
1903	1022.28
1904	1015.15
1905	1022.78
1906	1040.82
1907	1061.77
1908	1077.75
1909	1082.34
1910	1074.68
1911	1060.62
1912	1048.37
1913	1046.14
1914	1059.60
1915	1087.70
1916	1124.10
1917	1161.10
1918	1191.40
1919	1210.17
1920	1217.17
1921	1214.53
1922	1204.75
1923	1190.29
1924	1173.28
1925	1155.48
1926	1138.54
1927	1123.96
1928	1112.33
1929	1101.92
1930	1089.39
1931	1071.01
1932	1043.71
1933	1007.56
1934	967.58
1935	930.99
1936	905.17
1937	895.58
1938	901.79
1939	917.89
1940	936.39
1941	950.22
1942	955.39
1943	953.96
1944	951.21
1945	952.93
1946	963.74
1947	983.97
1948	1009.28
1949	1033.75
1950	1051.65
1951	1059.53
1952	1058.90
1953	1054.25
1954	1050.65
1955	1052.44
1956	1061.18
1957	1075.04
1958	1091.01
1959	1106.04
1960	1117.93
1961	1126.31
1962	1131.95
1963	1135.86
1964	1138.62
1965	1139.10
1966	1134.17
1967	1120.01
1968	1093.19
1969	1053.46
1970	1007.38
1971	965.63
1972	939.50
1973	937.48
1974	958.11
1975	989.13
1976	1014.74
1977	1020.21
1978	998.56
1979	957.72
1980	913.49
1981	882.72
1982	878.55
1983	902.80
1984	947.02
1985	999.82
1986	1050.38
1987	1091.36
1988	1120.82
1989	1139.18
1990	1147.15
1991	1145.14
1992	1132.81
1993	1109.32
1994	1073.79
1995	1026.49
1996	971.90
1997	919.15
1998	878.93
1999	860.92
2000	868.65
2001	894.76
2002	926.52
2003	950.77
2004	957.95
2005	948.02
2006	928.05
2007	906.76
2008	891.72
2009	885.89
2010	887.03
2011	891.10
2012	894.48
2013	896.40
2014	900.88
2015	914.20
2016	942.38
2017	986.94
2018	1038.78
2019	1081.77
2020	1098.64
2021	1077.12
2022	1020.77
2023	948.04
2024	881.66
2025	841.65
2026	835.78
2027	855.64
2028	886.67
2029	914.59
2030	930.19
2031	933.39
2032	928.59
2033	920.93
2034	915.37
2035	916.47
2036	928.50
2037	955.40
2038	998.28
2039	1050.40
2040	1098.41
2041	1127.46
2042	1125.93
2043	1093.59
2044	1042.32
2045	987.85
2046	944.48
2047	919.40
2048	910.35
2049	911.43
2050	916.91
2051	923.93
2052	934.18
2053	951.44
2054	979.08
2055	1016.73
2056	1056.80
2057	1087.97
2058	1099.23
2059	1085.70
2060	1055.96
2061	1026.68
2062	1015.29
2063	1032.62
2064	1073.30
2065	1120.92
2066	1157.03
2067	1167.63
2068	1150.68
2069	1113.27
2070	1064.67
2071	1013.25
2072	964.47
2073	921.35
2074	886.33
2075	862.23
2076	853.18
2077	864.41
2078	901.13
2079	964.33
2080	1042.15
2081	1110.96
2082	1144.42
2083	1124.87
2084	1062.06
2085	991.46
2086	955.13
2087	983.88
2088	1072.32
2089	1181.15
2090	1262.10
2091	1277.57
2092	1224.08
2093	1129.30
2094	1029.28
2095	954.03
2096	914.24
2097	903.80
2098	912.05
2099	929.15
2100	948.35
2101	965.45
2102	977.18
2103	982.96
2104	988.82
2105	1005.65
2106	1044.44
2107	1108.27
2108	1181.60
2109	1236.77
2110	1245.81
2111	1195.68
2112	1104.57
2113	1008.54
2114	943.89
2115	929.57
2116	953.00
2117	986.11
2118	1001.63
2119	987.85
2120	956.73
2121	930.11
2122	927.52
2123	954.64
2124	999.91
2125	1045.76
2126	1077.26
2127	1089.82
2128	1089.10
2129	1083.66
2130	1080.60
2131	1082.45
2132	1088.28
2133	1096.16
2134	1103.52
2135	1106.52
2136	1100.65
2137	1082.32
2138	1053.35
2139	1024.17
2140	1008.95
2141	1019.55
2142	1057.32
2143	1111.20
2144	1165.99
2145	1208.92
2146	1235.14
2147	1246.48
2148	1246.39
2149	1236.88
2150	1216.81
2151	1183.25
2152	1134.47
2153	1075.96
2154	1023.79
2155	998.04
2156	1012.84
2157	1061.43
2158	1116.39
2159	1145.57
2160	1128.17
2161	1070.48
2162	996.28
2163	930.93
2164	889.85
2165	872.97
2166	873.50
2167	883.82
2168	896.41
2169	904.00
2170	900.22
2171	884.14
2172	866.36
2173	863.93
2174	890.41
2175	940.44
2176	984.17
2177	984.46
2178	920.21
2179	814.50
2180	723.35
2181	703.20
2182	773.94
2183	896.56
2184	1007.09
2185	1053.28
2186	1028.54
2187	966.93
2188	910.90
2189	886.92
2190	891.35
2191	905.91
2192	913.19
2193	906.26
2194	888.38
2195	865.57
2196	842.46
2197	820.67
2198	800.37
2199	782.07
2200	768.31
2201	763.50
2202	771.57
2203	791.00
2204	810.64
2205	815.24
2206	794.83
2207	756.77
2208	723.29
2209	717.47
2210	747.77
2211	799.90
2212	850.35
2213	879.57
2214	881.08
2215	857.90
2216	816.89
2217	771.11
2218	740.85
2219	746.72
2220	795.73
2221	867.56
2222	927.76
2223	947.60
2224	922.89
2225	871.08
2226	814.54
2227	771.19
2228	752.24
2229	764.58
2230	804.86
2231	848.83
2232	861.27
2233	817.69
2234	731.96
2235	651.35
2236	623.31
2237	658.48
2238	718.69
2239	751.74
2240	729.16
2241	671.00
2242	620.71
2243	611.16
2244	637.77
2245	669.32
2246	676.45
2247	656.78
2248	635.19
2249	640.36
2250	682.13
2251	743.62
2252	799.24
2253	831.77
2254	841.33
2255	836.59
2256	827.01
2257	820.52
2258	823.77
2259	840.08
2260	864.32
2261	884.83
2262	891.43
2263	884.39
2264	874.27
2265	871.95
2266	877.53
2267	877.82
2268	857.31
2269	810.69
2270	747.98
2271	685.19
2272	637.28
2273	616.06
2274	629.88
2275	675.40
2276	727.89
2277	754.19
2278	735.72
2279	687.79
2280	643.75
2281	631.46
2282	658.62
2283	719.49
2284	799.10
2285	867.22
2286	886.10
2287	834.69
2288	736.78
2289	644.66
2290	601.27
2291	610.57
2292	650.13
2293	697.23
2294	743.15
2295	788.45
2296	832.31
2297	865.54
2298	874.47
2299	852.82
2300	813.53
2301	780.17
2302	768.15
2303	770.30
2304	767.54
2305	747.04
2306	713.13
2307	678.59
2308	652.90
2309	636.99
2310	628.71
2311	630.29
2312	651.52
2313	701.81
2314	776.25
2315	850.97
2316	898.48
2317	902.98
2318	862.65
2319	785.05
2320	692.35
2321	618.02
2322	589.27
2323	609.68
2324	665.37
2325	733.88
2326	783.52
2327	784.32
2328	736.58
2329	687.36
2330	689.47
2331	745.54
2332	799.90
2333	796.62
2334	734.94
2335	658.67
2336	607.15
2337	584.20
2338	574.39
2339	567.97
2340	569.85
2341	587.31
2342	614.73
2343	633.52
2344	630.72
2345	617.37
2346	618.85
2347	652.23
2348	714.43
2349	790.15
2350	852.98
2351	868.62
2352	817.35
2353	720.80
2354	625.14
2355	569.81
2356	574.43
2357	637.27
2358	716.75
2359	744.99
2360	690.21
2361	605.02
2362	567.54
2363	596.98
2364	644.56
2365	666.51
2366	679.00
2367	722.03
2368	790.04
2369	817.94
2370	757.03
2371	647.48
2372	573.86
2373	574.34
2374	614.91
2375	648.37
2376	657.48
2377	646.12
2378	623.59
2379	600.88
2380	592.70
2381	619.82
2382	693.39
2383	781.01
2384	815.30
2385	768.69
2386	703.51
2387	693.92
2388	729.76
2389	740.60
2390	689.91
2391	608.78
2392	544.27
2393	523.08
2394	554.36
2395	631.75
2396	733.94
2397	823.11
2398	847.78
2399	783.56
2400	675.81
2401	596.36
2402	581.67
2403	626.26
2404	693.26
2405	726.22
2406	698.90
2407	649.59
2408	623.98
2409	615.62
2410	598.62
2411	591.99
2412	643.22
2413	745.85
2414	827.27
2415	839.67
2416	807.79
2417	771.96
2418	743.45
2419	712.11
2420	657.29
2421	575.77
2422	522.91
2423	564.00
2424	663.79
2425	714.63
2426	682.17
2427	628.18
2428	609.12
2429	630.82
2430	658.39
2431	639.60
2432	581.30
2433	573.01
2434	660.66
2435	775.42
2436	838.02
2437	831.96
2438	774.17
2439	691.14
2440	612.75
2441	568.00
2442	572.87
2443	619.63
2444	678.43
2445	708.15
2446	698.23
2447	681.02
2448	678.54
2449	681.76
2450	681.74
