150	4954.57
151	4948.03
152	4940.54
153	4934.12
154	4929.11
155	4925.83
156	4924.63
157	4925.87
158	4929.89
159	4937.07
160	4947.74
161	4962.26
162	4980.88
163	5003.49
164	5029.54
165	5058.32
166	5089.08
167	5121.11
168	5153.66
169	5186.00
170	5217.40
171	5247.15
172	5274.60
173	5299.18
174	5320.38
175	5337.67
176	5350.52
177	5358.41
178	5360.81
179	5357.21
180	5347.30
181	5331.56
182	5311.40
183	5288.58
184	5264.92
185	5242.22
186	5222.28
187	5206.90
188	5197.88
189	5196.65
190	5203.38
191	5216.71
192	5234.77
193	5255.59
194	5277.25
195	5297.79
196	5315.27
197	5327.78
198	5333.81
199	5333.32
200	5327.88
201	5319.63
202	5310.78
203	5303.51
204	5300.02
205	5302.50
206	5313.12
207	5333.52
208	5363.67
209	5401.82
210	5445.63
211	5492.74
212	5540.77
213	5587.36
214	5630.12
215	5666.74
216	5695.45
217	5716.16
218	5730.39
219	5740.13
220	5747.38
221	5754.18
222	5762.53
223	5774.47
224	5791.95
225	5816.45
226	5848.02
227	5885.54
228	5927.62
229	5972.80
230	6019.63
231	6066.69
232	6112.53
233	6155.74
234	6195.10
235	6229.90
236	6259.81
237	6284.57
238	6303.93
239	6317.64
240	6325.45
241	6327.11
242	6322.44
243	6311.74
244	6296.30
245	6278.07
246	6259.09
247	6241.42
248	6227.14
249	6218.30
250	6216.96
251	6224.97
252	6243.12
253	6270.18
254	6303.92
255	6341.92
256	6381.76
257	6421.02
258	6457.27
259	6488.12
260	6511.44
261	6526.40
262	6534.13
263	6536.60
264	6535.88
265	6534.05
266	6533.21
267	6535.44
268	6542.78
269	6556.94
270	6578.24
271	6605.38
272	6636.46
273	6669.53
274	6702.64
275	6733.84
276	6761.18
277	6782.74
278	6796.95
279	6803.29
280	6802.23
281	6794.53
282	6780.97
283	6762.31
284	6739.34
285	6712.83
286	6683.56
287	6652.42
288	6620.48
289	6589.01
290	6559.27
291	6532.54
292	6510.10
293	6493.24
294	6483.22
295	6481.19
296	6487.53
297	6501.17
298	6520.31
299	6542.99
300	6567.26
301	6591.16
302	6612.74
303	6630.06
304	6641.37
305	6645.69
306	6643.19
307	6634.45
308	6620.14
309	6600.89
310	6577.37
311	6550.23
312	6520.12
313	6487.76
314	6454.10
315	6420.26
316	6387.46
317	6356.89
318	6329.76
319	6307.29
320	6290.67
321	6281.05
322	6279.16
323	6284.71
324	6296.71
325	6314.03
326	6335.50
327	6359.97
328	6386.31
329	6413.35
330	6440.02
331	6465.49
332	6489.44
333	6511.79
334	6532.47
335	6551.43
336	6568.61
337	6583.96
338	6597.41
339	6608.88
340	6618.21
341	6625.13
342	6629.34
343	6630.55
344	6628.45
345	6622.73
346	6613.11
347	6599.29
348	6581.20
349	6559.21
350	6534.07
351	6506.61
352	6477.66
353	6448.04
354	6418.59
355	6390.14
356	6363.47
357	6339.18
358	6317.55
359	6298.67
360	6282.63
361	6269.52
362	6259.42
363	6252.40
364	6248.55
365	6247.84
366	6249.95
367	6254.19
368	6259.79
369	6265.95
370	6271.88
371	6276.78
372	6279.87
373	6280.40
374	6277.89
375	6272.53
376	6264.95
377	6255.85
378	6245.94
379	6235.94
380	6226.55
381	6218.49
382	6212.43
383	6208.91
384	6208.24
385	6210.64
386	6216.35
387	6225.59
388	6238.56
389	6255.50
390	6276.61
391	6301.88
392	6330.80
393	6362.40
394	6395.61
395	6429.34
396	6462.49
397	6493.98
398	6522.73
399	6547.75
400	6568.54
401	6585.46
402	6599.26
403	6610.74
404	6620.75
405	6630.09
406	6639.59
407	6650.04
408	6662.08
409	6675.70
410	6690.37
411	6705.34
412	6719.88
413	6733.26
414	6744.72
415	6753.54
416	6759.01
417	6760.70
418	6758.60
419	6752.99
420	6744.17
421	6732.44
422	6718.12
423	6701.51
424	6682.92
425	6662.73
426	6641.52
427	6620.10
428	6599.32
429	6580.05
430	6563.16
431	6549.52
432	6540.01
433	6535.41
434	6536.15
435	6541.90
436	6551.93
437	6565.44
438	6581.63
439	6599.70
440	6618.84
441	6638.26
442	6657.24
443	6675.25
444	6692.03
445	6707.34
446	6720.97
447	6732.72
448	6742.35
449	6749.67
450	6754.46
451	6756.56
452	6755.90
453	6752.41
454	6746.08
455	6736.87
456	6724.72
457	6709.63
458	6691.56
459	6670.78
460	6648.32
461	6625.92
462	6605.50
463	6589.01
464	6578.39
465	6575.58
466	6582.51
467	6600.82
468	6630.81
469	6670.69
470	6717.77
471	6769.19
472	6822.12
473	6873.72
474	6921.15
475	6961.65
476	6993.21
477	7015.60
478	7029.95
479	7037.67
480	7040.20
481	7038.98
482	7035.44
483	7031.02
484	7026.99
485	7024.00
486	7022.00
487	7020.64
488	7019.56
489	7018.40
490	7016.78
491	7014.36
492	7010.80
493	7006.06
494	7000.64
495	6995.30
496	6990.88
497	6988.21
498	6988.12
499	6991.44
500	6998.99
501	7011.30
502	7028.12
503	7048.55
504	7071.48
505	7095.79
506	7120.37
507	7144.10
508	7165.86
509	7184.63
510	7199.69
511	7210.77
512	7217.78
513	7220.63
514	7219.25
515	7213.58
516	7203.52
517	7189.05
518	7170.28
519	7147.70
520	7121.98
521	7093.86
522	7064.04
523	7033.26
524	7002.23
525	6971.68
526	6942.21
527	6914.15
528	6887.60
529	6862.58
530	6839.10
531	6817.19
532	6796.86
533	6778.13
534	6761.00
535	6745.40
536	6731.19
537	6718.18
538	6706.17
539	6695.00
540	6684.46
541	6674.38
542	6664.53
543	6654.59
544	6644.01
545	6632.13
546	6618.26
547	6601.73
548	6581.86
549	6557.98
550	6529.45
551	6496.01
552	6458.29
553	6417.55
554	6375.15
555	6332.49
556	6290.96
557	6251.95
558	6216.83
559	6186.83
560	6162.71
561	6144.80
562	6133.28
563	6128.34
564	6130.15
565	6138.91
566	6154.79
567	6177.87
568	6207.87
569	6244.04
570	6285.47
571	6331.22
572	6380.35
573	6431.92
574	6484.99
575	6538.75
576	6592.84
577	6647.77
578	6704.42
579	6763.74
580	6826.67
581	6894.17
582	6967.17
583	7046.47
584	7131.90
585	7221.32
586	7311.41
587	7398.60
588	7479.36
589	7550.11
590	7607.31
591	7647.55
592	7668.78
593	7672.31
594	7661.88
595	7641.89
596	7616.72
597	7590.77
598	7568.43
599	7554.02
600	7550.74
601	7558.64
602	7574.90
603	7595.86
604	7617.80
605	7637.01
606	7649.79
607	7652.46
608	7641.98
609	7617.47
610	7580.35
611	7532.85
612	7477.25
613	7415.84
614	7350.91
615	7284.72
616	7219.44
617	7156.71
618	7097.52
619	7042.64
620	6992.78
621	6948.69
622	6911.08
623	6880.67
624	6858.00
625	6842.72
626	6833.25
627	6827.45
628	6823.15
629	6818.15
630	6810.25
631	6797.26
632	6777.21
633	6749.07
634	6713.42
635	6671.61
636	6625.08
637	6575.27
638	6523.63
639	6471.62
640	6420.65
641	6372.03
642	6326.82
643	6286.00
644	6250.50
645	6221.26
646	6199.22
647	6185.31
648	6180.35
649	6184.34
650	6195.83
651	6212.54
652	6232.05
653	6251.93
654	6269.76
655	6283.11
656	6289.75
657	6288.64
658	6281.13
659	6269.91
660	6257.93
661	6248.16
662	6243.58
663	6247.12
664	6261.52
665	6287.98
666	6324.55
667	6367.46
668	6412.58
669	6455.74
670	6492.80
671	6519.62
672	6532.40
673	6529.38
674	6513.17
675	6488.91
676	6462.25
677	6438.86
678	6424.42
679	6424.57
680	6444.60
681	6487.50
682	6551.48
683	6631.97
684	6723.89
685	6822.13
686	6921.56
687	7017.08
688	7103.92
689	7179.23
690	7244.02
691	7301.49
692	7355.24
693	7408.88
694	7466.03
695	7530.29
696	7605.06
697	7692.51
698	7792.49
699	7903.64
700	8024.35
701	8153.03
702	8288.07
703	8427.88
704	8570.86
705	8715.51
706	8860.48
707	9004.47
708	9146.19
709	9284.38
710	9417.74
711	9545.00
712	9664.98
713	9776.93
714	9880.79
715	9976.83
716	10065.34
717	10146.63
718	10221.02
719	10288.80
720	10350.28
721	10405.71
722	10455.31
723	10499.26
724	10537.75
725	10570.95
726	10599.06
727	10622.25
728	10640.65
729	10654.20
730	10662.56
731	10665.35
732	10662.15
733	10652.54
734	10636.11
735	10612.48
736	10581.55
737	10544.18
738	10502.24
739	10457.93
740	10413.46
741	10371.03
742	10332.87
743	10301.14
744	10277.60
745	10262.85
746	10256.48
747	10257.80
748	10266.12
749	10280.74
750	10300.96
751	10326.10
752	10355.51
753	10388.72
754	10425.31
755	10464.89
756	10507.11
757	10551.57
758	10597.89
759	10645.64
760	10694.04
761	10741.67
762	10786.73
763	10827.37
764	10861.72
765	10887.93
766	10904.15
767	10908.83
768	10901.78
769	10884.92
770	10861.08
771	10833.23
772	10804.34
773	10777.38
774	10755.30
775	10740.59
776	10734.16
777	10735.05
778	10741.62
779	10752.19
780	10765.07
781	10778.57
782	10791.11
783	10802.28
784	10814.97
785	10834.98
786	10868.87
787	10923.27
788	11004.79
789	11120.05
790	11275.26
791	11473.92
792	11713.50
793	11987.70
794	12289.43
795	12611.55
796	12946.95
797	13288.50
798	13629.57
799	13965.72
800	14296.12
801	14621.59
802	14943.17
803	15261.94
804	15578.96
805	15895.28
806	16211.72
807	16528.25
808	16843.90
809	17157.40
810	17467.42
811	17772.65
812	18071.77
813	18363.60
814	18648.04
815	18927.85
816	19207.93
817	19493.75
818	19790.79
819	20104.52
820	20440.43
821	20803.57
822	21196.85
823	21619.15
824	22067.31
825	22537.82
826	23027.16
827	23531.79
828	24048.21
829	24572.95
830	25102.79
831	25634.78
832	26166.09
833	26693.87
834	27215.31
835	27727.56
836	28227.80
837	28713.15
838	29180.65
839	29627.29
840	30050.02
841	30445.80
842	30811.60
843	31144.38
844	31441.47
845	31701.99
846	31928.14
847	32123.61
848	32292.33
849	32438.23
850	32565.26
851	32677.34
852	32778.46
853	32872.61
854	32963.86
855	33056.33
856	33154.09
857	33261.27
858	33381.93
859	33519.79
860	33676.09
861	33846.52
862	34023.35
863	34198.17
864	34362.47
865	34507.79
866	34625.70
867	34708.60
868	34752.37
869	34757.42
870	34725.95
871	34660.34
872	34563.02
873	34436.36
874	34282.83
875	34105.16
876	33906.89
877	33692.13
878	33465.17
879	33230.28
880	32991.72
881	32753.75
882	32520.01
883	32291.29
884	32064.09
885	31832.98
886	31592.30
887	31336.37
888	31059.51
889	30756.30
890	30423.60
891	30064.76
892	29688.51
893	29304.99
894	28924.46
895	28557.19
896	28213.37
897	27902.53
898	27630.80
899	27398.77
900	27204.54
901	27045.84
902	26920.36
903	26825.81
904	26759.83
905	26719.35
906	26699.38
907	26693.27
908	26693.92
909	26694.22
910	26687.05
911	26665.31
912	26622.38
913	26553.95
914	26459.24
915	26339.12
916	26194.63
917	26026.87
918	25836.92
919	25625.98
920	25396.45
921	25153.82
922	24906.02
923	24661.62
924	24429.19
925	24217.32
926	24034.55
927	23888.15
928	23780.21
929	23705.51
930	23655.92
931	23622.92
932	23597.99
933	23572.62
934	23538.59
935	23489.83
936	23425.30
937	23347.27
938	23258.75
939	23162.82
940	23062.50
941	22960.82
942	22860.27
943	22761.43
944	22662.75
945	22561.94
946	22456.64
947	22344.50
948	22223.18
949	22090.83
950	21948.45
951	21802.31
952	21661.45
953	21535.38
954	21433.63
955	21365.74
956	21340.94
957	21365.57
958	21437.83
959	21549.07
960	21688.77
961	21846.29
962	22011.01
963	22172.31
964	22320.04
965	22445.87
966	22543.96
967	22609.43
968	22637.53
969	22623.52
970	22562.64
971	22450.61
972	22285.78
973	22072.04
974	21816.45
975	21526.69
976	21210.45
977	20875.42
978	20529.28
979	20179.22
980	19831.19
981	19489.99
982	19160.12
983	18846.06
984	18552.27
985	18283.23
986	18043.18
987	17835.60
988	17662.89
989	17527.06
990	17430.05
991	17373.84
992	17360.35
993	17391.19
994	17466.03
995	17580.88
996	17729.82
997	17906.57
998	18104.87
999	18318.43
1000	18541.09
1001	18767.71
1002	18995.71
1003	19224.46
1004	19453.78
1005	19683.53
1006	19913.58
1007	20143.77
1008	20373.80
1009	20602.93
1010	20829.91
1011	21053.32
1012	21271.77
1013	21483.82
1014	21688.06
1015	21882.96
1016	22066.52
1017	22236.04
1018	22388.59
1019	22521.14
1020	22630.73
1021	22714.36
1022	22769.57
1023	22796.81
1024	22802.02
1025	22794.04
1026	22782.27
1027	22776.08
1028	22784.85
1029	22817.51
1030	22879.54
1031	22968.21
1032	23075.16
1033	23190.73
1034	23305.22
1035	23408.94
1036	23492.40
1037	23548.56
1038	23577.37
1039	23584.91
1040	23579.02
1041	23567.64
1042	23558.69
1043	23560.09
1044	23579.24
1045	23621.81
1046	23691.58
1047	23791.66
1048	23925.14
1049	24095.07
1050	24304.54
1051	24556.29
1052	24852.01
1053	25191.85
1054	25575.35
1055	26002.00
1056	26471.29
1057	26982.65
1058	27534.50
1059	28120.45
1060	28726.23
1061	29334.03
1062	29925.53
1063	30482.37
1064	30986.27
1065	31420.62
1066	31778.14
1067	32069.13
1068	32313.10
1069	32531.13
1070	32744.38
1071	32973.95
1072	33239.66
1073	33553.06
1074	33908.06
1075	34288.11
1076	34674.58
1077	35048.75
1078	35391.91
1079	35685.60
1080	35913.48
1081	36064.05
1082	36129.00
1083	36100.78
1084	35971.86
1085	35734.71
1086	35382.23
1087	34910.74
1088	34325.12
1089	33636.53
1090	32857.66
1091	32001.26
1092	31080.07
1093	30106.95
1094	29095.59
1095	28061.93
1096	27023.67
1097	25998.95
1098	25005.94
1099	24062.82
1100	23187.41
1101	22394.33
1102	21689.29
1103	21070.72
1104	20535.06
1105	20078.65
1106	19697.83
1107	19388.89
1108	19147.73
1109	18969.06
1110	18846.63
1111	18773.94
1112	18744.43
1113	18751.56
1114	18788.61
1115	18846.84
1116	18911.93
1117	18964.77
1118	18984.95
1119	18951.97
1120	18845.35
1121	18645.29
1122	18338.47
1123	17929.72
1124	17439.09
1125	16890.68
1126	16308.87
1127	15718.03
1128	15142.06
1129	14600.86
1130	14103.28
1131	13649.35
1132	13236.80
1133	12863.20
1134	12526.13
1135	12223.20
1136	11952.14
1137	11711.06
1138	11498.37
1139	11312.50
1140	11151.94
1141	11015.13
1142	10900.46
1143	10805.75
1144	10727.40
1145	10660.86
1146	10601.35
1147	10544.07
1148	10484.25
1149	10417.36
1150	10340.68
1151	10255.50
1152	10165.62
1153	10075.35
1154	9989.04
1155	9911.02
1156	9845.30
1157	9794.06
1158	9755.72
1159	9726.70
1160	9703.00
1161	9680.61
1162	9655.55
1163	9624.29
1164	9585.65
1165	9542.55
1166	9499.87
1167	9462.82
1168	9436.62
1169	9426.43
1170	9436.52
1171	9467.07
1172	9512.32
1173	9563.99
1174	9613.48
1175	9652.19
1176	9671.60
1177	9664.76
1178	9630.54
1179	9574.91
1180	9506.33
1181	9433.58
1182	9365.39
1183	9310.40
1184	9275.61
1185	9262.94
1186	9269.33
1187	9290.25
1188	9321.01
1189	9356.96
1190	9393.53
1191	9427.03
1192	9456.10
1193	9481.15
1194	9503.03
1195	9522.61
1196	9540.78
1197	9558.34
1198	9575.71
1199	9592.46
1200	9607.69
1201	9620.37
1202	9629.48
1203	9634.01
1204	9633.13
1205	9626.92
1206	9616.92
1207	9605.36
1208	9594.60
1209	9586.95
1210	9584.73
1211	9590.05
1212	9604.14
1213	9627.16
1214	9658.94
1215	9699.23
1216	9747.81
1217	9804.48
1218	9869.31
1219	9943.17
1220	10027.64
1221	10124.51
1222	10235.56
1223	10362.56
1224	10507.09
1225	10669.40
1226	10846.74
1227	11034.59
1228	11228.03
1229	11422.13
1230	11611.98
1231	11793.50
1232	11966.26
1233	12135.61
1234	12309.41
1235	12495.90
1236	12703.31
1237	12939.77
1238	13211.67
1239	13519.70
1240	13858.52
1241	14220.83
1242	14599.19
1243	14986.15
1244	15374.70
1245	15761.25
1246	16150.51
1247	16552.90
1248	16980.17
1249	17444.14
1250	17956.56
1251	18527.40
1252	19158.00
1253	19835.47
1254	20540.35
1255	21252.17
1256	21950.45
1257	22614.93
1258	23228.29
1259	23783.01
1260	24281.82
1261	24730.68
1262	25135.87
1263	25503.62
1264	25839.63
1265	26145.82
1266	26415.39
1267	26635.98
1268	26794.04
1269	26875.92
1270	26868.18
1271	26760.11
1272	26553.09
1273	26265.72
1274	25923.72
1275	25553.66
1276	25182.17
1277	24835.42
1278	24535.03
1279	24289.81
1280	24097.79
1281	23954.04
1282	23853.43
1283	23790.92
1284	23762.87
1285	23773.02
1286	23838.40
1287	23982.63
1288	24230.41
1289	24606.46
1290	25134.93
1291	25832.72
1292	26693.00
1293	27684.83
1294	28769.75
1295	29908.65
1296	31062.44
1297	32192.40
1298	33262.37
1299	34241.26
1300	35100.84
1301	35813.43
1302	36351.39
1303	36687.43
1304	36799.32
1305	36682.69
1306	36353.08
1307	35832.79
1308	35144.77
1309	34311.95
1310	33357.52
1311	32305.91
1312	31184.30
1313	30021.47
1314	28846.54
1315	27688.64
1316	26576.57
1317	25534.66
1318	24571.38
1319	23677.35
1320	22837.11
1321	22034.62
1322	21253.90
1323	20479.82
1324	19702.98
1325	18925.59
1326	18156.51
1327	17405.91
1328	16683.99
1329	16000.82
1330	15364.66
1331	14777.81
1332	14236.40
1333	13734.54
1334	13266.20
1335	12825.37
1336	12406.45
1337	12006.15
1338	11625.43
1339	11267.41
1340	10935.56
1341	10633.38
1342	10364.26
1343	10130.57
1344	9931.67
1345	9764.32
1346	9624.54
1347	9508.30
1348	9411.59
1349	9330.45
1350	9261.28
1351	9201.00
1352	9146.74
1353	9095.65
1354	9044.91
1355	8991.78
1356	8934.39
1357	8872.82
1358	8808.49
1359	8743.12
1360	8678.46
1361	8616.21
1362	8557.83
1363	8503.83
1364	8453.67
1365	8406.51
1366	8361.42
1367	8317.51
1368	8273.60
1369	8227.23
1370	8173.66
1371	8107.02
1372	8021.30
1373	7910.44
1374	7768.82
1375	7593.93
1376	7391.42
1377	7172.94
1378	6951.63
1379	6740.71
1380	6553.24
1381	6400.10
1382	6284.30
1383	6199.92
1384	6138.00
1385	6089.28
1386	6044.52
1387	5995.46
1388	5938.58
1389	5878.39
1390	5823.25
1391	5782.08
1392	5763.82
1393	5776.94
1394	5826.56
1395	5909.81
1396	6018.47
1397	6143.11
1398	6274.25
1399	6402.58
1400	6520.60
1401	6626.58
1402	6724.28
1403	6819.12
1404	6916.65
1405	7022.39
1406	7141.23
1407	7275.52
1408	7424.18
1409	7584.82
1410	7754.86
1411	7931.78
1412	8113.63
1413	8301.86
1414	8503.99
1415	8730.62
1416	8992.86
1417	9301.87
1418	9668.55
1419	10102.20
1420	10608.35
1421	11190.01
1422	11849.62
1423	12589.64
1424	13412.86
1425	14326.05
1426	15347.33
1427	16504.69
1428	17828.86
1429	19350.75
1430	21100.38
1431	23095.24
1432	25309.01
1433	27666.54
1434	30076.29
1435	32445.19
1436	34680.50
1437	36696.73
1438	38438.62
1439	39893.16
1440	41064.21
1441	41957.72
1442	42579.81
1443	42937.73
1444	43044.64
1445	42923.77
1446	42603.01
1447	42111.06
1448	41476.59
1449	40728.27
1450	39894.46
1451	39002.96
1452	38081.30
1453	37156.90
1454	36257.14
1455	35407.73
1456	34622.54
1457	33888.39
1458	33174.61
1459	32446.77
1460	31670.27
1461	30811.80
1462	29848.51
1463	28784.25
1464	27642.54
1465	26451.71
1466	25240.34
1467	24036.55
1468	22864.17
1469	21735.03
1470	20651.09
1471	19611.65
1472	18615.84
1473	17662.85
1474	16752.17
1475	15884.31
1476	15060.72
1477	14283.08
1478	13553.11
1479	12872.45
1480	12242.19
1481	11661.53
1482	11127.88
1483	10638.11
1484	10189.03
1485	9777.45
1486	9400.01
1487	9052.78
1488	8731.28
1489	8430.86
1490	8146.83
1491	7874.58
1492	7610.34
1493	7353.06
1494	7104.58
1495	6867.65
1496	6645.07
1497	6439.64
1498	6253.48
1499	6086.56
1500	5936.60
1501	5800.61
1502	5675.54
1503	5558.33
1504	5446.17
1505	5336.90
1506	5229.12
1507	5121.60
1508	5013.19
1509	4902.72
1510	4789.55
1511	4674.56
1512	4560.16
1513	4449.20
1514	4344.59
1515	4249.17
1516	4165.28
1517	4093.75
1518	4033.98
1519	3984.96
1520	3945.68
1521	3915.07
1522	3891.76
1523	3873.52
1524	3857.39
1525	3840.23
1526	3818.87
1527	3790.26
1528	3752.26
1529	3705.15
1530	3651.01
1531	3592.35
1532	3531.74
1533	3471.67
1534	3414.25
1535	3360.68
1536	3311.56
1537	3267.36
1538	3228.55
1539	3195.52
1540	3168.32
1541	3146.27
1542	3128.29
1543	3113.20
1544	3099.83
1545	3087.04
1546	3073.85
1547	3059.59
1548	3043.75
1549	3025.82
1550	3005.31
1551	2981.88
1552	2955.89
1553	2928.67
1554	2901.98
1555	2877.60
1556	2857.33
1557	2842.57
1558	2833.41
1559	2828.38
1560	2825.49
1561	2822.69
1562	2817.97
1563	2809.79
1564	2797.96
1565	2783.57
1566	2768.06
1567	2752.89
1568	2739.44
1569	2728.61
1570	2720.03
1571	2712.42
1572	2704.34
1573	2694.33
1574	2681.08
1575	2664.26
1576	2645.33
1577	2626.72
1578	2611.05
1579	2600.90
1580	2598.53
1581	2604.78
1582	2618.42
1583	2637.41
1584	2659.57
1585	2682.76
1586	2704.85
1587	2723.84
1588	2737.84
1589	2745.03
1590	2743.56
1591	2731.79
1592	2709.47
1593	2679.86
1594	2648.76
1595	2622.55
1596	2607.63
1597	2609.68
1598	2630.67
1599	2665.80
1600	2706.84
1601	2745.05
1602	2771.71
1603	2779.87
1604	2769.09
1605	2746.90
1606	2723.79
1607	2710.49
1608	2717.44
1609	2752.06
1610	2813.44
1611	2894.04
1612	2984.56
1613	3075.62
1614	3158.67
1615	3229.56
1616	3292.60
1617	3356.48
1618	3430.68
1619	3524.63
1620	3646.31
1621	3798.40
1622	3977.13
1623	4176.48
1624	4390.16
1625	4612.24
1626	4839.57
1627	5076.11
1628	5331.08
1629	5614.97
1630	5938.30
1631	6310.95
1632	6739.49
1633	7225.13
1634	7766.63
1635	8362.36
1636	9011.12
1637	9716.61
1638	10497.98
1639	11389.28
1640	12429.06
1641	13656.12
1642	15106.68
1643	16801.52
1644	18730.14
1645	20864.64
1646	23173.79
1647	25625.83
1648	28182.80
1649	30784.54
1650	33345.11
1651	35769.68
1652	37962.61
1653	39829.67
1654	41286.86
1655	42273.21
1656	42742.45
1657	42651.40
1658	41958.01
1659	40635.99
1660	38720.33
1661	36323.57
1662	33587.06
1663	30655.26
1664	27669.97
1665	24752.92
1666	21978.75
1667	19390.86
1668	17025.60
1669	14918.65
1670	13099.22
1671	11571.58
1672	10308.33
1673	9270.29
1674	8417.02
1675	7708.83
1676	7111.47
1677	6603.06
1678	6169.60
1679	5798.79
1680	5478.45
1681	5197.31
1682	4947.35
1683	4724.33
1684	4525.30
1685	4347.45
1686	4188.01
1687	4044.31
1688	3913.97
1689	3794.74
1690	3684.39
1691	3580.75
1692	3482.25
1693	3389.22
1694	3303.77
1695	3228.61
1696	3166.45
1697	3119.53
1698	3087.79
1699	3067.35
1700	3052.55
1701	3037.52
1702	3016.60
1703	2986.53
1704	2950.06
1705	2914.44
1706	2888.02
1707	2879.10
1708	2894.58
1709	2935.93
1710	2998.03
1711	3073.43
1712	3154.43
1713	3233.89
1714	3307.90
1715	3378.67
1716	3451.66
1717	3532.88
1718	3628.25
1719	3742.12
1720	3874.71
1721	4022.81
1722	4182.34
1723	4349.26
1724	4521.19
1725	4702.20
1726	4904.30
1727	5142.45
1728	5431.84
1729	5785.83
1730	6207.92
1731	6683.43
1732	7188.46
1733	7697.60
1734	8186.20
1735	8636.59
1736	9048.75
1737	9435.48
1738	9812.67
1739	10195.94
1740	10595.15
1741	11001.05
1742	11384.54
1743	11710.17
1744	11942.11
1745	12048.42
1746	12013.90
1747	11847.70
1748	11568.99
1749	11198.29
1750	10755.82
1751	10259.93
1752	9725.31
1753	9164.70
1754	8590.47
1755	8014.75
1756	7447.99
1757	6896.42
1758	6363.31
1759	5851.19
1760	5362.59
1761	4900.29
1762	4467.81
1763	4069.37
1764	3709.39
1765	3392.25
1766	3121.47
1767	2897.38
1768	2716.54
1769	2574.16
1770	2465.33
1771	2385.08
1772	2328.20
1773	2289.20
1774	2262.43
1775	2242.22
1776	2223.12
1777	2200.78
1778	2172.80
1779	2137.74
1780	2094.36
1781	2041.70
1782	1980.61
1783	1915.77
1784	1854.08
1785	1802.90
1786	1769.21
1787	1757.30
1788	1764.97
1789	1785.61
1790	1811.61
1791	1835.50
1792	1851.30
1793	1857.03
1794	1853.82
1795	1843.60
1796	1828.30
1797	1809.60
1798	1788.41
1799	1765.00
1800	1739.44
1801	1711.82
1802	1682.07
1803	1649.83
1804	1614.42
1805	1575.06
1806	1531.07
1807	1482.72
1808	1433.48
1809	1390.03
1810	1360.07
1811	1351.22
1812	1369.17
1813	1413.07
1814	1475.19
1815	1545.55
1816	1614.06
1817	1671.51
1818	1711.75
1819	1731.94
1820	1730.33
1821	1705.40
1822	1657.44
1823	1592.88
1824	1524.84
1825	1468.58
1826	1439.28
1827	1447.99
1828	1492.05
1829	1554.29
1830	1612.89
1831	1646.03
1832	1637.15
1833	1586.62
1834	1511.96
1835	1435.96
1836	1381.39
1837	1365.55
1838	1388.99
1839	1436.50
1840	1488.21
1841	1524.39
1842	1530.23
1843	1504.95
1844	1459.88
1845	1409.67
1846	1368.80
1847	1348.34
1848	1350.45
1849	1370.42
1850	1401.83
1851	1438.36
1852	1475.16
1853	1510.89
1854	1546.57
1855	1583.71
1856	1623.50
1857	1664.90
1858	1702.16
1859	1726.84
1860	1730.05
1861	1704.15
1862	1648.31
1863	1573.75
1864	1497.55
1865	1437.67
1866	1409.67
1867	1418.52
1868	1453.75
1869	1498.50
1870	1535.26
1871	1549.31
1872	1536.25
1873	1503.67
1874	1463.33
1875	1427.23
1876	1405.12
1877	1400.14
1878	1409.33
1879	1427.99
1880	1451.35
1881	1474.86
1882	1494.55
1883	1506.88
1884	1508.41
1885	1496.13
1886	1469.46
1887	1432.42
1888	1391.47
1889	1353.46
1890	1324.58
1891	1308.11
1892	1303.18
1893	1307.29
1894	1317.71
1895	1331.73
1896	1346.75
1897	1360.29
1898	1369.90
1899	1373.38
1900	1370.51
1901	1365.94
1902	1367.74
1903	1384.76
1904	1424.54
1905	1487.58
1906	1561.84
1907	1629.08
1908	1670.28
1909	1669.86
1910	1625.41
1911	1550.29
1912	1463.47
1913	1384.06
1914	1326.91
1915	1295.49
1916	1284.30
1917	1285.57
1918	1291.77
1919	1297.44
1920	1300.94
1921	1302.58
1922	1303.04
1923	1303.31
1924	1305.58
1925	1313.36
1926	1330.66
1927	1361.10
1928	1405.09
1929	1454.97
1930	1497.31
1931	1517.42
1932	1502.65
1933	1450.36
1934	1373.70
1935	1292.89
1936	1228.76
1937	1197.76
1938	1202.75
1939	1234.04
1940	1278.24
1941	1322.32
1942	1356.96
1943	1379.96
1944	1393.00
1945	1398.43
1946	1398.66
1947	1396.06
1948	1393.01
1949	1391.84
1950	1394.72
1951	1402.34
1952	1412.34
1953	1420.45
1954	1422.12
1955	1413.90
1956	1396.64
1957	1376.35
1958	1360.87
1959	1357.71
1960	1370.80
1961	1395.98
1962	1423.99
1963	1444.62
1964	1449.41
1965	1436.68
1966	1412.87
1967	1387.31
1968	1369.09
1969	1363.91
1970	1370.13
1971	1381.69
1972	1391.70
1973	1394.35
1974	1387.66
1975	1373.80
1976	1356.36
1977	1338.98
1978	1324.99
1979	1317.15
1980	1317.90
1981	1329.50
1982	1352.73
1983	1384.03
1984	1415.90
1985	1439.72
1986	1447.94
1987	1438.09
1988	1415.65
1989	1389.51
1990	1368.66
1991	1359.34
1992	1361.00
1993	1368.39
1994	1375.26
1995	1376.37
1996	1370.28
1997	1359.81
1998	1349.21
1999	1342.60
2000	1342.53
2001	1348.81
2002	1359.87
2003	1373.98
2004	1389.72
2005	1406.55
2006	1424.56
2007	1443.96
2008	1464.59
2009	1484.84
2010	1501.46
2011	1510.66
2012	1508.95
2013	1494.77
2014	1469.77
2015	1437.10
2016	1400.25
2017	1363.37
2018	1332.14
2019	1313.29
2020	1313.50
2021	1336.67
2022	1378.02
2023	1424.55
2024	1460.95
2025	1474.00
2026	1459.56
2027	1425.50
2028	1384.27
2029	1347.96
2030	1324.23
2031	1312.70
2032	1309.11
2033	1308.66
2034	1307.77
2035	1305.62
2036	1303.15
2037	1301.70
2038	1302.38
2039	1305.75
2040	1311.87
2041	1320.67
2042	1331.79
2043	1343.97
2044	1355.01
2045	1362.42
2046	1364.29
2047	1361.15
2048	1356.72
2049	1355.96
2050	1363.02
2051	1377.70
2052	1392.78
2053	1397.89
2054	1383.27
2055	1345.15
2056	1291.24
2057	1235.16
2058	1190.87
2059	1167.45
2060	1163.30
2061	1170.40
2062	1179.69
2063	1184.23
2064	1182.34
2065	1175.95
2066	1167.95
2067	1162.51
2068	1166.95
2069	1191.03
2070	1244.45
2071	1330.61
2072	1435.10
2073	1528.77
2074	1579.41
2075	1564.35
2076	1489.61
2077	1386.59
2078	1293.23
2079	1240.52
2080	1236.90
2081	1270.03
2082	1321.66
2083	1375.10
2084	1419.74
2085	1450.67
2086	1464.82
2087	1460.47
2088	1439.82
2089	1408.67
2090	1373.87
2091	1341.79
2092	1317.25
2093	1303.64
2094	1303.76
2095	1318.94
2096	1346.21
2097	1378.93
2098	1409.56
2099	1431.95
2100	1443.87
2101	1446.33
2102	1441.14
2103	1430.16
2104	1415.21
2105	1398.07
2106	1380.46
2107	1363.84
2108	1349.04
2109	1336.45
2110	1326.53
2111	1320.66
2112	1322.14
2113	1335.31
2114	1363.71
2115	1405.17
2116	1447.36
2117	1472.98
2118	1466.67
2119	1425.60
2120	1365.96
2121	1311.81
2122	1284.51
2123	1291.00
2124	1320.37
2125	1355.48
2126	1382.00
2127	1396.72
2128	1407.38
2129	1424.51
2130	1454.10
2131	1489.60
2132	1514.87
2133	1512.94
2134	1476.87
2135	1421.13
2136	1372.61
2137	1357.62
2138	1387.83
2139	1451.08
2140	1524.60
2141	1586.64
2142	1624.83
2143	1638.00
2144	1629.02
2145	1602.57
2146	1567.18
2147	1534.62
2148	1516.52
2149	1518.13
2150	1531.10
2151	1539.19
2152	1527.49
2153	1494.04
2154	1456.19
2155	1438.85
2156	1460.68
2157	1516.99
2158	1579.88
2159	1616.10
2160	1604.41
2161	1552.47
2162	1486.48
2163	1433.71
2164	1407.87
2165	1401.65
2166	1398.86
2167	1384.84
2168	1353.43
2169	1306.68
2170	1249.41
2171	1188.67
2172	1135.81
2173	1104.55
2174	1106.39
2175	1142.27
2176	1199.37
2177	1260.00
2178	1308.05
2179	1333.20
2180	1329.54
2181	1294.14
2182	1233.14
2183	1166.99
2184	1121.74
2185	1115.51
2186	1140.41
2187	1165.49
2188	1157.67
2189	1107.01
2190	1045.73
2191	1025.68
2192	1085.89
2193	1214.54
2194	1350.93
2195	1425.80
2196	1403.08
2197	1310.06
2198	1205.49
2199	1141.74
2200	1134.39
2201	1163.74
2202	1201.23
2203	1226.37
2204	1234.23
2205	1227.44
2206	1209.82
2207	1185.13
2208	1156.99
2209	1128.55
2210	1101.12
2211	1073.14
2212	1042.13
2213	1008.13
2214	977.84
2215	962.56
2216	971.83
2217	1004.62
2218	1046.97
2219	1081.26
2220	1095.26
2221	1088.35
2222	1066.43
2223	1038.58
2224	1019.85
2225	1030.13
2226	1085.21
2227	1177.66
2228	1267.66
2229	1306.30
2230	1267.71
2231	1177.78
2232	1091.33
2233	1054.76
2234	1072.49
2235	1112.01
2236	1135.56
2237	1125.70
2238	1092.41
2239	1055.41
2240	1031.42
2241	1029.29
2242	1053.19
2243	1101.64
2244	1160.72
2245	1207.96
2246	1224.04
2247	1206.77
2248	1171.20
2249	1136.12
2250	1113.83
2251	1107.07
2252	1114.23
2253	1129.80
2254	1142.17
2255	1137.64
2256	1108.62
2257	1062.55
2258	1015.82
2259	981.77
2260	959.94
2261	939.18
2262	911.81
2263	890.45
2264	907.55
2265	991.19
2266	1130.05
2267	1264.83
2268	1328.29
2269	1292.11
2270	1186.39
2271	1062.61
2272	961.80
2273	902.53
2274	890.89
2275	920.04
2276	962.04
2277	981.12
2278	959.15
2279	917.97
2280	899.35
2281	929.01
2282	987.88
2283	1031.77
2284	1030.22
2285	997.60
2286	975.27
2287	991.45
2288	1027.92
2289	1037.46
2290	987.14
2291	895.73
2292	815.77
2293	791.82
2294	829.80
2295	908.80
2296	1001.60
2297	1080.27
2298	1118.71
2299	1105.44
2300	1062.06
2301	1028.44
2302	1031.69
2303	1062.58
2304	1092.72
2305	1103.32
2306	1102.49
2307	1110.32
2308	1135.79
2309	1164.00
2310	1171.45
2311	1146.72
2312	1099.66
2313	1048.11
2314	1006.18
2315	981.37
2316	976.10
2317	983.72
2318	988.66
2319	978.79
2320	960.93
2321	956.98
2322	979.83
2323	1009.14
2324	1005.56
2325	950.38
2326	875.99
2327	835.65
2328	853.99
2329	904.54
2330	946.41
2331	964.08
2332	973.44
2333	992.19
2334	1013.12
2335	1010.27
2336	969.31
2337	912.26
2338	877.20
2339	880.61
2340	900.38
2341	907.42
2342	903.32
2343	920.86
2344	981.11
2345	1052.07
2346	1073.93
2347	1025.08
2348	959.57
2349	948.63
2350	1006.46
2351	1083.88
2352	1128.37
2353	1127.31
2354	1094.29
2355	1043.30
2356	980.59
2357	912.64
2358	856.33
2359	833.84
2360	845.42
2361	846.48
2362	789.94
2363	698.69
2364	667.43
2365	758.01
2366	906.89
2367	996.92
2368	987.68
2369	946.56
2370	946.17
2371	981.44
2372	1001.95
2373	976.70
2374	914.47
2375	847.45
2376	828.47
2377	901.71
2378	1034.59
2379	1111.55
2380	1055.47
2381	932.69
2382	862.61
2383	873.72
2384	895.63
2385	876.89
2386	854.10
2387	885.03
2388	969.28
2389	1056.04
2390	1087.61
2391	1021.52
2392	865.39
2393	721.19
2394	705.38
2395	819.81
2396	963.91
2397	1055.09
2398	1081.86
2399	1070.00
2400	1063.60
2401	1091.61
2402	1114.92
2403	1061.85
2404	949.62
2405	902.70
2406	978.66
2407	1053.84
2408	997.18
2409	859.83
2410	778.47
2411	789.66
2412	829.91
2413	846.53
2414	835.44
2415	816.26
2416	816.96
2417	850.08
2418	893.09
2419	915.81
2420	911.55
2421	895.27
2422	897.81
2423	945.52
2424	1022.64
2425	1079.37
2426	1077.39
2427	1011.36
2428	920.28
2429	876.18
2430	918.34
2431	1018.78
2432	1103.10
2433	1082.84
2434	952.82
2435	833.38
2436	815.09
2437	859.40
2438	898.32
2439	908.96
2440	896.11
2441	874.83
2442	862.64
2443	873.28
2444	905.75
2445	939.15
2446	948.11
2447	922.35
2448	895.70
2449	933.36
2450	1019.42
