150	4917.70
151	4927.81
152	4940.71
153	4953.90
154	4967.29
155	4981.00
156	4995.13
157	5009.79
158	5025.09
159	5041.13
160	5058.04
161	5075.92
162	5094.84
163	5114.72
164	5135.31
165	5156.29
166	5177.32
167	5198.08
168	5218.23
169	5237.46
170	5255.43
171	5271.79
172	5286.16
173	5298.07
174	5307.05
175	5312.62
176	5314.29
177	5311.59
178	5304.02
179	5291.13
180	5272.66
181	5249.23
182	5222.46
183	5194.39
184	5167.09
185	5142.61
186	5123.02
187	5110.39
188	5106.75
189	5113.74
190	5131.47
191	5158.26
192	5191.78
193	5229.64
194	5269.46
195	5308.83
196	5345.37
197	5376.72
198	5400.94
199	5417.61
200	5427.98
201	5433.89
202	5437.24
203	5439.92
204	5443.83
205	5450.86
206	5462.87
207	5481.30
208	5506.18
209	5536.07
210	5569.07
211	5603.24
212	5636.61
213	5667.26
214	5693.23
215	5712.63
216	5724.14
217	5728.17
218	5726.83
219	5722.67
220	5718.31
221	5716.34
222	5719.39
223	5730.04
224	5750.82
225	5783.43
226	5827.25
227	5879.73
228	5937.83
229	5998.46
230	6058.53
231	6114.96
232	6164.66
233	6204.67
234	6232.91
235	6249.59
236	6256.54
237	6255.97
238	6250.12
239	6241.24
240	6231.55
241	6223.30
242	6218.64
243	6219.10
244	6224.92
245	6235.55
246	6250.27
247	6268.33
248	6289.02
249	6311.60
250	6335.33
251	6359.50
252	6383.43
253	6406.55
254	6428.34
255	6448.27
256	6465.83
257	6480.49
258	6491.75
259	6499.08
260	6502.09
261	6500.86
262	6496.21
263	6489.30
264	6481.30
265	6473.40
266	6466.80
267	6462.68
268	6462.22
269	6466.36
270	6475.25
271	6488.06
272	6503.58
273	6520.62
274	6537.93
275	6554.30
276	6568.51
277	6579.36
278	6585.99
279	6588.49
280	6587.84
281	6585.32
282	6582.19
283	6579.72
284	6579.20
285	6581.90
286	6589.02
287	6601.18
288	6617.58
289	6636.47
290	6655.83
291	6673.64
292	6687.89
293	6696.56
294	6697.64
295	6689.32
296	6670.94
297	6643.97
298	6611.03
299	6574.94
300	6538.52
301	6504.61
302	6476.01
303	6455.55
304	6445.62
305	6446.96
306	6457.98
307	6476.18
308	6498.91
309	6523.53
310	6547.42
311	6567.93
312	6582.46
313	6588.87
314	6586.46
315	6575.96
316	6558.52
317	6535.35
318	6507.63
319	6476.58
320	6443.39
321	6409.25
322	6375.40
323	6343.14
324	6313.78
325	6288.67
326	6269.16
327	6256.60
328	6252.31
329	6257.65
330	6273.72
331	6300.54
332	6336.25
333	6378.12
334	6423.24
335	6468.73
336	6511.69
337	6549.24
338	6578.52
339	6597.17
340	6604.65
341	6602.43
342	6592.70
343	6577.72
344	6559.73
345	6541.00
346	6523.77
347	6510.21
348	6501.87
349	6498.65
350	6499.27
351	6502.16
352	6505.73
353	6508.41
354	6508.60
355	6504.72
356	6495.34
357	6479.70
358	6458.27
359	6432.08
360	6402.26
361	6369.92
362	6336.20
363	6302.22
364	6269.11
365	6237.93
366	6209.57
367	6184.71
368	6163.98
369	6147.98
370	6137.34
371	6132.67
372	6134.57
373	6143.61
374	6159.80
375	6182.02
376	6208.41
377	6236.92
378	6265.51
379	6292.13
380	6314.73
381	6331.29
382	6340.07
383	6340.62
384	6334.34
385	6323.36
386	6309.89
387	6296.17
388	6284.43
389	6276.89
390	6275.73
391	6282.61
392	6297.76
393	6320.24
394	6348.78
395	6382.12
396	6418.96
397	6458.04
398	6498.08
399	6537.83
400	6576.24
401	6612.54
402	6646.14
403	6676.45
404	6702.89
405	6724.88
406	6741.83
407	6753.19
408	6758.63
409	6758.59
410	6754.19
411	6746.82
412	6737.83
413	6728.61
414	6720.53
415	6714.97
416	6713.17
417	6715.69
418	6721.75
419	6729.88
420	6738.48
421	6745.96
422	6750.71
423	6751.13
424	6745.66
425	6733.18
426	6714.06
427	6690.18
428	6663.92
429	6637.68
430	6613.85
431	6594.85
432	6583.08
433	6580.72
434	6588.80
435	6606.07
436	6630.07
437	6658.12
438	6687.53
439	6715.62
440	6739.68
441	6757.08
442	6765.75
443	6765.50
444	6757.99
445	6745.45
446	6730.16
447	6714.40
448	6700.46
449	6690.61
450	6686.92
451	6690.45
452	6700.33
453	6714.78
454	6731.83
455	6749.52
456	6765.88
457	6778.95
458	6786.83
459	6788.15
460	6783.22
461	6773.80
462	6762.07
463	6750.23
464	6740.48
465	6735.04
466	6736.08
467	6745.52
468	6763.87
469	6789.54
470	6819.98
471	6852.52
472	6884.49
473	6913.19
474	6935.96
475	6950.24
476	6954.37
477	6949.03
478	6936.56
479	6919.68
480	6901.17
481	6883.77
482	6870.26
483	6863.36
484	6865.40
485	6877.16
486	6897.53
487	6924.72
488	6956.88
489	6992.14
490	7028.65
491	7064.53
492	7098.04
493	7127.88
494	7153.80
495	7176.06
496	7195.02
497	7211.06
498	7224.55
499	7235.85
500	7245.35
501	7253.42
502	7260.45
503	7266.81
504	7272.93
505	7279.18
506	7285.96
507	7293.68
508	7302.72
509	7313.32
510	7325.09
511	7336.79
512	7346.86
513	7353.67
514	7355.61
515	7351.07
516	7338.43
517	7316.24
518	7283.99
519	7243.13
520	7196.22
521	7146.06
522	7095.43
523	7047.13
524	7003.95
525	6968.60
526	6943.07
527	6927.29
528	6919.40
529	6917.07
530	6917.94
531	6919.62
532	6919.76
533	6916.00
534	6906.32
535	6889.92
536	6867.56
537	6840.55
538	6810.29
539	6778.17
540	6745.59
541	6713.92
542	6684.47
543	6657.99
544	6634.33
545	6612.85
546	6592.83
547	6573.57
548	6554.36
549	6534.48
550	6513.26
551	6490.26
552	6465.69
553	6440.15
554	6414.36
555	6389.01
556	6364.84
557	6342.55
558	6322.84
559	6306.34
560	6293.40
561	6284.12
562	6278.52
563	6276.63
564	6278.46
565	6284.04
566	6293.38
567	6306.54
568	6323.68
569	6345.10
570	6371.16
571	6402.23
572	6438.67
573	6480.83
574	6529.09
575	6583.69
576	6644.34
577	6709.85
578	6778.61
579	6848.93
580	6919.15
581	6987.58
582	7052.56
583	7112.51
584	7166.66
585	7215.79
586	7261.64
587	7306.11
588	7351.12
589	7398.60
590	7450.46
591	7508.49
592	7573.52
593	7643.93
594	7716.28
595	7786.71
596	7851.32
597	7906.23
598	7947.56
599	7971.49
600	7975.21
601	7958.79
602	7924.89
603	7876.95
604	7818.43
605	7752.81
606	7683.56
607	7614.14
608	7547.59
609	7485.58
610	7428.32
611	7375.48
612	7326.74
613	7281.74
614	7240.13
615	7201.57
616	7165.69
617	7132.08
618	7100.29
619	7069.82
620	7040.18
621	7010.89
622	6981.44
623	6951.36
624	6920.22
625	6887.89
626	6854.64
627	6820.93
628	6787.25
629	6754.08
630	6721.91
631	6691.20
632	6662.41
633	6635.74
634	6611.00
635	6587.86
636	6565.95
637	6544.88
638	6524.29
639	6503.80
640	6483.07
641	6462.01
642	6440.92
643	6420.29
644	6400.67
645	6382.60
646	6366.61
647	6353.26
648	6343.01
649	6335.98
650	6331.61
651	6328.93
652	6326.95
653	6324.64
654	6320.98
655	6314.96
656	6305.69
657	6292.95
658	6277.94
659	6262.63
660	6249.15
661	6239.65
662	6236.27
663	6241.14
664	6256.19
665	6282.15
666	6317.24
667	6358.18
668	6401.43
669	6443.43
670	6480.61
671	6509.42
672	6526.58
673	6530.54
674	6523.35
675	6509.18
676	6492.64
677	6478.33
678	6470.87
679	6474.85
680	6494.60
681	6532.71
682	6588.13
683	6657.76
684	6738.06
685	6825.49
686	6916.50
687	7007.57
688	7095.35
689	7177.71
690	7254.90
691	7328.54
692	7400.48
693	7472.59
694	7546.73
695	7624.78
696	7708.45
697	7798.71
698	7895.00
699	7996.02
700	8100.32
701	8206.42
702	8312.86
703	8418.19
704	8521.08
705	8620.88
706	8718.12
707	8813.94
708	8909.55
709	9006.19
710	9105.07
711	9207.41
712	9314.31
713	9426.19
714	9542.45
715	9661.99
716	9783.66
717	9906.30
718	10028.78
719	10149.91
720	10268.41
721	10382.45
722	10489.45
723	10586.50
724	10670.65
725	10738.97
726	10788.51
727	10816.37
728	10820.30
729	10800.52
730	10760.27
731	10703.87
732	10635.80
733	10560.48
734	10482.39
735	10405.94
736	10335.10
737	10272.38
738	10218.76
739	10174.77
740	10140.85
741	10117.49
742	10105.14
743	10104.23
744	10114.82
745	10135.87
746	10165.44
747	10201.33
748	10241.34
749	10283.25
750	10324.84
751	10364.00
752	10399.24
753	10430.56
754	10459.06
755	10486.03
756	10512.79
757	10540.68
758	10571.00
759	10604.95
760	10642.96
761	10683.97
762	10726.13
763	10767.43
764	10805.84
765	10839.34
766	10865.94
767	10883.84
768	10892.35
769	10892.42
770	10885.71
771	10874.01
772	10859.10
773	10842.76
774	10826.76
775	10812.78
776	10802.15
777	10795.80
778	10794.53
779	10799.10
780	10810.28
781	10828.85
782	10855.60
783	10891.64
784	10938.85
785	10999.86
786	11077.47
787	11174.51
788	11293.80
789	11438.15
790	11610.18
791	11811.08
792	12038.93
793	12289.84
794	12559.52
795	12843.64
796	13137.90
797	13437.99
798	13739.92
799	14041.09
800	14341.26
801	14641.24
802	14942.01
803	15244.52
804	15549.76
805	15858.68
806	16171.83
807	16488.48
808	16806.36
809	17122.71
810	17434.73
811	17739.59
812	18034.51
813	18316.88
814	18585.94
815	18845.71
816	19103.83
817	19368.84
818	19649.34
819	19953.93
820	20291.18
821	20668.86
822	21090.46
823	21551.58
824	22043.79
825	22557.96
826	23084.93
827	23615.57
828	24140.77
829	24652.71
830	25148.09
831	25629.11
832	26099.95
833	26564.98
834	27028.57
835	27495.09
836	27968.64
837	28451.00
838	28937.84
839	29420.27
840	29888.22
841	30331.58
842	30740.21
843	31104.05
844	31414.03
845	31666.32
846	31866.15
847	32023.08
848	32147.38
849	32249.32
850	32339.20
851	32427.19
852	32522.20
853	32628.72
854	32746.70
855	32874.58
856	33010.71
857	33153.39
858	33300.95
859	33451.67
860	33603.58
861	33754.13
862	33900.40
863	34039.43
864	34168.20
865	34283.75
866	34383.09
867	34463.19
868	34520.91
869	34552.95
870	34555.93
871	34526.48
872	34461.24
873	34356.80
874	34210.10
875	34020.27
876	33792.29
877	33535.49
878	33260.31
879	32977.23
880	32696.73
881	32429.23
882	32183.84
883	31963.66
884	31762.54
885	31570.33
886	31376.30
887	31169.74
888	30939.90
889	30676.41
890	30372.30
891	30030.10
892	29660.23
893	29275.22
894	28887.76
895	28510.53
896	28156.14
897	27836.32
898	27558.23
899	27321.74
900	27123.36
901	26959.10
902	26824.96
903	26716.95
904	26631.07
905	26563.45
906	26510.56
907	26469.14
908	26436.02
909	26408.02
910	26381.97
911	26354.69
912	26322.97
913	26283.41
914	26232.30
915	26165.79
916	26080.04
917	25971.19
918	25835.38
919	25669.03
920	25470.90
921	25245.99
922	25004.19
923	24756.61
924	24514.44
925	24288.87
926	24091.03
927	23930.46
928	23810.17
929	23724.03
930	23662.20
931	23614.38
932	23570.26
933	23519.56
934	23452.41
935	23362.23
936	23249.99
937	23121.71
938	22984.51
939	22845.56
940	22712.04
941	22591.04
942	22488.31
943	22404.84
944	22336.24
945	22276.26
946	22218.49
947	22156.51
948	22083.93
949	21995.11
950	21888.62
951	21770.92
952	21652.59
953	21544.94
954	21459.29
955	21406.96
956	21398.92
957	21442.58
958	21535.42
959	21666.52
960	21822.67
961	21990.57
962	22156.88
963	22308.32
964	22432.70
965	22522.30
966	22575.41
967	22592.68
968	22575.02
969	22523.38
970	22438.70
971	22321.85
972	22173.45
973	21993.56
974	21781.88
975	21538.08
976	21261.80
977	20952.71
978	20610.65
979	20237.43
980	19840.62
981	19432.80
982	19027.94
983	18640.12
984	18283.41
985	17971.80
986	17717.56
987	17526.12
988	17393.94
989	17314.00
990	17278.92
991	17281.29
992	17313.71
993	17369.14
994	17442.47
995	17532.31
996	17639.21
997	17764.09
998	17907.85
999	18071.42
1000	18255.64
1001	18460.77
1002	18685.57
1003	18927.69
1004	19184.48
1005	19453.29
1006	19731.47
1007	20016.34
1008	20305.02
1009	20593.83
1010	20878.35
1011	21153.86
1012	21415.64
1013	21658.97
1014	21879.16
1015	22071.98
1016	22235.37
1017	22370.30
1018	22478.99
1019	22563.86
1020	22627.28
1021	22671.67
1022	22699.57
1023	22714.23
1024	22720.32
1025	22723.20
1026	22728.39
1027	22741.41
1028	22767.77
1029	22812.69
1030	22879.16
1031	22964.91
1032	23064.04
1033	23169.84
1034	23275.52
1035	23374.34
1036	23459.68
1037	23526.41
1038	23573.74
1039	23604.70
1040	23623.37
1041	23633.89
1042	23640.43
1043	23647.16
1044	23658.59
1045	23680.29
1046	23719.07
1047	23782.15
1048	23876.73
1049	24010.09
1050	24189.41
1051	24421.06
1052	24708.02
1053	25048.70
1054	25439.70
1055	25877.40
1056	26358.19
1057	26878.42
1058	27433.76
1059	28016.65
1060	28614.23
1061	29211.29
1062	29792.25
1063	30341.51
1064	30843.53
1065	31284.20
1066	31657.25
1067	31971.25
1068	32242.51
1069	32488.65
1070	32727.39
1071	32976.40
1072	33252.27
1073	33564.68
1074	33908.70
1075	34270.66
1076	34635.19
1077	34986.80
1078	35310.04
1079	35589.57
1080	35811.12
1081	35962.83
1082	36034.46
1083	36016.11
1084	35897.93
1085	35670.05
1086	35323.16
1087	34852.08
1088	34262.26
1089	33566.82
1090	32780.76
1091	31919.17
1092	30997.12
1093	30029.69
1094	29031.79
1095	28017.93
1096	27002.27
1097	25998.91
1098	25021.93
1099	24085.40
1100	23203.26
1101	22387.86
1102	21647.28
1103	20986.07
1104	20407.84
1105	19916.13
1106	19514.50
1107	19206.18
1108	18991.58
1109	18863.05
1110	18806.09
1111	18804.37
1112	18841.44
1113	18900.86
1114	18966.24
1115	19022.05
1116	19055.15
1117	19054.37
1118	19009.12
1119	18908.85
1120	18743.00
1121	18501.44
1122	18178.03
1123	17777.83
1124	17315.27
1125	16807.29
1126	16270.99
1127	15723.48
1128	15181.58
1129	14659.73
1130	14165.83
1131	13702.53
1132	13271.11
1133	12872.79
1134	12508.75
1135	12180.15
1136	11887.66
1137	11630.70
1138	11407.78
1139	11217.17
1140	11057.13
1141	10925.90
1142	10821.63
1143	10741.56
1144	10680.80
1145	10632.97
1146	10591.32
1147	10549.10
1148	10499.58
1149	10436.41
1150	10355.88
1151	10260.17
1152	10155.13
1153	10047.40
1154	9943.65
1155	9850.52
1156	9774.25
1157	9718.61
1158	9682.44
1159	9661.85
1160	9652.44
1161	9649.79
1162	9649.51
1163	9647.47
1164	9641.12
1165	9630.56
1166	9617.19
1167	9602.62
1168	9588.47
1169	9576.33
1170	9567.52
1171	9562.14
1172	9558.43
1173	9553.89
1174	9545.92
1175	9531.90
1176	9509.26
1177	9476.10
1178	9432.89
1179	9383.09
1180	9331.18
1181	9281.76
1182	9239.43
1183	9208.73
1184	9193.36
1185	9194.46
1186	9210.66
1187	9239.79
1188	9279.66
1189	9328.05
1190	9382.74
1191	9441.24
1192	9500.41
1193	9556.63
1194	9606.15
1195	9645.21
1196	9670.06
1197	9677.23
1198	9664.98
1199	9635.31
1200	9592.38
1201	9540.83
1202	9485.28
1203	9430.38
1204	9380.58
1205	9339.55
1206	9309.68
1207	9292.73
1208	9290.39
1209	9304.34
1210	9336.22
1211	9386.98
1212	9455.02
1213	9535.66
1214	9623.10
1215	9711.41
1216	9794.70
1217	9867.25
1218	9925.44
1219	9971.76
1220	10013.96
1221	10061.27
1222	10123.01
1223	10208.49
1224	10326.43
1225	10481.71
1226	10670.69
1227	10884.54
1228	11113.34
1229	11347.12
1230	11575.97
1231	11791.14
1232	11989.27
1233	12175.42
1234	12358.34
1235	12547.34
1236	12751.70
1237	12980.61
1238	13241.43
1239	13535.51
1240	13857.87
1241	14201.45
1242	14559.04
1243	14923.44
1244	15287.92
1245	15649.45
1246	16013.99
1247	16393.71
1248	16802.22
1249	17253.20
1250	17760.23
1251	18334.86
1252	18978.54
1253	19676.19
1254	20405.05
1255	21141.23
1256	21860.79
1257	22540.05
1258	23158.97
1259	23709.51
1260	24196.15
1261	24627.40
1262	25012.08
1263	25359.03
1264	25676.46
1265	25968.25
1266	26228.46
1267	26444.79
1268	26603.59
1269	26691.17
1270	26693.93
1271	26601.02
1272	26413.22
1273	26148.04
1274	25829.81
1275	25483.76
1276	25135.13
1277	24808.72
1278	24524.94
1279	24291.82
1280	24106.94
1281	23965.02
1282	23860.62
1283	23788.37
1284	23744.39
1285	23732.89
1286	23772.47
1287	23888.87
1288	24109.02
1289	24459.90
1290	24967.85
1291	25651.47
1292	26504.08
1293	27493.26
1294	28578.56
1295	29718.86
1296	30873.05
1297	32000.56
1298	33064.22
1299	34033.73
1300	34882.68
1301	35585.38
1302	36116.19
1303	36449.79
1304	36565.62
1305	36459.70
1306	36146.74
1307	35647.67
1308	34984.06
1309	34177.48
1310	33249.72
1311	32223.97
1312	31126.29
1313	29984.50
1314	28826.78
1315	27681.29
1316	26575.92
1317	25534.47
1318	24566.18
1319	23663.98
1320	22815.21
1321	22006.70
1322	21225.28
1323	20458.49
1324	19698.12
1325	18944.71
1326	18203.84
1327	17482.02
1328	16785.82
1329	16121.71
1330	15495.02
1331	14907.20
1332	14355.75
1333	13836.86
1334	13346.65
1335	12881.21
1336	12437.09
1337	12013.07
1338	11612.09
1339	11239.20
1340	10899.80
1341	10599.32
1342	10342.95
1343	10133.68
1344	9968.10
1345	9837.14
1346	9730.22
1347	9636.62
1348	9545.67
1349	9447.82
1350	9338.36
1351	9219.88
1352	9098.04
1353	8978.91
1354	8868.59
1355	8772.90
1356	8695.79
1357	8636.68
1358	8591.98
1359	8557.40
1360	8528.63
1361	8501.38
1362	8471.90
1363	8438.24
1364	8400.44
1365	8359.21
1366	8315.33
1367	8269.57
1368	8222.49
1369	8173.70
1370	8121.09
1371	8061.70
1372	7992.47
1373	7910.29
1374	7812.21
1375	7696.22
1376	7562.75
1377	7414.06
1378	7252.88
1379	7081.94
1380	6903.99
1381	6722.08
1382	6540.29
1383	6363.87
1384	6198.47
1385	6049.79
1386	5923.50
1387	5824.78
1388	5756.36
1389	5716.80
1390	5702.72
1391	5710.41
1392	5736.17
1393	5776.41
1394	5828.43
1395	5891.65
1396	5966.89
1397	6055.29
1398	6158.01
1399	6276.12
1400	6409.78
1401	6556.25
1402	6710.03
1403	6864.78
1404	7014.11
1405	7151.69
1406	7272.53
1407	7377.14
1408	7473.35
1409	7571.91
1410	7683.88
1411	7820.31
1412	7991.58
1413	8204.48
1414	8459.26
1415	8752.87
1416	9081.70
1417	9442.12
1418	9831.07
1419	10249.34
1420	10706.86
1421	11219.60
1422	11804.88
1423	12480.09
1424	13262.58
1425	14169.55
1426	15217.65
1427	16423.06
1428	17801.84
1429	19370.04
1430	21143.03
1431	23126.74
1432	25293.97
1433	27580.72
1434	29910.57
1435	32205.97
1436	34389.59
1437	36389.07
1438	38152.79
1439	39658.15
1440	40894.13
1441	41851.15
1442	42519.81
1443	42893.50
1444	42979.64
1445	42809.51
1446	42425.60
1447	41872.16
1448	41193.50
1449	40432.67
1450	39625.31
1451	38792.30
1452	37946.29
1453	37098.43
1454	36259.73
1455	35440.36
1456	34644.52
1457	33862.72
1458	33076.63
1459	32266.01
1460	31410.54
1461	30490.77
1462	29494.23
1463	28426.39
1464	27305.85
1465	26154.46
1466	24994.21
1467	23846.74
1468	22729.94
1469	21651.42
1470	20610.26
1471	19603.28
1472	18627.13
1473	17678.63
1474	16756.08
1475	15862.25
1476	15003.93
1477	14189.09
1478	13425.76
1479	12721.82
1480	12083.21
1481	11509.79
1482	10995.51
1483	10532.53
1484	10112.88
1485	9728.61
1486	9372.36
1487	9038.64
1488	8723.82
1489	8424.89
1490	8138.89
1491	7862.89
1492	7594.62
1493	7333.91
1494	7082.79
1495	6844.02
1496	6620.39
1497	6414.67
1498	6228.87
1499	6062.67
1500	5913.20
1501	5776.85
1502	5649.91
1503	5528.70
1504	5409.97
1505	5291.82
1506	5173.74
1507	5055.65
1508	4937.50
1509	4819.29
1510	4701.23
1511	4584.27
1512	4470.05
1513	4360.48
1514	4257.43
1515	4162.79
1516	4077.94
1517	4002.97
1518	3936.72
1519	3877.66
1520	3824.25
1521	3774.96
1522	3728.42
1523	3683.67
1524	3640.15
1525	3597.36
1526	3554.84
1527	3512.17
1528	3469.57
1529	3428.80
1530	3392.82
1531	3364.87
1532	3348.21
1533	3345.77
1534	3358.21
1535	3380.85
1536	3405.47
1537	3423.06
1538	3424.64
1539	3401.87
1540	3350.83
1541	3276.53
1542	3189.11
1543	3099.70
1544	3019.40
1545	2958.46
1546	2922.37
1547	2908.39
1548	2909.73
1549	2918.99
1550	2928.75
1551	2932.45
1552	2927.26
1553	2915.66
1554	2902.38
1555	2892.42
1556	2890.71
1557	2900.94
1558	2922.23
1559	2948.45
1560	2971.64
1561	2983.66
1562	2976.59
1563	2944.97
1564	2890.76
1565	2822.63
1566	2751.21
1567	2687.24
1568	2641.04
1569	2619.52
1570	2621.30
1571	2639.21
1572	2664.76
1573	2689.38
1574	2705.06
1575	2706.90
1576	2695.95
1577	2676.44
1578	2653.13
1579	2630.81
1580	2613.79
1581	2604.37
1582	2602.00
1583	2604.98
1584	2611.44
1585	2619.52
1586	2627.53
1587	2634.28
1588	2639.14
1589	2641.60
1590	2641.22
1591	2637.55
1592	2630.42
1593	2620.33
1594	2608.27
1595	2595.32
1596	2582.59
1597	2571.22
1598	2562.61
1599	2558.60
1600	2561.26
1601	2572.70
1602	2594.99
1603	2629.61
1604	2675.78
1605	2729.93
1606	2787.51
1607	2843.84
1608	2894.42
1609	2936.18
1610	2970.02
1611	3000.01
1612	3031.07
1613	3068.13
1614	3115.91
1615	3177.78
1616	3254.59
1617	3345.84
1618	3450.83
1619	3568.84
1620	3699.52
1621	3843.82
1622	4004.26
1623	4183.91
1624	4385.93
1625	4613.32
1626	4868.24
1627	5150.50
1628	5458.25
1629	5789.23
1630	6141.16
1631	6512.65
1632	6906.36
1633	7331.68
1634	7801.06
1635	8327.44
1636	8923.91
1637	9605.42
1638	10392.77
1639	11312.38
1640	12392.35
1641	13660.84
1642	15144.03
1643	16856.05
1644	18786.74
1645	20912.36
1646	23206.62
1647	25642.64
1648	28186.58
1649	30779.48
1650	33333.29
1651	35749.90
1652	37930.27
1653	39777.02
1654	41204.43
1655	42153.22
1656	42580.87
1657	42448.48
1658	41718.20
1659	40367.72
1660	38434.83
1661	36033.40
1662	33305.61
1663	30396.65
1664	27448.85
1665	24583.01
1666	21869.37
1667	19344.59
1668	17037.81
1669	14977.51
1670	13186.78
1671	11667.81
1672	10396.33
1673	9338.22
1674	8458.29
1675	7721.91
1676	7098.56
1677	6567.05
1678	6112.11
1679	5719.78
1680	5376.22
1681	5069.08
1682	4791.35
1683	4542.19
1684	4322.89
1685	4134.97
1686	3979.51
1687	3855.03
1688	3754.81
1689	3669.25
1690	3588.15
1691	3501.55
1692	3402.04
1693	3290.37
1694	3175.21
1695	3067.61
1696	2978.78
1697	2918.67
1698	2891.30
1699	2890.78
1700	2906.69
1701	2927.91
1702	2943.68
1703	2946.25
1704	2935.61
1705	2917.53
1706	2899.20
1707	2887.84
1708	2889.86
1709	2908.64
1710	2943.91
1711	2994.07
1712	3057.38
1713	3132.13
1714	3216.85
1715	3310.46
1716	3412.13
1717	3521.05
1718	3636.43
1719	3757.67
1720	3884.60
1721	4017.44
1722	4156.51
1723	4302.20
1724	4456.18
1725	4624.90
1726	4820.78
1727	5058.44
1728	5352.62
1729	5716.23
1730	6151.90
1731	6643.49
1732	7165.32
1733	7690.10
1734	8191.32
1735	8649.50
1736	9062.82
1737	9442.32
1738	9802.16
1739	10156.29
1740	10514.07
1741	10869.55
1742	11200.86
1743	11481.07
1744	11682.93
1745	11782.12
1746	11767.00
1747	11644.29
1748	11428.37
1749	11134.54
1750	10777.52
1751	10368.34
1752	9910.81
1753	9404.87
1754	8849.78
1755	8245.43
1756	7597.18
1757	6923.83
1758	6253.76
1759	5617.61
1760	5045.56
1761	4561.26
1762	4168.47
1763	3852.48
1764	3593.17
1765	3370.17
1766	3165.74
1767	2971.68
1768	2791.17
1769	2631.41
1770	2499.95
1771	2402.87
1772	2339.86
1773	2301.10
1774	2272.77
1775	2240.56
1776	2191.53
1777	2119.89
1778	2032.72
1779	1943.52
1780	1866.80
1781	1816.21
1782	1799.66
1783	1812.92
1784	1844.72
1785	1882.39
1786	1913.60
1787	1929.00
1788	1926.35
1789	1908.29
1790	1878.52
1791	1840.75
1792	1798.28
1793	1753.20
1794	1706.70
1795	1659.74
1796	1613.27
1797	1568.31
1798	1526.03
1799	1487.74
1800	1454.80
1801	1428.58
1802	1410.55
1803	1402.54
1804	1406.64
1805	1425.09
1806	1459.98
1807	1511.90
1808	1576.55
1809	1644.64
1810	1705.37
1811	1747.94
1812	1763.57
1813	1750.28
1814	1713.25
1815	1659.98
1816	1598.15
1817	1534.98
1818	1476.07
1819	1425.37
1820	1386.20
1821	1361.81
1822	1354.62
1823	1364.19
1824	1387.07
1825	1418.77
1826	1454.77
1827	1490.88
1828	1524.12
1829	1552.76
1830	1575.49
1831	1591.03
1832	1598.24
1833	1596.35
1834	1584.98
1835	1563.90
1836	1532.97
1837	1493.33
1838	1450.02
1839	1411.74
1840	1388.25
1841	1389.03
1842	1419.74
1843	1475.12
1844	1540.56
1845	1598.84
1846	1633.20
1847	1632.10
1848	1597.78
1849	1543.04
1850	1483.34
1851	1433.73
1852	1405.33
1853	1399.80
1854	1412.52
1855	1437.44
1856	1468.54
1857	1500.52
1858	1529.53
1859	1552.54
1860	1566.72
1861	1569.52
1862	1559.92
1863	1539.53
1864	1511.30
1865	1478.38
1866	1443.92
1867	1411.16
1868	1383.36
1869	1363.84
1870	1355.84
1871	1361.56
1872	1379.48
1873	1403.73
1874	1426.90
1875	1441.64
1876	1442.63
1877	1430.63
1878	1411.97
1879	1394.56
1880	1386.06
1881	1391.20
1882	1407.56
1883	1427.76
1884	1443.33
1885	1446.43
1886	1433.42
1887	1408.64
1888	1380.60
1889	1358.52
1890	1350.39
1891	1358.99
1892	1379.65
1893	1404.72
1894	1426.27
1895	1437.78
1896	1437.36
1897	1427.79
1898	1413.33
1899	1398.23
1900	1385.87
1901	1377.46
1902	1372.71
1903	1370.95
1904	1371.39
1905	1372.82
1906	1373.24
1907	1370.26
1908	1361.46
1909	1345.26
1910	1323.07
1911	1299.94
1912	1282.22
1913	1276.13
1914	1285.69
1915	1308.92
1916	1339.16
1917	1368.60
1918	1390.11
1919	1400.77
1920	1405.47
1921	1413.07
1922	1432.95
1923	1471.94
1924	1527.45
1925	1585.90
1926	1629.88
1927	1642.45
1928	1613.29
1929	1548.65
1930	1466.60
1931	1387.96
1932	1331.87
1933	1309.04
1934	1316.70
1935	1346.12
1936	1387.72
1937	1432.28
1938	1471.68
1939	1498.85
1940	1507.08
1941	1490.57
1942	1448.77
1943	1391.35
1944	1333.43
1945	1290.97
1946	1276.96
1947	1294.06
1948	1333.43
1949	1382.43
1950	1428.43
1951	1461.42
1952	1477.00
1953	1474.23
1954	1452.95
1955	1414.25
1956	1363.84
1957	1312.99
1958	1274.88
1959	1262.00
1960	1280.23
1961	1320.69
1962	1365.15
1963	1393.70
1964	1390.53
1965	1355.52
1966	1307.39
1967	1271.46
1968	1272.05
1969	1322.18
1970	1410.50
1971	1510.99
1972	1594.97
1973	1638.60
1974	1635.04
1975	1596.06
1976	1539.56
1977	1483.14
1978	1439.56
1979	1412.29
1980	1399.87
1981	1399.94
1982	1409.49
1983	1423.82
1984	1436.63
1985	1441.25
1986	1432.06
1987	1408.47
1988	1377.63
1989	1350.06
1990	1336.21
1991	1342.43
1992	1365.05
1993	1393.47
1994	1415.67
1995	1421.72
1996	1409.53
1997	1385.81
1998	1360.20
1999	1341.99
2000	1336.87
2001	1344.22
2002	1360.27
2003	1380.79
2004	1401.62
2005	1419.00
2006	1429.43
2007	1429.54
2008	1417.19
2009	1394.56
2010	1368.76
2011	1348.53
2012	1341.71
2013	1350.59
2014	1368.20
2015	1383.16
2016	1384.13
2017	1364.71
2018	1330.20
2019	1293.70
2020	1269.70
2021	1268.78
2022	1289.24
2023	1317.69
2024	1337.50
2025	1334.98
2026	1309.38
2027	1277.02
2028	1260.63
2029	1280.98
2030	1344.52
2031	1432.15
2032	1512.23
2033	1552.71
2034	1533.21
2035	1460.18
2036	1357.36
2037	1251.78
2038	1166.47
2039	1112.74
2040	1092.06
2041	1103.15
2042	1143.23
2043	1204.93
2044	1276.03
2045	1342.79
2046	1392.69
2047	1418.72
2048	1421.14
2049	1403.08
2050	1368.58
2051	1324.67
2052	1283.14
2053	1257.84
2054	1261.41
2055	1297.78
2056	1354.36
2057	1409.95
2058	1443.06
2059	1440.27
2060	1405.80
2061	1354.49
2062	1303.00
2063	1265.02
2064	1246.95
2065	1250.19
2066	1274.70
2067	1318.24
2068	1372.85
2069	1426.25
2070	1465.42
2071	1480.87
2072	1473.13
2073	1451.06
2074	1425.59
2075	1405.85
2076	1395.33
2077	1392.53
2078	1394.54
2079	1398.70
2080	1403.35
2081	1407.73
2082	1411.37
2083	1413.78
2084	1414.44
2085	1412.78
2086	1408.26
2087	1400.71
2088	1391.17
2089	1381.78
2090	1374.97
2091	1372.58
2092	1374.73
2093	1379.93
2094	1386.25
2095	1391.88
2096	1395.48
2097	1396.08
2098	1392.86
2099	1384.88
2100	1370.90
2101	1349.51
2102	1319.54
2103	1282.50
2104	1246.84
2105	1226.00
2106	1233.70
2107	1276.56
2108	1344.43
2109	1416.24
2110	1469.63
2111	1489.52
2112	1476.18
2113	1438.68
2114	1388.09
2115	1336.86
2116	1299.81
2117	1292.74
2118	1328.23
2119	1403.32
2120	1491.63
2121	1557.11
2122	1568.89
2123	1520.87
2124	1437.60
2125	1354.28
2126	1301.04
2127	1288.06
2128	1305.92
2129	1339.46
2130	1375.07
2131	1404.57
2132	1423.94
2133	1430.77
2134	1426.36
2135	1419.70
2136	1424.17
2137	1451.47
2138	1500.88
2139	1551.61
2140	1574.29
2141	1545.77
2142	1470.63
2143	1386.19
2144	1339.86
2145	1365.71
2146	1457.01
2147	1572.80
2148	1665.42
2149	1703.43
2150	1690.92
2151	1652.81
2152	1615.46
2153	1593.26
2154	1582.61
2155	1572.45
2156	1552.94
2157	1521.32
2158	1481.87
2159	1440.91
2160	1403.83
2161	1373.50
2162	1351.16
2163	1337.57
2164	1332.86
2165	1336.23
2166	1346.36
2167	1360.49
2168	1371.54
2169	1368.35
2170	1340.09
2171	1285.67
2172	1224.66
2173	1188.38
2174	1203.73
2175	1270.77
2176	1354.84
2177	1409.82
2178	1402.64
2179	1337.88
2180	1248.31
2181	1171.06
2182	1130.86
2183	1132.11
2184	1169.79
2185	1234.65
2186	1308.71
2187	1366.43
2188	1383.40
2189	1352.80
2190	1299.53
2191	1263.28
2192	1274.80
2193	1328.65
2194	1384.68
2195	1396.59
2196	1341.37
2197	1240.56
2198	1137.83
2199	1072.53
2200	1058.73
2201	1086.23
2202	1138.07
2203	1199.51
2204	1260.57
2205	1313.66
2206	1351.93
2207	1369.56
2208	1361.69
2209	1325.45
2210	1265.88
2211	1200.01
2212	1149.22
2213	1128.32
2214	1134.11
2215	1150.63
2216	1160.78
2217	1154.63
2218	1131.14
2219	1093.36
2220	1050.05
2221	1020.57
2222	1028.92
2223	1088.09
2224	1175.94
2225	1239.98
2226	1229.32
2227	1135.54
2228	1009.96
2229	923.37
2230	920.69
2231	986.25
2232	1069.97
2233	1125.60
2234	1138.29
2235	1121.06
2236	1092.32
2237	1061.31
2238	1024.60
2239	975.60
2240	916.70
2241	868.17
2242	858.06
2243	903.95
2244	993.03
2245	1090.90
2246	1163.94
2247	1198.11
2248	1199.25
2249	1178.34
2250	1142.37
2251	1092.22
2252	1027.58
2253	954.30
2254	889.80
2255	855.91
2256	865.44
2257	908.82
2258	962.90
2259	1007.55
2260	1039.10
2261	1066.98
2262	1101.00
2263	1141.26
2264	1178.05
2265	1199.76
2266	1198.97
2267	1173.72
2268	1125.89
2269	1065.90
2270	1015.97
2271	999.37
2272	1021.15
2273	1055.13
2274	1064.50
2275	1032.15
2276	981.85
2277	955.58
2278	979.89
2279	1042.11
2280	1108.41
2281	1149.12
2282	1153.19
2283	1121.99
2284	1065.36
2285	1007.17
2286	978.20
2287	994.32
2288	1031.08
2289	1039.69
2290	988.78
2291	903.90
2292	846.87
2293	864.04
2294	943.17
2295	1033.60
2296	1090.78
2297	1105.85
2298	1093.70
2299	1072.53
2300	1056.15
2301	1054.27
2302	1068.60
2303	1085.29
2304	1083.26
2305	1051.23
2306	1000.46
2307	952.80
2308	923.73
2309	913.86
2310	916.39
2311	922.65
2312	923.14
2313	910.90
2314	890.83
2315	882.93
2316	907.13
2317	963.73
2318	1031.55
2319	1087.44
2320	1122.82
2321	1141.84
2322	1147.49
2323	1131.09
2324	1078.64
2325	992.33
2326	909.71
2327	880.29
2328	922.12
2329	1000.18
2330	1063.61
2331	1084.67
2332	1065.69
2333	1021.03
2334	970.86
2335	937.55
2336	932.53
2337	942.01
2338	941.91
2339	926.61
2340	922.08
2341	955.44
2342	1013.12
2343	1041.47
2344	1003.19
2345	932.68
2346	904.25
2347	952.89
2348	1031.06
2349	1068.22
2350	1041.43
2351	982.92
2352	934.96
2353	921.99
2354	951.36
2355	1007.75
2356	1047.81
2357	1033.89
2358	979.56
2359	938.42
2360	939.18
2361	941.17
2362	888.31
2363	793.11
2364	741.86
2365	795.94
2366	907.45
2367	978.38
2368	964.99
2369	904.45
2370	850.37
2371	827.66
2372	837.63
2373	865.00
2374	881.63
2375	872.77
2376	865.49
2377	901.33
2378	979.63
2379	1046.95
2380	1055.17
2381	1007.18
2382	936.27
2383	881.10
2384	874.30
2385	918.16
2386	964.23
2387	958.50
2388	897.31
2389	820.27
2390	777.76
2391	814.35
2392	936.51
2393	1073.90
2394	1136.56
2395	1104.10
2396	1023.55
2397	946.44
2398	900.97
2399	892.98
2400	900.67
2401	895.83
2402	874.16
2403	853.34
2404	854.10
2405	890.00
2406	953.58
2407	1006.17
2408	1014.93
2409	994.72
2410	984.38
2411	1003.26
2412	1041.71
2413	1061.65
2414	1013.46
2415	905.79
2416	834.54
2417	861.64
2418	917.79
2419	916.60
2420	885.43
2421	895.92
2422	938.90
2423	952.49
2424	924.67
2425	897.48
2426	903.97
2427	943.77
2428	983.81
2429	976.77
2430	927.07
2431	906.23
2432	955.69
2433	1035.18
2434	1081.30
2435	1054.27
2436	967.25
2437	891.39
2438	860.91
2439	823.51
2440	762.29
2441	757.53
2442	819.55
2443	814.85
2444	718.40
2445	718.43
2446	892.68
2447	1071.47
2448	1121.71
2449	1073.21
2450	1006.42
