150	4229.80
151	4220.31
152	4218.02
153	4229.63
154	4254.88
155	4291.13
156	4334.99
157	4382.97
158	4431.59
159	4477.39
160	4516.88
161	4546.62
162	4563.75
163	4567.61
164	4560.25
165	4544.71
166	4524.15
167	4501.70
168	4480.52
169	4463.76
170	4454.54
171	4455.54
172	4467.75
173	4490.04
174	4520.52
175	4557.20
176	4598.09
177	4641.22
178	4684.60
179	4726.26
180	4764.45
181	4798.32
182	4828.08
183	4854.35
184	4877.79
185	4899.04
186	4918.76
187	4937.61
188	4956.24
189	4975.27
190	4995.22
191	5016.44
192	5039.26
193	5063.99
194	5090.95
195	5120.45
196	5152.81
197	5188.33
198	5227.14
199	5268.80
200	5312.20
201	5355.99
202	5398.83
203	5439.35
204	5476.20
205	5508.02
206	5533.49
207	5551.59
208	5562.42
209	5567.21
210	5567.56
211	5565.10
212	5561.46
213	5558.25
214	5557.12
215	5559.66
216	5567.10
217	5579.61
218	5596.32
219	5616.07
220	5637.66
221	5659.91
222	5681.62
223	5701.60
224	5718.71
225	5732.06
226	5741.67
227	5748.22
228	5752.57
229	5755.63
230	5758.29
231	5761.42
232	5765.93
233	5772.66
234	5782.23
235	5794.62
236	5809.36
237	5825.87
238	5843.57
239	5861.88
240	5880.21
241	5897.99
242	5914.65
243	5929.72
244	5942.94
245	5954.18
246	5963.33
247	5970.30
248	5974.97
249	5977.25
250	5977.04
251	5974.29
252	5969.18
253	5962.39
254	5954.83
255	5947.43
256	5941.16
257	5936.96
258	5935.77
259	5938.55
260	5946.15
261	5959.04
262	5977.09
263	5999.93
264	6027.14
265	6058.31
266	6093.03
267	6130.88
268	6171.45
269	6214.21
270	6258.31
271	6302.49
272	6345.31
273	6385.36
274	6421.18
275	6451.36
276	6474.45
277	6489.05
278	6494.21
279	6490.25
280	6478.69
281	6461.41
282	6440.31
283	6417.29
284	6394.26
285	6373.12
286	6355.69
287	6343.27
288	6335.87
289	6332.56
290	6332.22
291	6333.70
292	6335.86
293	6337.56
294	6337.67
295	6335.13
296	6329.41
297	6320.89
298	6310.50
299	6299.23
300	6288.06
301	6278.00
302	6270.05
303	6265.19
304	6264.21
305	6266.98
306	6272.18
307	6277.97
308	6282.46
309	6283.75
310	6279.95
311	6269.17
312	6249.56
313	6219.94
314	6181.21
315	6136.32
316	6088.85
317	6042.43
318	6000.70
319	5967.27
320	5945.80
321	5939.71
322	5951.12
323	5978.95
324	6019.90
325	6070.20
326	6126.05
327	6183.63
328	6239.16
329	6288.82
330	6329.13
331	6358.03
332	6375.95
333	6384.48
334	6385.41
335	6380.53
336	6371.63
337	6360.51
338	6348.94
339	6338.46
340	6329.71
341	6322.38
342	6315.77
343	6309.21
344	6301.97
345	6293.36
346	6282.68
347	6269.24
348	6252.57
349	6232.75
350	6210.21
351	6185.52
352	6159.23
353	6131.88
354	6104.03
355	6076.23
356	6049.04
357	6023.01
358	5998.68
359	5976.58
360	5957.27
361	5941.28
362	5929.16
363	5921.44
364	5918.64
365	5921.06
366	5928.17
367	5938.59
368	5950.65
369	5962.67
370	5972.95
371	5979.80
372	5981.54
373	5976.60
374	5964.31
375	5946.05
376	5924.51
377	5902.66
378	5883.50
379	5870.02
380	5865.23
381	5872.09
382	5893.08
383	5928.59
384	5976.04
385	6031.63
386	6091.40
387	6151.41
388	6207.69
389	6256.29
390	6293.37
391	6316.16
392	6324.89
393	6322.25
394	6311.58
395	6296.27
396	6279.71
397	6265.29
398	6256.38
399	6255.99
400	6265.35
401	6282.53
402	6304.14
403	6326.54
404	6346.08
405	6359.13
406	6362.02
407	6351.22
408	6324.30
409	6282.34
410	6229.77
411	6172.05
412	6114.73
413	6063.33
414	6023.38
415	6000.40
416	5999.42
417	6022.74
418	6067.48
419	6128.01
420	6198.22
421	6271.98
422	6343.15
423	6405.60
424	6453.30
425	6481.40
426	6488.95
427	6478.98
428	6455.78
429	6423.77
430	6387.34
431	6350.90
432	6318.84
433	6295.28
434	6282.87
435	6281.35
436	6288.90
437	6303.44
438	6322.86
439	6345.06
440	6367.93
441	6389.40
442	6407.68
443	6421.93
444	6432.25
445	6439.04
446	6442.70
447	6443.67
448	6442.36
449	6439.17
450	6434.57
451	6429.14
452	6423.71
453	6419.27
454	6416.80
455	6417.30
456	6421.77
457	6431.20
458	6446.54
459	6468.40
460	6496.27
461	6528.69
462	6563.94
463	6600.27
464	6635.93
465	6669.17
466	6698.24
467	6721.58
468	6738.41
469	6749.17
470	6754.88
471	6756.60
472	6755.40
473	6752.37
474	6748.58
475	6745.09
476	6742.77
477	6742.01
478	6742.90
479	6745.43
480	6749.59
481	6755.36
482	6762.74
483	6771.70
484	6782.15
485	6793.71
486	6805.62
487	6817.00
488	6826.96
489	6834.61
490	6839.06
491	6839.41
492	6834.86
493	6825.15
494	6811.04
495	6793.86
496	6775.05
497	6756.06
498	6738.32
499	6723.27
500	6712.34
501	6706.57
502	6706.05
503	6709.99
504	6717.38
505	6727.16
506	6738.30
507	6749.76
508	6760.51
509	6769.61
510	6776.56
511	6781.45
512	6784.59
513	6786.32
514	6787.00
515	6786.96
516	6786.55
517	6786.09
518	6785.86
519	6785.96
520	6786.41
521	6787.22
522	6788.39
523	6789.93
524	6791.84
525	6794.10
526	6796.52
527	6798.31
528	6798.22
529	6794.89
530	6786.92
531	6772.91
532	6751.50
533	6721.30
534	6681.35
535	6632.12
536	6575.97
537	6515.94
538	6455.13
539	6396.66
540	6343.64
541	6299.17
542	6266.05
543	6245.52
544	6235.97
545	6234.40
546	6237.56
547	6242.20
548	6245.08
549	6242.96
550	6232.71
551	6212.32
552	6182.33
553	6145.07
554	6103.26
555	6059.65
556	6017.00
557	5978.05
558	5945.52
559	5921.67
560	5907.41
561	5902.37
562	5905.78
563	5916.87
564	5934.83
565	5958.89
566	5988.26
567	6022.15
568	6059.77
569	6100.35
570	6143.13
571	6187.32
572	6232.15
573	6276.86
574	6320.66
575	6362.89
576	6403.34
577	6442.58
578	6481.53
579	6521.19
580	6562.54
581	6606.57
582	6654.27
583	6706.55
584	6763.83
585	6825.52
586	6890.42
587	6957.24
588	7024.65
589	7091.36
590	7156.03
591	7217.39
592	7274.33
593	7326.18
594	7372.63
595	7413.45
596	7448.39
597	7477.22
598	7499.70
599	7515.61
600	7524.80
601	7527.35
602	7523.58
603	7513.85
604	7498.53
605	7477.98
606	7452.58
607	7422.69
608	7388.68
609	7350.80
610	7309.28
611	7264.28
612	7216.00
613	7164.60
614	7110.27
615	7053.19
616	6993.65
617	6932.31
618	6870.35
619	6809.13
620	6750.02
621	6694.41
622	6643.68
623	6599.19
624	6562.10
625	6532.64
626	6509.63
627	6491.34
628	6475.93
629	6461.59
630	6446.50
631	6428.82
632	6406.97
633	6380.30
634	6349.84
635	6317.36
636	6284.75
637	6253.91
638	6226.73
639	6205.09
640	6190.72
641	6184.42
642	6185.33
643	6191.77
644	6201.89
645	6213.86
646	6225.86
647	6236.03
648	6242.65
649	6244.42
650	6241.01
651	6232.59
652	6219.39
653	6201.68
654	6179.70
655	6153.72
656	6124.04
657	6091.31
658	6056.87
659	6022.46
660	5989.87
661	5960.91
662	5937.39
663	5921.10
664	5913.75
665	5916.31
666	5928.28
667	5948.33
668	5974.94
669	6006.57
670	6041.72
671	6078.86
672	6116.54
673	6153.79
674	6190.64
675	6227.69
676	6265.66
677	6305.27
678	6347.26
679	6392.34
680	6441.19
681	6494.20
682	6551.17
683	6611.54
684	6674.69
685	6740.00
686	6806.84
687	6874.59
688	6942.67
689	7010.74
690	7078.92
691	7147.62
692	7217.28
693	7288.35
694	7361.29
695	7436.53
696	7514.49
697	7595.39
698	7679.04
699	7765.08
700	7853.07
701	7942.61
702	8033.28
703	8124.67
704	8216.48
705	8309.07
706	8403.89
707	8502.96
708	8608.40
709	8722.31
710	8846.80
711	8983.97
712	9135.39
713	9300.23
714	9473.75
715	9649.49
716	9820.72
717	9980.69
718	10122.67
719	10239.97
720	10326.80
721	10381.23
722	10406.80
723	10409.28
724	10394.72
725	10369.18
726	10338.73
727	10309.37
728	10286.29
729	10271.54
730	10263.34
731	10258.54
732	10253.82
733	10245.88
734	10231.40
735	10207.14
736	10170.63
737	10122.04
738	10064.22
739	10000.89
740	9935.85
741	9872.88
742	9815.76
743	9768.22
744	9733.08
745	9710.77
746	9699.61
747	9697.37
748	9701.79
749	9710.58
750	9721.48
751	9732.34
752	9741.80
753	9750.46
754	9760.25
755	9773.41
756	9792.19
757	9818.85
758	9855.64
759	9904.54
760	9965.98
761	10037.36
762	10114.38
763	10192.46
764	10267.00
765	10333.39
766	10387.06
767	10423.91
768	10442.14
769	10443.42
770	10431.00
771	10408.31
772	10378.80
773	10345.94
774	10313.15
775	10283.58
776	10259.35
777	10241.36
778	10230.10
779	10226.01
780	10229.52
781	10241.08
782	10261.14
783	10290.37
784	10330.04
785	10381.90
786	10447.89
787	10529.91
788	10629.89
789	10749.76
790	10891.33
791	11055.78
792	11242.89
793	11451.50
794	11680.30
795	11927.96
796	12193.13
797	12474.48
798	12770.55
799	13079.20
800	13397.26
801	13721.07
802	14046.91
803	14371.03
804	14689.72
805	14999.29
806	15296.81
807	15581.94
808	15857.33
809	16126.60
810	16393.49
811	16661.72
812	16935.03
813	17217.10
814	17511.30
815	17820.09
816	18145.30
817	18488.57
818	18851.54
819	19235.85
820	19643.13
821	20074.78
822	20530.98
823	21009.68
824	21507.66
825	22021.51
826	22547.82
827	23083.18
828	23624.16
829	24167.40
830	24709.65
831	25247.81
832	25778.86
833	26299.76
834	26807.51
835	27299.06
836	27771.41
837	28221.54
838	28646.53
839	29043.51
840	29409.60
841	29741.95
842	30037.69
843	30293.97
844	30508.50
845	30681.74
846	30818.92
847	30927.59
848	31015.63
849	31090.96
850	31161.50
851	31235.08
852	31318.38
853	31414.25
854	31521.53
855	31637.78
856	31760.43
857	31886.90
858	32014.62
859	32141.12
860	32264.39
861	32383.55
862	32498.41
863	32608.92
864	32715.04
865	32816.72
866	32913.90
867	33005.88
868	33089.48
869	33158.23
870	33204.36
871	33219.97
872	33197.14
873	33127.98
874	33005.02
875	32824.36
876	32591.44
877	32318.66
878	32020.15
879	31710.12
880	31402.79
881	31112.32
882	30851.18
883	30624.31
884	30425.03
885	30241.62
886	30061.64
887	29872.64
888	29662.19
889	29418.24
890	29132.79
891	28809.04
892	28459.54
893	28099.31
894	27743.56
895	27407.47
896	27106.19
897	26853.45
898	26656.28
899	26510.79
900	26408.13
901	26338.72
902	26292.93
903	26261.14
904	26233.92
905	26203.50
906	26166.83
907	26124.89
908	26079.70
909	26033.36
910	25987.98
911	25945.64
912	25907.81
913	25873.24
914	25836.30
915	25789.43
916	25724.80
917	25634.59
918	25510.96
919	25346.52
920	25137.54
921	24890.20
922	24618.40
923	24337.95
924	24064.82
925	23814.95
926	23604.19
927	23446.23
928	23345.72
929	23294.66
930	23279.95
931	23287.86
932	23304.62
933	23316.50
934	23310.30
935	23276.75
936	23215.83
937	23133.55
938	23037.33
939	22934.62
940	22832.89
941	22739.52
942	22660.61
943	22597.82
944	22547.69
945	22505.06
946	22464.58
947	22420.89
948	22368.68
949	22303.26
950	22223.42
951	22134.58
952	22045.56
953	21965.79
954	21904.72
955	21871.81
956	21876.17
957	21923.85
958	22012.18
959	22131.15
960	22268.77
961	22412.93
962	22551.50
963	22672.43
964	22764.74
965	22821.86
966	22843.20
967	22830.47
968	22785.70
969	22710.91
970	22608.10
971	22479.14
972	22324.98
973	22144.62
974	21936.02
975	21696.87
976	21424.88
977	21117.77
978	20773.47
979	20392.26
980	19981.19
981	19553.26
982	19123.17
983	18705.68
984	18315.59
985	17967.58
986	17674.59
987	17442.65
988	17268.65
989	17145.96
990	17067.57
991	17026.48
992	17015.65
993	17028.44
994	17060.20
995	17110.11
996	17179.37
997	17269.55
998	17382.21
999	17518.92
1000	17681.08
1001	17868.78
1002	18078.64
1003	18304.73
1004	18540.49
1005	18779.33
1006	19014.66
1007	19239.97
1008	19449.95
1009	19643.27
1010	19822.77
1011	19992.62
1012	20157.12
1013	20320.57
1014	20487.22
1015	20660.56
1016	20840.80
1017	21023.39
1018	21201.84
1019	21369.42
1020	21519.38
1021	21645.00
1022	21740.21
1023	21802.57
1024	21836.61
1025	21850.49
1026	21853.04
1027	21853.11
1028	21859.53
1029	21880.74
1030	21922.15
1031	21981.94
1032	22053.34
1033	22128.43
1034	22199.25
1035	22257.86
1036	22296.51
1037	22309.75
1038	22298.79
1039	22270.66
1040	22234.03
1041	22197.67
1042	22170.37
1043	22160.82
1044	22176.87
1045	22223.22
1046	22301.20
1047	22410.97
1048	22552.60
1049	22726.16
1050	22931.73
1051	23169.61
1052	23441.04
1053	23748.53
1054	24095.07
1055	24483.74
1056	24917.57
1057	25399.58
1058	25931.35
1059	26507.73
1060	27112.66
1061	27725.10
1062	28323.31
1063	28885.50
1064	29389.96
1065	29816.98
1066	30157.87
1067	30424.80
1068	30640.76
1069	30830.66
1070	31019.48
1071	31232.14
1072	31491.99
1073	31812.18
1074	32184.22
1075	32586.77
1076	32995.91
1077	33387.60
1078	33737.86
1079	34023.25
1080	34224.74
1081	34333.50
1082	34347.51
1083	34266.22
1084	34089.20
1085	33816.00
1086	33446.36
1087	32981.58
1088	32426.87
1089	31790.27
1090	31080.52
1091	30306.39
1092	29476.67
1093	28600.28
1094	27687.50
1095	26752.21
1096	25811.08
1097	24881.53
1098	23981.01
1099	23126.95
1100	22336.44
1101	21623.39
1102	20992.75
1103	20442.17
1104	19967.34
1105	19563.82
1106	19227.18
1107	18952.93
1108	18736.12
1109	18570.49
1110	18448.63
1111	18362.85
1112	18305.43
1113	18268.64
1114	18244.72
1115	18225.33
1116	18200.61
1117	18159.33
1118	18089.93
1119	17980.82
1120	17820.41
1121	17597.50
1122	17304.49
1123	16943.93
1124	16526.84
1125	16066.49
1126	15576.34
1127	15069.81
1128	14560.18
1129	14059.36
1130	13575.46
1131	13113.58
1132	12678.01
1133	12273.01
1134	11902.83
1135	11571.56
1136	11282.00
1137	11033.56
1138	10823.09
1139	10646.83
1140	10500.95
1141	10381.67
1142	10285.12
1143	10207.30
1144	10143.68
1145	10089.41
1146	10039.57
1147	9989.24
1148	9933.49
1149	9867.71
1150	9789.32
1151	9700.30
1152	9605.47
1153	9510.24
1154	9420.06
1155	9340.36
1156	9276.23
1157	9230.83
1158	9203.37
1159	9190.89
1160	9190.05
1161	9197.46
1162	9209.78
1163	9223.76
1164	9236.89
1165	9247.90
1166	9256.10
1167	9260.93
1168	9261.80
1169	9258.14
1170	9249.50
1171	9235.89
1172	9218.09
1173	9197.13
1174	9174.11
1175	9150.13
1176	9126.29
1177	9103.64
1178	9083.15
1179	9065.65
1180	9051.93
1181	9042.78
1182	9038.97
1183	9041.27
1184	9050.04
1185	9064.50
1186	9082.72
1187	9102.41
1188	9121.26
1189	9136.98
1190	9147.32
1191	9150.72
1192	9147.28
1193	9138.42
1194	9125.90
1195	9111.48
1196	9096.91
1197	9083.93
1198	9073.95
1199	9067.78
1200	9065.86
1201	9068.57
1202	9076.27
1203	9089.32
1204	9108.04
1205	9132.52
1206	9162.47
1207	9197.43
1208	9236.94
1209	9280.49
1210	9327.63
1211	9378.01
1212	9431.79
1213	9489.71
1214	9552.77
1215	9621.95
1216	9698.25
1217	9782.64
1218	9875.86
1219	9978.00
1220	10088.56
1221	10206.86
1222	10332.24
1223	10464.02
1224	10601.53
1225	10744.14
1226	10891.29
1227	11042.46
1228	11197.14
1229	11354.85
1230	11515.08
1231	11677.67
1232	11843.87
1233	12017.23
1234	12202.27
1235	12403.66
1236	12626.06
1237	12874.09
1238	13151.43
1239	13458.74
1240	13793.42
1241	14151.89
1242	14530.44
1243	14925.38
1244	15333.31
1245	15752.98
1246	16188.42
1247	16647.27
1248	17138.04
1249	17669.29
1250	18249.47
1251	18885.50
1252	19576.68
1253	20309.71
1254	21065.53
1255	21824.15
1256	22565.62
1257	23270.14
1258	23920.69
1259	24509.40
1260	25037.94
1261	25511.03
1262	25933.67
1263	26310.81
1264	26646.97
1265	26943.38
1266	27193.81
1267	27387.19
1268	27511.47
1269	27554.51
1270	27504.31
1271	27351.56
1272	27098.33
1273	26763.11
1274	26371.10
1275	25948.35
1276	25520.94
1277	25114.51
1278	24750.52
1279	24438.49
1280	24177.93
1281	23965.61
1282	23798.14
1283	23672.16
1284	23585.56
1285	23542.75
1286	23559.82
1287	23658.66
1288	23862.09
1289	24193.00
1290	24673.68
1291	25319.36
1292	26122.13
1293	27050.61
1294	28066.05
1295	29129.08
1296	30200.36
1297	31241.09
1298	32215.93
1299	33096.57
1300	33858.60
1301	34478.40
1302	34932.37
1303	35197.23
1304	35254.07
1305	35099.43
1306	34747.11
1307	34216.75
1308	33528.55
1309	32702.72
1310	31759.77
1311	30722.24
1312	29616.91
1313	28473.06
1314	27320.49
1315	26189.00
1316	25108.11
1317	24102.90
1318	23182.79
1319	22339.58
1320	21559.10
1321	20826.59
1322	20127.31
1323	19447.12
1324	18775.58
1325	18109.92
1326	17451.68
1327	16803.29
1328	16167.19
1329	15545.82
1330	14941.64
1331	14357.16
1332	13794.95
1333	13257.57
1334	12747.61
1335	12267.64
1336	11820.15
1337	11407.28
1338	11030.45
1339	10690.74
1340	10389.14
1341	10126.66
1342	9904.16
1343	9721.00
1344	9572.17
1345	9448.86
1346	9341.19
1347	9239.22
1348	9133.06
1349	9014.06
1350	8879.08
1351	8733.21
1352	8585.02
1353	8443.58
1354	8317.93
1355	8216.77
1356	8146.11
1357	8105.56
1358	8090.43
1359	8095.06
1360	8113.75
1361	8140.77
1362	8170.49
1363	8197.38
1364	8216.12
1365	8221.41
1366	8208.00
1367	8170.62
1368	8104.73
1369	8009.27
1370	7889.37
1371	7753.16
1372	7609.24
1373	7466.24
1374	7332.47
1375	7213.57
1376	7108.45
1377	7010.98
1378	6913.80
1379	6809.46
1380	6690.67
1381	6551.87
1382	6393.80
1383	6224.32
1384	6053.76
1385	5892.67
1386	5751.58
1387	5640.25
1388	5564.64
1389	5524.23
1390	5515.46
1391	5534.30
1392	5576.71
1393	5638.65
1394	5716.35
1395	5806.57
1396	5906.43
1397	6013.15
1398	6123.97
1399	6236.11
1400	6347.13
1401	6455.55
1402	6560.78
1403	6662.52
1404	6760.50
1405	6854.47
1406	6944.83
1407	7034.59
1408	7130.25
1409	7239.70
1410	7370.97
1411	7532.09
1412	7730.50
1413	7970.54
1414	8250.86
1415	8567.25
1416	8915.02
1417	9289.50
1418	9686.62
1419	10106.94
1420	10561.83
1421	11069.85
1422	11651.15
1423	12325.94
1424	13114.30
1425	14034.81
1426	15101.77
1427	16325.68
1428	17716.05
1429	19282.29
1430	21033.24
1431	22969.77
1432	25064.75
1433	27259.95
1434	29486.63
1435	31675.11
1436	33755.89
1437	35663.55
1438	37349.85
1439	38790.51
1440	39970.80
1441	40877.22
1442	41496.43
1443	41818.36
1444	41849.34
1445	41623.60
1446	41188.47
1447	40593.37
1448	39887.71
1449	39119.24
1450	38325.82
1451	37525.43
1452	36725.03
1453	35929.50
1454	35143.63
1455	34371.57
1456	33612.89
1457	32856.80
1458	32085.77
1459	31280.81
1460	30422.93
1461	29493.97
1462	28483.04
1463	27397.72
1464	26259.23
1465	25092.11
1466	23921.04
1467	22770.32
1468	21660.26
1469	20600.08
1470	19589.85
1471	18627.21
1472	17709.62
1473	16834.60
1474	15999.93
1475	15204.25
1476	14446.98
1477	13727.77
1478	13046.29
1479	12402.18
1480	11795.08
1481	11224.57
1482	10690.14
1483	10191.26
1484	9727.43
1485	9298.10
1486	8902.60
1487	8539.75
1488	8207.92
1489	7905.30
1490	7630.07
1491	7380.42
1492	7154.41
1493	6949.80
1494	6764.02
1495	6594.36
1496	6438.14
1497	6292.64
1498	6155.14
1499	6022.85
1500	5892.91
1501	5762.42
1502	5628.50
1503	5488.33
1504	5340.09
1505	5185.16
1506	5028.22
1507	4875.00
1508	4731.29
1509	4602.80
1510	4493.92
1511	4404.96
1512	4332.18
1513	4270.63
1514	4215.26
1515	4161.09
1516	4103.98
1517	4042.34
1518	3976.85
1519	3908.92
1520	3839.98
1521	3771.44
1522	3704.55
1523	3640.07
1524	3578.35
1525	3519.63
1526	3464.14
1527	3412.13
1528	3363.99
1529	3320.46
1530	3282.54
1531	3251.30
1532	3227.82
1533	3213.01
1534	3206.79
1535	3206.62
1536	3208.41
1537	3207.69
1538	3199.98
1539	3181.14
1540	3149.01
1541	3105.50
1542	3054.86
1543	3001.79
1544	2951.00
1545	2906.85
1546	2872.04
1547	2846.29
1548	2827.89
1549	2814.89
1550	2805.33
1551	2797.23
1552	2788.53
1553	2777.06
1554	2760.59
1555	2736.89
1556	2703.79
1557	2660.01
1558	2607.45
1559	2551.75
1560	2499.85
1561	2458.80
1562	2435.44
1563	2434.41
1564	2453.65
1565	2485.06
1566	2518.77
1567	2544.81
1568	2553.65
1569	2539.34
1570	2504.60
1571	2458.21
1572	2410.37
1573	2371.30
1574	2350.45
1575	2352.71
1576	2374.28
1577	2406.76
1578	2440.93
1579	2467.60
1580	2478.82
1581	2472.08
1582	2452.60
1583	2428.72
1584	2409.21
1585	2402.67
1586	2415.67
1587	2448.02
1588	2492.67
1589	2540.39
1590	2581.76
1591	2607.77
1592	2612.44
1593	2597.45
1594	2569.94
1595	2538.36
1596	2511.20
1597	2496.40
1598	2498.89
1599	2518.17
1600	2550.99
1601	2593.65
1602	2642.47
1603	2693.88
1604	2744.89
1605	2793.23
1606	2836.87
1607	2873.80
1608	2902.21
1609	2921.80
1610	2936.54
1611	2953.79
1612	2981.79
1613	3028.81
1614	3102.49
1615	3206.89
1616	3339.27
1617	3493.35
1618	3662.21
1619	3838.99
1620	4017.80
1621	4196.37
1622	4376.86
1623	4562.98
1624	4758.60
1625	4967.69
1626	5194.79
1627	5445.99
1628	5728.50
1629	6049.82
1630	6417.43
1631	6838.34
1632	7317.30
1633	7855.33
1634	8451.75
1635	9105.62
1636	9816.35
1637	10587.57
1638	11436.16
1639	12391.78
1640	13487.93
1641	14758.35
1642	16234.64
1643	17935.54
1644	19853.87
1645	21967.96
1646	24253.37
1647	26685.13
1648	29231.71
1649	31837.88
1650	34421.04
1651	36889.06
1652	39148.95
1653	41108.56
1654	42682.01
1655	43797.52
1656	44392.27
1657	44405.39
1658	43777.20
1659	42466.81
1660	40506.21
1661	38019.68
1662	35165.80
1663	32106.77
1664	29001.53
1665	25983.89
1666	23128.75
1667	20471.89
1668	18040.34
1669	15860.46
1670	13953.81
1671	12323.63
1672	10949.81
1673	9803.61
1674	8855.32
1675	8075.30
1676	7434.63
1677	6906.01
1678	6463.17
1679	6080.06
1680	5730.91
1681	5393.73
1682	5060.22
1683	4738.02
1684	4440.28
1685	4180.66
1686	3971.70
1687	3819.15
1688	3714.96
1689	3643.34
1690	3587.04
1691	3529.04
1692	3455.51
1693	3362.86
1694	3257.40
1695	3148.41
1696	3045.41
1697	2957.27
1698	2889.72
1699	2843.27
1700	2816.07
1701	2805.87
1702	2810.37
1703	2826.86
1704	2851.55
1705	2879.87
1706	2907.02
1707	2928.29
1708	2939.73
1709	2940.49
1710	2933.40
1711	2922.63
1712	2912.50
1713	2907.43
1714	2912.31
1715	2933.01
1716	2975.90
1717	3047.43
1718	3153.79
1719	3298.81
1720	3479.76
1721	3688.58
1722	3915.83
1723	4152.08
1724	4389.68
1725	4627.89
1726	4874.46
1727	5140.32
1728	5436.67
1729	5773.68
1730	6155.97
1731	6577.92
1732	7028.70
1733	7496.61
1734	7970.10
1735	8438.96
1736	8896.48
1737	9338.45
1738	9761.30
1739	10161.35
1740	10533.49
1741	10867.71
1742	11149.00
1743	11360.70
1744	11486.14
1745	11510.86
1746	11430.05
1747	11252.88
1748	10994.29
1749	10669.96
1750	10294.86
1751	9879.64
1752	9426.61
1753	8933.54
1754	8397.42
1755	7815.91
1756	7192.32
1757	6544.04
1758	5898.42
1759	5285.17
1760	4733.62
1761	4267.04
1762	3890.46
1763	3591.86
1764	3354.30
1765	3160.50
1766	2994.53
1767	2845.31
1768	2707.48
1769	2577.75
1770	2453.06
1771	2330.81
1772	2210.54
1773	2094.88
1774	1987.79
1775	1893.40
1776	1815.47
1777	1755.90
1778	1713.20
1779	1684.22
1780	1665.50
1781	1653.69
1782	1646.00
1783	1640.80
1784	1637.17
1785	1634.31
1786	1631.51
1787	1628.59
1788	1626.68
1789	1627.75
1790	1633.98
1791	1647.35
1792	1668.16
1793	1692.09
1794	1711.33
1795	1717.15
1796	1701.12
1797	1658.18
1798	1593.03
1799	1518.84
1800	1451.08
1801	1405.08
1802	1392.31
1803	1412.41
1804	1453.79
1805	1501.56
1806	1540.77
1807	1559.27
1808	1554.00
1809	1531.04
1810	1499.34
1811	1468.00
1812	1444.67
1813	1432.20
1814	1428.36
1815	1429.26
1816	1430.95
1817	1430.34
1818	1427.28
1819	1424.83
1820	1427.07
1821	1438.11
1822	1460.60
1823	1492.27
1824	1525.59
1825	1551.28
1826	1560.07
1827	1544.99
1828	1506.79
1829	1454.34
1830	1399.12
1831	1352.64
1832	1323.86
1833	1313.44
1834	1313.72
1835	1314.43
1836	1305.35
1837	1279.25
1838	1238.04
1839	1192.25
1840	1154.93
1841	1138.96
1842	1153.37
1843	1196.11
1844	1255.70
1845	1318.00
1846	1369.19
1847	1399.17
1848	1407.81
1849	1402.63
1850	1393.03
1851	1388.12
1852	1394.08
1853	1410.08
1854	1430.61
1855	1449.09
1856	1459.33
1857	1457.70
1858	1445.93
1859	1428.81
1860	1411.74
1861	1399.75
1862	1395.78
1863	1399.15
1864	1407.35
1865	1417.59
1866	1427.04
1867	1432.69
1868	1431.31
1869	1419.59
1870	1394.28
1871	1353.74
1872	1302.09
1873	1250.16
1874	1211.12
1875	1197.99
1876	1219.61
1877	1272.31
1878	1341.01
1879	1407.36
1880	1453.45
1881	1466.42
1882	1445.83
1883	1399.85
1884	1338.64
1885	1272.37
1886	1210.55
1887	1161.50
1888	1132.88
1889	1132.13
1890	1164.68
1891	1227.26
1892	1304.41
1893	1375.66
1894	1420.37
1895	1422.83
1896	1383.67
1897	1319.98
1898	1253.97
1899	1207.40
1900	1195.17
1901	1215.16
1902	1253.21
1903	1292.43
1904	1317.02
1905	1318.00
1906	1298.42
1907	1267.33
1908	1234.69
1909	1209.73
1910	1198.75
1911	1204.51
1912	1228.53
1913	1271.86
1914	1332.81
1915	1402.33
1916	1465.56
1917	1506.25
1918	1509.81
1919	1471.41
1920	1404.21
1921	1330.59
1922	1274.19
1923	1254.18
1924	1273.26
1925	1314.79
1926	1355.43
1927	1372.13
1928	1349.69
1929	1292.36
1930	1218.34
1931	1149.05
1932	1104.07
1933	1093.56
1934	1112.72
1935	1150.07
1936	1193.32
1937	1231.54
1938	1258.13
1939	1270.49
1940	1267.25
1941	1247.56
1942	1213.39
1943	1172.05
1944	1133.77
1945	1109.17
1946	1107.21
1947	1130.81
1948	1176.28
1949	1237.71
1950	1308.80
1951	1382.15
1952	1448.02
1953	1495.18
1954	1512.32
1955	1491.17
1956	1434.76
1957	1359.80
1958	1287.82
1959	1239.75
1960	1228.76
1961	1250.57
1962	1289.86
1963	1329.13
1964	1352.81
1965	1353.10
1966	1331.42
1967	1292.56
1968	1241.81
1969	1185.99
1970	1135.03
1971	1100.79
1972	1095.21
1973	1126.39
1974	1189.04
1975	1263.28
1976	1324.46
1977	1349.56
1978	1327.18
1979	1268.24
1980	1195.41
1981	1133.06
1982	1100.93
1983	1104.69
1984	1137.21
1985	1187.72
1986	1245.50
1987	1301.37
1988	1348.52
1989	1381.21
1990	1394.21
1991	1385.33
1992	1359.68
1993	1327.46
1994	1299.90
1995	1286.37
1996	1289.56
1997	1304.58
1998	1323.98
1999	1340.39
2000	1347.99
2001	1343.79
2002	1326.20
2003	1294.10
2004	1248.46
2005	1195.66
2006	1146.13
2007	1111.13
2008	1099.32
2009	1110.03
2010	1131.86
2011	1149.83
2012	1150.38
2013	1128.78
2014	1095.30
2015	1067.21
2016	1061.89
2017	1089.56
2018	1143.47
2019	1205.61
2020	1255.80
2021	1278.28
2022	1271.12
2023	1245.56
2024	1216.64
2025	1197.84
2026	1195.26
2027	1205.26
2028	1220.46
2029	1233.56
2030	1239.78
2031	1238.92
2032	1233.03
2033	1224.47
2034	1215.34
2035	1207.03
2036	1200.48
2037	1196.48
2038	1195.21
2039	1195.08
2040	1193.09
2041	1185.93
2042	1171.70
2043	1153.29
2044	1138.71
2045	1137.51
2046	1157.45
2047	1198.40
2048	1249.80
2049	1297.12
2050	1326.90
2051	1333.11
2052	1321.62
2053	1303.66
2054	1290.43
2055	1288.51
2056	1295.65
2057	1304.97
2058	1309.28
2059	1304.39
2060	1292.80
2061	1281.00
2062	1275.92
2063	1281.48
2064	1294.25
2065	1305.79
2066	1306.89
2067	1291.59
2068	1262.65
2069	1229.47
2070	1202.82
2071	1190.81
2072	1193.72
2073	1205.39
2074	1218.03
2075	1224.96
2076	1223.12
2077	1212.65
2078	1194.64
2079	1171.08
2080	1146.42
2081	1127.39
2082	1121.16
2083	1132.73
2084	1160.15
2085	1195.00
2086	1227.06
2087	1247.95
2088	1255.20
2089	1251.90
2090	1242.72
2091	1231.77
2092	1221.19
2093	1211.25
2094	1201.72
2095	1192.45
2096	1183.63
2097	1175.73
2098	1169.41
2099	1166.16
2100	1169.82
2101	1186.09
2102	1220.66
2103	1275.20
2104	1340.98
2105	1401.68
2106	1439.85
2107	1443.73
2108	1414.89
2109	1363.71
2110	1302.34
2111	1241.97
2112	1191.59
2113	1158.84
2114	1149.89
2115	1164.20
2116	1189.25
2117	1206.64
2118	1200.06
2119	1166.93
2120	1125.55
2121	1102.80
2122	1121.58
2123	1185.12
2124	1272.33
2125	1353.68
2126	1404.38
2127	1417.67
2128	1404.49
2129	1380.92
2130	1360.59
2131	1349.71
2132	1348.77
2133	1356.72
2134	1371.89
2135	1391.33
2136	1411.42
2137	1428.65
2138	1440.77
2139	1447.58
2140	1449.79
2141	1448.29
2142	1444.17
2143	1438.69
2144	1433.18
2145	1428.70
2146	1425.59
2147	1423.55
2148	1421.99
2149	1419.46
2150	1412.70
2151	1397.40
2152	1369.88
2153	1329.98
2154	1282.81
2155	1235.68
2156	1195.70
2157	1168.41
2158	1157.73
2159	1166.51
2160	1193.15
2161	1225.98
2162	1246.97
2163	1239.84
2164	1202.77
2165	1156.14
2166	1129.07
2167	1142.31
2168	1186.41
2169	1223.22
2170	1209.82
2171	1127.34
2172	1008.94
2173	917.55
2174	910.31
2175	997.89
2176	1130.61
2177	1238.53
2178	1270.78
2179	1232.54
2180	1170.94
2181	1137.47
2182	1155.27
2183	1201.45
2184	1233.52
2185	1217.01
2186	1149.84
2187	1058.78
2188	976.83
2189	927.24
2190	914.73
2191	934.66
2192	979.10
2193	1034.49
2194	1081.99
2195	1103.04
2196	1089.29
2197	1051.53
2198	1010.03
2199	983.36
2200	979.64
2201	996.94
2202	1029.70
2203	1069.12
2204	1100.96
2205	1109.02
2206	1082.87
2207	1030.05
2208	973.43
2209	937.44
2210	934.23
2211	956.77
2212	990.03
2213	1019.96
2214	1037.79
2215	1038.72
2216	1021.21
2217	992.58
2218	970.78
2219	975.55
2220	1014.89
2221	1072.86
2222	1121.20
2223	1137.08
2224	1120.63
2225	1091.93
2226	1073.25
2227	1072.52
2228	1077.30
2229	1068.55
2230	1036.59
2231	993.43
2232	963.08
2233	964.80
2234	996.62
2235	1037.88
2236	1065.50
2237	1067.25
2238	1045.68
2239	1009.00
2240	966.49
2241	928.13
2242	903.54
2243	896.45
2244	895.49
2245	879.01
2246	830.76
2247	760.29
2248	702.92
2249	695.34
2250	747.01
2251	829.34
2252	901.84
2253	939.12
2254	946.08
2255	941.71
2256	940.25
2257	939.68
2258	928.33
2259	899.89
2260	868.44
2261	863.69
2262	908.36
2263	989.18
2264	1057.29
2265	1063.42
2266	997.72
2267	898.99
2268	817.99
2269	783.17
2270	788.33
2271	813.91
2272	843.10
2273	866.70
2274	879.66
2275	880.64
2276	874.31
2277	867.91
2278	866.11
2279	867.09
2280	865.78
2281	859.06
2282	849.68
2283	843.77
2284	846.08
2285	856.49
2286	871.65
2287	887.62
2288	900.64
2289	907.21
2290	904.69
2291	892.32
2292	870.99
2293	844.21
2294	821.02
2295	813.36
2296	826.92
2297	850.79
2298	864.29
2299	853.56
2300	825.49
2301	799.06
2302	788.72
2303	793.47
2304	803.77
2305	812.30
2306	819.47
2307	829.17
2308	842.23
2309	852.85
2310	853.70
2311	844.79
2312	837.95
2313	847.15
2314	874.93
2315	908.24
2316	930.59
2317	933.59
2318	918.48
2319	891.55
2320	864.92
2321	855.02
2322	874.55
2323	923.91
2324	993.51
2325	1063.60
2326	1098.66
2327	1063.09
2328	959.44
2329	849.91
2330	805.19
2331	835.96
2332	882.83
2333	884.52
2334	841.30
2335	802.33
2336	805.12
2337	833.40
2338	844.74
2339	818.59
2340	776.76
2341	753.66
2342	766.66
2343	812.45
2344	876.91
2345	935.04
2346	958.52
2347	936.52
2348	889.44
2349	846.57
2350	820.21
2351	803.21
2352	788.03
2353	780.70
2354	792.73
2355	820.18
2356	834.45
2357	809.09
2358	754.36
2359	710.85
2360	709.34
2361	745.02
2362	795.05
2363	836.61
2364	851.81
2365	834.33
2366	800.19
2367	774.52
2368	768.16
2369	772.31
2370	778.77
2371	796.88
2372	840.05
2373	893.18
2374	906.55
2375	848.77
2376	760.67
2377	715.22
2378	738.78
2379	793.25
2380	832.63
2381	841.75
2382	827.10
2383	807.57
2384	808.18
2385	841.37
2386	893.19
2387	938.97
2388	958.43
2389	940.61
2390	893.70
2391	847.68
2392	829.17
2393	839.95
2394	867.66
2395	899.69
2396	925.11
2397	930.84
2398	903.04
2399	847.34
2400	810.36
2401	835.45
2402	890.54
2403	895.78
2404	832.15
2405	769.17
2406	767.44
2407	813.85
2408	856.57
2409	837.05
2410	731.31
2411	621.82
2412	643.57
2413	801.90
2414	944.57
2415	960.42
2416	887.12
2417	817.94
2418	827.50
2419	924.98
2420	1000.39
2421	937.48
2422	791.19
2423	710.73
2424	727.00
2425	751.63
2426	724.70
2427	660.72
2428	614.92
2429	648.08
2430	756.25
2431	853.51
2432	875.46
2433	837.18
2434	789.67
2435	781.67
2436	815.20
2437	830.02
2438	798.75
2439	781.58
2440	822.32
2441	876.90
2442	878.65
2443	798.13
2444	673.44
2445	602.11
2446	623.38
2447	674.18
2448	704.99
2449	727.83
2450	751.46
