150	4343.82
151	4341.41
152	4347.68
153	4367.31
154	4399.80
155	4442.24
156	4490.94
157	4542.13
158	4592.05
159	4636.94
160	4673.01
161	4696.56
162	4704.51
163	4696.35
164	4674.68
165	4643.24
166	4605.88
167	4566.49
168	4528.91
169	4497.01
170	4474.64
171	4465.03
172	4469.23
173	4485.54
174	4511.24
175	4543.51
176	4579.52
177	4616.44
178	4651.44
179	4681.72
180	4704.95
181	4720.55
182	4730.13
183	4736.06
184	4740.84
185	4746.92
186	4756.80
187	4772.94
188	4797.78
189	4833.32
190	4879.83
191	4935.52
192	4997.91
193	5064.44
194	5132.53
195	5199.62
196	5263.14
197	5320.54
198	5369.61
199	5409.26
200	5439.69
201	5461.57
202	5475.56
203	5482.36
204	5482.65
205	5477.13
206	5466.49
207	5451.54
208	5433.48
209	5413.95
210	5394.67
211	5377.40
212	5363.91
213	5355.95
214	5355.28
215	5363.60
216	5382.15
217	5410.70
218	5447.62
219	5490.87
220	5538.39
221	5588.12
222	5637.98
223	5685.92
224	5729.90
225	5768.26
226	5800.28
227	5826.11
228	5846.08
229	5860.56
230	5869.90
231	5874.45
232	5874.59
233	5870.68
234	5863.17
235	5852.72
236	5840.15
237	5826.30
238	5812.03
239	5798.17
240	5785.59
241	5775.13
242	5767.61
243	5763.65
244	5763.43
245	5766.89
246	5773.88
247	5784.28
248	5797.94
249	5814.75
250	5834.56
251	5857.23
252	5882.59
253	5910.41
254	5940.41
255	5972.32
256	6005.87
257	6040.79
258	6076.80
259	6113.63
260	6150.95
261	6188.21
262	6224.52
263	6258.84
264	6290.12
265	6317.29
266	6339.30
267	6355.09
268	6363.62
269	6364.14
270	6356.88
271	6343.35
272	6325.46
273	6305.16
274	6284.44
275	6265.25
276	6249.56
277	6239.30
278	6235.99
279	6239.96
280	6250.40
281	6266.19
282	6286.17
283	6309.19
284	6334.10
285	6359.74
286	6384.97
287	6408.75
288	6430.27
289	6448.90
290	6464.02
291	6475.05
292	6481.39
293	6482.42
294	6477.57
295	6466.36
296	6449.03
297	6427.13
298	6402.95
299	6378.86
300	6357.27
301	6340.57
302	6331.16
303	6331.40
304	6343.23
305	6366.68
306	6399.18
307	6437.09
308	6476.65
309	6514.10
310	6545.67
311	6567.60
312	6576.19
313	6568.62
314	6544.82
315	6507.46
316	6460.01
317	6406.03
318	6349.08
319	6292.71
320	6240.49
321	6195.85
322	6161.45
323	6138.04
324	6125.06
325	6121.66
326	6126.98
327	6140.15
328	6160.31
329	6186.58
330	6218.05
331	6253.52
332	6291.30
333	6329.52
334	6366.23
335	6399.50
336	6427.40
337	6447.99
338	6459.38
339	6460.05
340	6449.96
341	6430.69
342	6404.38
343	6373.24
344	6339.46
345	6305.24
346	6272.78
347	6244.22
348	6221.20
349	6204.11
350	6192.42
351	6185.35
352	6182.14
353	6182.01
354	6184.19
355	6187.92
356	6192.42
357	6197.02
358	6201.18
359	6204.41
360	6206.25
361	6206.22
362	6203.85
363	6198.68
364	6190.24
365	6178.22
366	6162.80
367	6144.71
368	6124.82
369	6104.04
370	6083.29
371	6063.46
372	6045.45
373	6030.16
374	6018.25
375	6010.00
376	6005.36
377	6004.26
378	6006.60
379	6012.28
380	6021.23
381	6033.34
382	6048.48
383	6066.39
384	6086.59
385	6108.52
386	6131.61
387	6155.29
388	6178.98
389	6202.12
390	6224.14
391	6244.47
392	6262.59
393	6277.99
394	6290.18
395	6298.64
396	6302.88
397	6302.41
398	6296.73
399	6285.49
400	6269.08
401	6249.17
402	6228.04
403	6208.06
404	6191.61
405	6181.07
406	6178.82
407	6187.17
408	6207.75
409	6240.00
410	6281.27
411	6328.29
412	6377.74
413	6426.31
414	6470.66
415	6507.48
416	6533.69
417	6547.47
418	6549.39
419	6541.31
420	6525.31
421	6503.48
422	6477.91
423	6450.68
424	6423.88
425	6399.33
426	6378.15
427	6360.67
428	6347.02
429	6337.26
430	6331.49
431	6329.79
432	6332.24
433	6338.89
434	6349.53
435	6363.49
436	6379.85
437	6397.62
438	6415.84
439	6433.53
440	6449.72
441	6463.44
442	6473.92
443	6480.98
444	6485.00
445	6486.56
446	6486.26
447	6484.69
448	6482.42
449	6480.07
450	6478.18
451	6477.17
452	6477.16
453	6478.14
454	6480.09
455	6482.95
456	6486.71
457	6491.32
458	6496.74
459	6502.97
460	6510.01
461	6517.93
462	6526.79
463	6536.68
464	6547.65
465	6559.77
466	6573.12
467	6587.72
468	6603.43
469	6619.84
470	6636.40
471	6652.58
472	6667.81
473	6681.56
474	6693.25
475	6702.38
476	6708.67
477	6712.45
478	6714.49
479	6715.69
480	6716.93
481	6719.10
482	6723.10
483	6729.79
484	6739.91
485	6753.61
486	6770.33
487	6789.26
488	6809.56
489	6830.41
490	6850.95
491	6870.36
492	6887.86
493	6902.94
494	6915.71
495	6926.57
496	6936.00
497	6944.45
498	6952.42
499	6960.36
500	6968.73
501	6977.77
502	6987.15
503	6996.01
504	7003.37
505	7008.22
506	7009.57
507	7006.40
508	6997.74
509	6982.82
510	6961.76
511	6935.97
512	6907.31
513	6877.72
514	6849.14
515	6823.52
516	6802.77
517	6788.72
518	6782.36
519	6783.04
520	6789.20
521	6799.07
522	6810.86
523	6822.82
524	6833.18
525	6840.19
526	6842.50
527	6839.77
528	6832.59
529	6821.76
530	6808.11
531	6792.48
532	6775.69
533	6758.56
534	6741.73
535	6725.10
536	6707.65
537	6688.03
538	6664.85
539	6636.73
540	6602.25
541	6560.06
542	6508.97
543	6448.93
544	6381.91
545	6310.85
546	6238.88
547	6169.13
548	6104.72
549	6048.80
550	6004.35
551	5973.43
552	5955.81
553	5949.70
554	5952.95
555	5963.38
556	5978.83
557	5997.12
558	6016.12
559	6034.06
560	6050.33
561	6065.43
562	6080.17
563	6095.37
564	6111.88
565	6130.53
566	6152.15
567	6177.51
568	6207.08
569	6240.99
570	6279.23
571	6321.78
572	6368.61
573	6419.70
574	6475.02
575	6534.46
576	6597.46
577	6662.70
578	6728.55
579	6793.30
580	6855.25
581	6912.69
582	6963.92
583	7007.38
584	7042.24
585	7069.30
586	7090.29
587	7107.13
588	7121.75
589	7136.07
590	7152.02
591	7171.47
592	7195.78
593	7225.05
594	7258.46
595	7294.97
596	7333.52
597	7373.04
598	7412.49
599	7450.79
600	7486.81
601	7519.24
602	7546.57
603	7567.26
604	7579.75
605	7582.48
606	7573.92
607	7552.54
608	7517.26
609	7468.57
610	7408.64
611	7340.18
612	7265.95
613	7188.74
614	7111.30
615	7036.40
616	6966.52
617	6903.09
618	6846.16
619	6795.29
620	6749.99
621	6709.74
622	6674.05
623	6642.41
624	6614.32
625	6589.20
626	6566.48
627	6545.51
628	6525.67
629	6506.33
630	6486.86
631	6466.62
632	6445.01
633	6421.53
634	6395.85
635	6367.72
636	6336.92
637	6303.21
638	6266.35
639	6226.12
640	6182.43
641	6135.91
642	6088.50
643	6042.81
644	6001.56
645	5967.46
646	5943.23
647	5931.59
648	5934.94
649	5954.01
650	5986.21
651	6027.19
652	6072.27
653	6116.76
654	6155.97
655	6185.23
656	6200.18
657	6198.41
658	6181.50
659	6153.26
660	6117.92
661	6079.74
662	6042.99
663	6011.91
664	5990.54
665	5981.61
666	5985.14
667	5999.55
668	6022.94
669	6053.42
670	6089.07
671	6128.01
672	6168.40
673	6208.92
674	6249.28
675	6289.79
676	6330.88
677	6373.01
678	6416.60
679	6462.10
680	6509.91
681	6560.25
682	6612.94
683	6667.54
684	6723.60
685	6780.64
686	6838.21
687	6895.83
688	6953.12
689	7010.19
690	7068.11
691	7128.49
692	7193.07
693	7263.57
694	7341.71
695	7429.22
696	7527.60
697	7637.11
698	7755.70
699	7880.05
700	8006.64
701	8131.93
702	8252.39
703	8364.50
704	8465.14
705	8553.25
706	8631.46
707	8704.18
708	8776.12
709	8852.03
710	8936.62
711	9034.59
712	9150.01
713	9283.94
714	9432.65
715	9590.20
716	9750.36
717	9906.88
718	10053.51
719	10184.04
720	10292.93
721	10377.51
722	10439.21
723	10481.10
724	10506.49
725	10518.66
726	10520.91
727	10516.53
728	10508.33
729	10497.44
730	10482.96
731	10463.20
732	10436.42
733	10400.85
734	10354.75
735	10296.42
736	10224.91
737	10141.78
738	10051.13
739	9957.88
740	9867.02
741	9783.56
742	9712.47
743	9658.62
744	9625.61
745	9613.43
746	9619.02
747	9638.45
748	9667.78
749	9703.02
750	9740.24
751	9775.62
752	9806.60
753	9833.60
754	9859.06
755	9885.90
756	9917.05
757	9955.46
758	10004.04
759	10065.43
760	10140.48
761	10226.53
762	10319.02
763	10413.01
764	10503.58
765	10585.78
766	10654.70
767	10705.91
768	10737.18
769	10749.72
770	10746.26
771	10729.69
772	10702.96
773	10668.99
774	10630.71
775	10590.99
776	10552.54
777	10517.89
778	10489.47
779	10469.73
780	10461.09
781	10466.00
782	10486.85
783	10525.56
784	10582.74
785	10657.83
786	10749.95
787	10858.23
788	10981.76
789	11119.66
790	11271.08
791	11435.55
792	11613.34
793	11805.23
794	12012.08
795	12234.78
796	12474.21
797	12731.23
798	13006.47
799	13299.44
800	13607.81
801	13928.42
802	14257.98
803	14593.19
804	14930.76
805	15267.42
806	15600.10
807	15926.53
808	16245.33
809	16555.39
810	16855.66
811	17145.07
812	17422.56
813	17687.29
814	17940.15
815	18186.55
816	18435.40
817	18696.44
818	18979.47
819	19294.29
820	19650.65
821	20057.36
822	20517.98
823	21026.44
824	21571.77
825	22142.12
826	22725.65
827	23310.48
828	23884.85
829	24438.38
830	24965.96
831	25468.75
832	25950.20
833	26413.96
834	26863.71
835	27303.11
836	27735.65
837	28163.19
838	28583.44
839	28990.90
840	29379.31
841	29742.37
842	30073.73
843	30367.14
844	30616.99
845	30821.26
846	30984.10
847	31112.60
848	31214.34
849	31296.91
850	31367.90
851	31434.85
852	31504.57
853	31581.48
854	31667.45
855	31763.54
856	31870.73
857	31990.01
858	32122.36
859	32268.54
860	32427.82
861	32596.25
862	32767.80
863	32936.05
864	33094.53
865	33236.80
866	33356.41
867	33447.41
868	33505.63
869	33529.36
870	33517.85
871	33470.42
872	33386.41
873	33265.18
874	33106.25
875	32910.78
876	32684.07
877	32434.54
878	32171.38
879	31903.84
880	31641.13
881	31392.45
882	31165.74
883	30963.35
884	30779.01
885	30602.70
886	30423.89
887	30232.03
888	30016.57
889	29767.32
890	29477.45
891	29149.57
892	28794.10
893	28423.57
894	28050.67
895	27688.04
896	27348.32
897	27043.26
898	26780.33
899	26560.08
900	26379.89
901	26236.71
902	26127.43
903	26048.96
904	25998.18
905	25971.72
906	25965.53
907	25974.97
908	25995.24
909	26021.54
910	26049.05
911	26072.98
912	26088.54
913	26091.08
914	26076.11
915	26039.27
916	25976.18
917	25882.47
918	25753.78
919	25586.06
920	25378.11
921	25136.25
922	24872.70
923	24601.17
924	24335.45
925	24089.34
926	23876.54
927	23708.91
928	23590.58
929	23514.83
930	23470.57
931	23446.19
932	23430.02
933	23410.45
934	23376.32
935	23319.93
936	23241.63
937	23147.12
938	23043.27
939	22937.03
940	22835.33
941	22745.01
942	22671.64
943	22616.23
944	22574.58
945	22540.72
946	22508.53
947	22471.87
948	22424.64
949	22361.40
950	22280.44
951	22187.07
952	22090.25
953	21999.57
954	21924.66
955	21875.13
956	21860.32
957	21886.95
958	21954.24
959	22055.13
960	22180.88
961	22322.63
962	22471.51
963	22618.68
964	22755.50
965	22874.19
966	22968.14
967	23031.20
968	23057.28
969	23040.28
970	22974.12
971	22853.15
972	22674.28
973	22439.79
974	22155.05
975	21825.97
976	21458.54
977	21058.73
978	20632.60
979	20187.04
980	19731.43
981	19277.28
982	18836.71
983	18421.90
984	18045.02
985	17718.13
986	17451.71
987	17249.88
988	17108.33
989	17019.54
990	16975.63
991	16968.71
992	16990.91
993	17034.67
994	17094.45
995	17168.42
996	17256.73
997	17359.88
998	17478.40
999	17612.79
1000	17763.52
1001	17930.54
1002	18112.50
1003	18307.10
1004	18511.80
1005	18724.05
1006	18941.29
1007	19160.98
1008	19380.81
1009	19599.24
1010	19815.51
1011	20029.13
1012	20239.62
1013	20446.52
1014	20649.33
1015	20847.22
1016	21037.90
1017	21216.98
1018	21379.20
1019	21519.19
1020	21631.58
1021	21711.03
1022	21752.95
1023	21756.99
1024	21730.91
1025	21686.71
1026	21637.16
1027	21595.06
1028	21573.19
1029	21583.72
1030	21634.43
1031	21722.40
1032	21837.46
1033	21967.79
1034	22101.49
1035	22226.63
1036	22331.55
1037	22407.03
1038	22450.90
1039	22467.25
1040	22461.88
1041	22440.74
1042	22409.75
1043	22374.87
1044	22342.45
1045	22320.22
1046	22317.38
1047	22343.64
1048	22408.76
1049	22522.51
1050	22694.57
1051	22933.26
1052	23241.34
1053	23613.99
1054	24043.47
1055	24521.68
1056	25040.50
1057	25591.78
1058	26167.06
1059	26756.22
1060	27346.49
1061	27923.90
1062	28474.29
1063	28983.52
1064	29437.48
1065	29823.59
1066	30137.79
1067	30391.96
1068	30606.34
1069	30802.64
1070	31002.62
1071	31227.97
1072	31498.89
1073	31825.75
1074	32198.10
1075	32593.13
1076	32985.55
1077	33349.98
1078	33661.04
1079	33894.18
1080	34030.93
1081	34066.93
1082	34007.23
1083	33858.97
1084	33629.42
1085	33325.80
1086	32955.14
1087	32522.91
1088	32030.52
1089	31476.45
1090	30858.47
1091	30174.33
1092	29421.78
1093	28599.08
1094	27709.04
1095	26766.63
1096	25796.35
1097	24825.09
1098	23879.93
1099	22987.89
1100	22175.39
1101	21462.99
1102	20854.91
1103	20341.95
1104	19911.37
1105	19550.19
1106	19245.43
1107	18984.35
1108	18756.38
1109	18557.20
1110	18387.68
1111	18250.19
1112	18147.14
1113	18080.95
1114	18053.64
1115	18063.29
1116	18096.77
1117	18131.45
1118	18142.07
1119	18103.24
1120	17989.58
1121	17776.52
1122	17447.56
1123	17008.81
1124	16485.21
1125	15906.79
1126	15303.91
1127	14706.91
1128	14145.45
1129	13643.05
1130	13206.45
1131	12828.96
1132	12500.38
1133	12210.30
1134	11948.30
1135	11704.24
1136	11470.28
1137	11244.51
1138	11029.50
1139	10828.95
1140	10646.59
1141	10486.18
1142	10351.21
1143	10243.42
1144	10160.22
1145	10095.99
1146	10044.45
1147	9999.27
1148	9954.14
1149	9903.03
1150	9841.95
1151	9771.43
1152	9694.82
1153	9616.08
1154	9539.17
1155	9468.06
1156	9406.49
1157	9356.82
1158	9318.70
1159	9290.24
1160	9269.30
1161	9253.71
1162	9241.30
1163	9230.08
1164	9218.77
1165	9207.46
1166	9196.84
1167	9187.73
1168	9180.94
1169	9177.27
1170	9177.32
1171	9180.83
1172	9186.18
1173	9191.26
1174	9193.87
1175	9191.80
1176	9182.88
1177	9165.54
1178	9140.36
1179	9110.59
1180	9080.45
1181	9054.21
1182	9036.18
1183	9030.54
1184	9040.25
1185	9064.30
1186	9097.84
1187	9134.87
1188	9169.28
1189	9194.98
1190	9206.15
1191	9199.21
1192	9176.55
1193	9145.13
1194	9113.03
1195	9088.41
1196	9079.38
1197	9093.48
1198	9134.32
1199	9197.20
1200	9272.55
1201	9349.77
1202	9418.26
1203	9467.46
1204	9488.07
1205	9476.95
1206	9441.03
1207	9391.87
1208	9341.72
1209	9302.85
1210	9287.42
1211	9305.58
1212	9360.12
1213	9444.84
1214	9550.33
1215	9666.84
1216	9784.62
1217	9894.17
1218	9988.49
1219	10067.83
1220	10138.76
1221	10209.62
1222	10288.84
1223	10384.85
1224	10505.60
1225	10655.80
1226	10833.07
1227	11030.66
1228	11240.92
1229	11456.18
1230	11668.79
1231	11871.98
1232	12063.12
1233	12246.00
1234	12427.22
1235	12613.82
1236	12812.82
1237	13031.19
1238	13274.95
1239	13547.00
1240	13846.97
1241	14173.39
1242	14524.72
1243	14899.42
1244	15296.12
1245	15714.73
1246	16158.32
1247	16632.10
1248	17141.80
1249	17693.18
1250	18291.92
1251	18942.27
1252	19641.43
1253	20375.01
1254	21123.26
1255	21865.61
1256	22581.50
1257	23250.59
1258	23856.06
1259	24392.70
1260	24867.40
1261	25290.92
1262	25674.36
1263	26028.79
1264	26364.41
1265	26685.37
1266	26981.96
1267	27235.56
1268	27425.65
1269	27531.62
1270	27533.04
1271	27413.12
1272	27170.65
1273	26826.85
1274	26412.08
1275	25957.90
1276	25495.90
1277	25057.14
1278	24667.64
1279	24339.17
1280	24071.47
1281	23861.00
1282	23704.02
1283	23596.83
1284	23536.77
1285	23526.68
1286	23579.22
1287	23711.95
1288	23943.23
1289	24291.42
1290	24774.47
1291	25404.57
1292	26175.26
1293	27061.09
1294	28030.68
1295	29052.12
1296	30093.56
1297	31123.06
1298	32108.68
1299	33018.37
1300	33820.00
1301	34481.46
1302	34970.63
1303	35255.80
1304	35311.48
1305	35133.84
1306	34743.36
1307	34168.73
1308	33439.41
1309	32584.84
1310	31634.27
1311	30615.36
1312	29552.55
1313	28468.29
1314	27384.69
1315	26323.82
1316	25307.50
1317	24353.97
1318	23468.81
1319	22643.32
1320	21863.95
1321	21116.70
1322	20387.60
1323	19663.46
1324	18936.13
1325	18207.70
1326	17486.15
1327	16780.60
1328	16100.21
1329	15454.00
1330	14849.50
1331	14289.19
1332	13770.28
1333	13288.33
1334	12838.76
1335	12416.98
1336	12018.80
1337	11641.96
1338	11287.80
1339	10959.49
1340	10660.54
1341	10394.43
1342	10164.50
1343	9972.36
1344	9814.61
1345	9683.52
1346	9570.11
1347	9465.33
1348	9360.19
1349	9246.65
1350	9121.12
1351	8986.57
1352	8848.77
1353	8713.84
1354	8587.96
1355	8477.02
1356	8385.28
1357	8312.96
1358	8257.61
1359	8216.16
1360	8185.52
1361	8162.59
1362	8144.37
1363	8128.11
1364	8111.37
1365	8091.81
1366	8067.08
1367	8034.85
1368	7992.76
1369	7938.25
1370	7868.47
1371	7780.43
1372	7671.09
1373	7537.44
1374	7376.76
1375	7188.75
1376	6979.40
1377	6759.33
1378	6540.30
1379	6334.14
1380	6152.56
1381	6005.54
1382	5896.94
1383	5823.66
1384	5780.19
1385	5760.80
1386	5759.78
1387	5771.66
1388	5792.38
1389	5820.21
1390	5854.50
1391	5894.81
1392	5940.67
1393	5991.68
1394	6047.86
1395	6110.18
1396	6180.29
1397	6259.95
1398	6350.95
1399	6454.99
1400	6572.77
1401	6701.90
1402	6837.00
1403	6971.81
1404	7099.99
1405	7215.28
1406	7312.87
1407	7393.80
1408	7467.03
1409	7544.57
1410	7638.82
1411	7762.13
1412	7926.10
1413	8138.07
1414	8397.71
1415	8700.76
1416	9042.33
1417	9417.54
1418	9822.02
1419	10255.50
1420	10727.19
1421	11252.64
1422	11848.79
1423	12532.65
1424	13321.15
1425	14230.47
1426	15274.57
1427	16465.50
1428	17814.79
1429	19333.90
1430	21033.76
1431	22917.27
1432	24959.46
1433	27104.22
1434	29284.99
1435	31434.27
1436	33484.69
1437	35372.73
1438	37050.84
1439	38493.79
1440	39685.24
1441	40610.01
1442	41253.04
1443	41602.48
1444	41662.28
1445	41463.24
1446	41048.88
1447	40464.70
1448	39756.20
1449	38967.77
1450	38136.85
1451	37287.05
1452	36434.29
1453	35593.08
1454	34777.79
1455	34001.62
1456	33269.37
1457	32566.62
1458	31866.53
1459	31139.61
1460	30356.24
1461	29488.06
1462	28516.78
1463	27449.91
1464	26313.94
1465	25140.00
1466	23959.46
1467	22803.10
1468	21696.08
1469	20647.96
1470	19655.39
1471	18711.58
1472	17809.53
1473	16942.36
1474	16104.81
1475	15296.28
1476	14520.45
1477	13782.21
1478	13086.55
1479	12438.32
1480	11840.90
1481	11293.05
1482	10789.02
1483	10321.71
1484	9883.90
1485	9468.49
1486	9069.66
1487	8685.80
1488	8319.60
1489	7975.09
1490	7656.41
1491	7367.62
1492	7111.74
1493	6888.40
1494	6693.62
1495	6522.30
1496	6369.24
1497	6229.28
1498	6097.71
1499	5971.33
1500	5848.55
1501	5728.28
1502	5609.47
1503	5491.08
1504	5372.15
1505	5251.93
1506	5129.88
1507	5005.57
1508	4878.55
1509	4748.43
1510	4615.44
1511	4481.79
1512	4351.66
1513	4229.77
1514	4120.94
1515	4029.82
1516	3959.65
1517	3909.36
1518	3873.91
1519	3847.14
1520	3822.77
1521	3794.69
1522	3758.17
1523	3712.40
1524	3659.87
1525	3603.97
1526	3548.12
1527	3495.65
1528	3448.89
1529	3407.59
1530	3369.53
1531	3332.05
1532	3292.44
1533	3248.15
1534	3197.85
1535	3143.00
1536	3086.91
1537	3033.31
1538	2985.93
1539	2948.29
1540	2922.50
1541	2907.76
1542	2901.65
1543	2901.44
1544	2904.35
1545	2907.79
1546	2909.90
1547	2910.14
1548	2908.60
1549	2905.50
1550	2901.04
1551	2895.21
1552	2887.18
1553	2874.86
1554	2855.68
1555	2826.99
1556	2786.20
1557	2731.78
1558	2665.94
1559	2595.28
1560	2527.93
1561	2472.13
1562	2435.94
1563	2425.01
1564	2437.86
1565	2466.49
1566	2501.01
1567	2531.45
1568	2548.23
1569	2545.24
1570	2524.79
1571	2495.01
1572	2465.42
1573	2445.57
1574	2444.29
1575	2466.22
1576	2508.00
1577	2562.03
1578	2619.95
1579	2673.41
1580	2714.86
1581	2740.15
1582	2749.96
1583	2746.98
1584	2734.13
1585	2714.36
1586	2690.52
1587	2665.31
1588	2641.21
1589	2620.65
1590	2606.04
1591	2599.65
1592	2602.64
1593	2613.33
1594	2628.05
1595	2642.65
1596	2652.96
1597	2655.15
1598	2647.35
1599	2631.10
1600	2609.71
1601	2586.76
1602	2565.85
1603	2550.43
1604	2543.39
1605	2546.96
1606	2563.11
1607	2593.80
1608	2640.87
1609	2705.33
1610	2785.87
1611	2879.29
1612	2981.91
1613	3090.05
1614	3200.31
1615	3311.04
1616	3423.82
1617	3541.97
1618	3669.08
1619	3808.75
1620	3964.10
1621	4136.53
1622	4325.38
1623	4529.23
1624	4746.61
1625	4976.27
1626	5218.83
1627	5479.77
1628	5768.11
1629	6093.72
1630	6466.53
1631	6895.73
1632	7387.22
1633	7941.40
1634	8556.14
1635	9228.98
1636	9957.80
1637	10745.05
1638	11607.51
1639	12575.76
1640	13684.56
1641	14968.91
1642	16461.52
1643	18181.43
1644	20120.03
1645	22253.25
1646	24554.11
1647	26995.11
1648	29542.39
1649	32139.39
1650	34703.19
1651	37141.77
1652	39362.23
1653	41272.68
1654	42788.31
1655	43840.25
1656	44369.83
1657	44320.53
1658	43637.02
1659	42282.36
1660	40290.73
1661	37786.45
1662	34927.30
1663	31874.67
1664	28786.60
1665	25796.03
1666	22976.97
1667	20364.24
1668	17983.96
1669	15861.46
1670	14016.69
1671	12448.66
1672	11129.77
1673	10022.55
1674	9088.47
1675	8289.85
1676	7595.08
1677	6986.38
1678	6454.73
1679	5993.02
1680	5594.22
1681	5251.28
1682	4957.07
1683	4704.37
1684	4485.94
1685	4294.53
1686	4123.22
1687	3966.90
1688	3824.19
1689	3695.81
1690	3582.85
1691	3486.39
1692	3406.86
1693	3342.77
1694	3290.69
1695	3246.61
1696	3206.53
1697	3166.75
1698	3125.27
1699	3082.89
1700	3041.65
1701	3003.83
1702	2971.62
1703	2946.78
1704	2929.90
1705	2920.68
1706	2918.61
1707	2923.18
1708	2933.88
1709	2950.24
1710	2971.83
1711	2998.21
1712	3029.00
1713	3063.90
1714	3103.41
1715	3149.51
1716	3204.94
1717	3272.59
1718	3355.34
1719	3456.11
1720	3577.82
1721	3723.42
1722	3895.88
1723	4098.12
1724	4332.40
1725	4598.58
1726	4893.45
1727	5212.68
1728	5551.85
1729	5906.66
1730	6273.64
1731	6650.77
1732	7036.79
1733	7430.54
1734	7830.86
1735	8236.37
1736	8645.07
1737	9054.56
1738	9462.33
1739	9865.69
1740	10259.72
1741	10632.17
1742	10963.12
1743	11230.21
1744	11410.99
1745	11485.49
1746	11444.43
1747	11294.10
1748	11047.22
1749	10717.34
1750	10317.90
1751	9861.46
1752	9358.95
1753	8820.36
1754	8255.55
1755	7674.43
1756	7087.38
1757	6506.04
1758	5942.91
1759	5410.69
1760	4921.89
1761	4486.61
1762	4107.65
1763	3781.04
1764	3500.82
1765	3260.87
1766	3055.34
1767	2879.14
1768	2728.16
1769	2598.65
1770	2486.87
1771	2389.12
1772	2301.87
1773	2221.81
1774	2145.74
1775	2070.48
1776	1993.28
1777	1913.62
1778	1835.01
1779	1762.93
1780	1703.19
1781	1661.19
1782	1639.64
1783	1635.59
1784	1642.80
1785	1654.38
1786	1663.70
1787	1666.24
1788	1662.59
1789	1656.76
1790	1653.56
1791	1657.60
1792	1671.22
1793	1690.88
1794	1708.43
1795	1714.59
1796	1700.32
1797	1659.92
1798	1597.34
1799	1524.87
1800	1457.10
1801	1408.51
1802	1390.48
1803	1404.81
1804	1444.26
1805	1498.86
1806	1558.53
1807	1613.83
1808	1657.54
1809	1684.60
1810	1690.68
1811	1671.65
1812	1625.20
1813	1555.27
1814	1472.37
1815	1389.14
1816	1318.23
1817	1270.34
1818	1249.33
1819	1251.67
1820	1271.44
1821	1302.52
1822	1338.99
1823	1375.74
1824	1408.47
1825	1433.21
1826	1446.07
1827	1444.41
1828	1429.71
1829	1407.83
1830	1386.03
1831	1371.54
1832	1369.82
1833	1380.57
1834	1397.70
1835	1413.30
1836	1419.48
1837	1410.35
1838	1386.01
1839	1352.25
1840	1316.54
1841	1286.28
1842	1267.09
1843	1259.40
1844	1259.19
1845	1261.24
1846	1260.41
1847	1253.12
1848	1239.88
1849	1224.34
1850	1210.93
1851	1203.87
1852	1205.47
1853	1213.60
1854	1223.10
1855	1228.16
1856	1223.40
1857	1206.37
1858	1180.73
1859	1153.64
1860	1132.93
1861	1125.76
1862	1135.64
1863	1159.66
1864	1191.75
1865	1225.34
1866	1254.56
1867	1276.55
1868	1292.85
1869	1306.84
1870	1322.08
1871	1341.34
1872	1364.48
1873	1387.94
1874	1407.00
1875	1416.93
1876	1414.35
1877	1399.83
1878	1377.62
1879	1352.98
1880	1331.04
1881	1315.27
1882	1305.15
1883	1297.33
1884	1287.85
1885	1273.14
1886	1252.19
1887	1228.75
1888	1209.15
1889	1200.08
1890	1207.01
1891	1230.03
1892	1261.70
1893	1291.49
1894	1308.73
1895	1305.64
1896	1283.97
1897	1255.05
1898	1233.23
1899	1232.29
1900	1259.89
1901	1308.50
1902	1359.89
1903	1393.36
1904	1390.35
1905	1343.97
1906	1268.18
1907	1187.29
1908	1126.97
1909	1108.23
1910	1134.45
1911	1187.76
1912	1242.71
1913	1273.99
1914	1264.16
1915	1217.05
1916	1153.14
1917	1097.15
1918	1071.95
1919	1089.18
1920	1139.60
1921	1203.32
1922	1258.85
1923	1287.89
1924	1284.12
1925	1255.20
1926	1213.68
1927	1172.32
1928	1141.52
1929	1125.92
1930	1125.95
1931	1141.07
1932	1170.32
1933	1211.11
1934	1258.23
1935	1305.32
1936	1345.91
1937	1374.57
1938	1388.92
1939	1389.41
1940	1377.37
1941	1354.50
1942	1324.44
1943	1294.59
1944	1274.35
1945	1273.29
1946	1297.95
1947	1344.33
1948	1396.70
1949	1435.50
1950	1442.11
1951	1406.71
1952	1338.60
1953	1258.71
1954	1190.12
1955	1152.24
1956	1150.37
1957	1172.87
1958	1202.02
1959	1220.40
1960	1216.86
1961	1194.38
1962	1164.83
1963	1141.84
1964	1136.56
1965	1150.57
1966	1174.03
1967	1193.03
1968	1194.24
1969	1170.86
1970	1130.20
1971	1088.03
1972	1061.63
1973	1064.84
1974	1099.57
1975	1154.60
1976	1214.43
1977	1263.94
1978	1292.46
1979	1297.84
1980	1282.44
1981	1249.55
1982	1203.78
1983	1153.64
1984	1111.10
1985	1089.12
1986	1098.75
1987	1142.25
1988	1208.28
1989	1279.58
1990	1338.74
1991	1373.53
1992	1384.32
1993	1380.22
1994	1372.24
1995	1369.83
1996	1376.51
1997	1389.16
1998	1402.42
1999	1410.88
2000	1410.07
2001	1397.20
2002	1370.32
2003	1328.00
2004	1272.04
2005	1212.55
2006	1165.92
2007	1149.73
2008	1176.74
2009	1242.23
2010	1321.47
2011	1383.06
2012	1398.49
2013	1357.07
2014	1278.29
2015	1195.79
2016	1143.68
2017	1143.64
2018	1187.89
2019	1249.02
2020	1295.88
2021	1303.98
2022	1270.26
2023	1211.90
2024	1151.95
2025	1111.28
2026	1100.26
2027	1115.37
2028	1147.78
2029	1188.40
2030	1230.09
2031	1269.19
2032	1303.73
2033	1332.03
2034	1352.24
2035	1362.24
2036	1359.64
2037	1342.26
2038	1309.78
2039	1267.27
2040	1224.24
2041	1191.32
2042	1177.45
2043	1185.74
2044	1213.05
2045	1254.19
2046	1303.34
2047	1352.91
2048	1392.97
2049	1412.73
2050	1402.93
2051	1361.95
2052	1300.53
2053	1234.94
2054	1181.16
2055	1149.21
2056	1137.57
2057	1138.77
2058	1144.74
2059	1150.68
2060	1158.88
2061	1175.94
2062	1208.70
2063	1259.34
2064	1318.69
2065	1369.84
2066	1394.87
2067	1382.72
2068	1340.45
2069	1288.96
2070	1251.99
2071	1247.08
2072	1273.97
2073	1317.61
2074	1359.25
2075	1383.22
2076	1383.44
2077	1362.40
2078	1325.06
2079	1276.94
2080	1224.91
2081	1177.03
2082	1141.56
2083	1124.60
2084	1125.66
2085	1138.03
2086	1153.33
2087	1164.85
2088	1171.46
2089	1177.23
2090	1187.59
2091	1206.08
2092	1230.24
2093	1252.11
2094	1262.42
2095	1254.68
2096	1230.69
2097	1199.48
2098	1171.86
2099	1156.54
2100	1156.13
2101	1168.27
2102	1189.30
2103	1215.09
2104	1240.68
2105	1260.46
2106	1268.96
2107	1262.89
2108	1244.04
2109	1217.52
2110	1189.16
2111	1164.67
2112	1149.44
2113	1148.62
2114	1166.53
2115	1203.22
2116	1251.02
2117	1298.49
2118	1334.55
2119	1352.55
2120	1352.65
2121	1337.96
2122	1312.80
2123	1284.63
2124	1264.77
2125	1265.61
2126	1295.70
2127	1350.97
2128	1414.91
2129	1467.72
2130	1493.49
2131	1487.37
2132	1452.98
2133	1396.52
2134	1327.04
2135	1259.31
2136	1211.37
2137	1198.96
2138	1223.81
2139	1264.89
2140	1291.37
2141	1277.61
2142	1222.59
2143	1154.36
2144	1110.20
2145	1118.05
2146	1176.61
2147	1260.03
2148	1337.25
2149	1386.02
2150	1403.63
2151	1398.85
2152	1381.89
2153	1359.34
2154	1332.15
2155	1299.08
2156	1259.75
2157	1217.75
2158	1180.57
2159	1156.32
2160	1149.32
2161	1154.90
2162	1162.64
2163	1162.18
2164	1149.10
2165	1128.14
2166	1107.89
2167	1095.61
2168	1092.94
2169	1096.04
2170	1099.84
2171	1101.29
2172	1102.01
2173	1106.24
2174	1117.85
2175	1137.04
2176	1159.28
2177	1178.47
2178	1190.28
2179	1195.49
2180	1198.66
2181	1204.41
2182	1213.08
2183	1218.10
2184	1210.19
2185	1183.48
2186	1143.53
2187	1105.99
2188	1087.70
2189	1096.72
2190	1124.98
2191	1156.74
2192	1178.26
2193	1186.29
2194	1187.69
2195	1191.43
2196	1201.47
2197	1212.11
2198	1212.95
2199	1195.91
2200	1162.62
2201	1124.00
2202	1092.56
2203	1075.02
2204	1067.57
2205	1061.54
2206	1050.94
2207	1039.74
2208	1040.41
2209	1065.15
2210	1114.09
2211	1168.72
2212	1203.72
2213	1202.70
2214	1174.20
2215	1144.24
2216	1136.72
2217	1152.11
2218	1162.27
2219	1132.60
2220	1050.28
2221	947.46
2222	879.21
2223	887.04
2224	959.96
2225	1041.20
2226	1071.09
2227	1031.08
2228	960.99
2229	920.31
2230	947.21
2231	1029.05
2232	1124.15
2233	1191.68
2234	1210.51
2235	1177.19
2236	1097.01
2237	990.41
2238	897.16
2239	859.62
2240	894.34
2241	967.86
2242	1023.20
2243	1019.20
2244	965.73
2245	908.95
2246	893.42
2247	930.07
2248	995.59
2249	1058.30
2250	1095.22
2251	1096.49
2252	1058.97
2253	988.56
2254	906.14
2255	838.71
2256	804.53
2257	799.45
2258	805.84
2259	809.92
2260	816.77
2261	845.96
2262	912.05
2263	1000.88
2264	1070.03
2265	1078.16
2266	1020.84
2267	938.89
2268	882.75
2269	875.33
2270	897.67
2271	916.93
2272	914.83
2273	900.86
2274	895.17
2275	907.25
2276	923.02
2277	918.79
2278	885.13
2279	846.13
2280	841.82
2281	893.62
2282	974.03
2283	1028.32
2284	1018.07
2285	956.98
2286	890.76
2287	855.26
2288	845.19
2289	828.96
2290	783.41
2291	720.78
2292	676.23
2293	676.67
2294	715.92
2295	766.18
2296	804.10
2297	828.70
2298	853.03
2299	886.14
2300	920.60
2301	939.75
2302	933.19
2303	908.35
2304	882.17
2305	867.07
2306	862.72
2307	862.39
2308	860.96
2309	858.28
2310	855.81
2311	851.93
2312	839.71
2313	812.39
2314	772.73
2315	736.12
2316	721.15
2317	741.16
2318	802.45
2319	900.79
2320	1007.14
2321	1073.38
2322	1066.01
2323	1001.47
2324	928.42
2325	886.20
2326	879.86
2327	895.74
2328	917.83
2329	931.98
2330	927.82
2331	905.73
2332	877.81
2333	856.38
2334	843.24
2335	831.53
2336	814.50
2337	790.67
2338	761.86
2339	731.31
2340	703.55
2341	684.68
2342	684.53
2343	714.71
2344	772.57
2345	818.67
2346	798.57
2347	704.11
2348	611.20
2349	609.15
2350	704.41
2351	814.28
2352	860.32
2353	841.80
2354	805.82
2355	788.77
2356	794.65
2357	815.81
2358	849.58
2359	896.59
2360	943.85
2361	950.83
2362	880.03
2363	753.37
2364	654.87
2365	655.37
2366	750.61
2367	888.66
2368	1004.35
2369	1032.96
2370	948.97
2371	819.66
2372	752.40
2373	786.50
2374	862.48
2375	904.36
2376	880.95
2377	798.59
2378	694.62
2379	630.93
2380	649.83
2381	732.96
2382	830.05
2383	896.81
2384	906.79
2385	864.69
2386	820.30
2387	821.71
2388	854.35
2389	862.83
2390	828.30
2391	793.37
2392	796.10
2393	815.81
2394	813.46
2395	797.06
2396	812.07
2397	867.36
2398	905.73
2399	873.08
2400	778.75
2401	672.10
2402	613.21
2403	648.58
2404	760.13
2405	860.42
2406	893.30
2407	899.80
2408	935.78
2409	984.73
2410	991.83
2411	932.93
2412	827.50
2413	732.08
2414	719.47
2415	800.28
2416	886.48
2417	903.56
2418	879.82
2419	870.44
2420	870.41
2421	842.24
2422	772.72
2423	685.89
2424	647.30
2425	721.11
2426	863.17
2427	940.28
2428	911.98
2429	869.63
2430	862.41
2431	833.07
2432	754.90
2433	697.37
2434	715.67
2435	782.73
2436	851.74
2437	900.62
2438	919.68
2439	904.75
2440	874.39
2441	873.45
2442	915.16
2443	951.33
2444	944.35
2445	908.93
2446	868.71
2447	833.34
2448	819.00
2449	849.48
2450	905.40
