150	3421.22
151	3433.34
152	3458.01
153	3493.09
154	3535.06
155	3580.27
156	3625.10
157	3665.93
158	3699.11
159	3721.08
160	3729.05
161	3722.81
162	3704.81
163	3678.38
164	3646.90
165	3613.77
166	3582.39
167	3556.13
168	3538.35
169	3531.79
170	3537.16
171	3552.90
172	3576.75
173	3606.38
174	3639.44
175	3673.59
176	3706.51
177	3735.86
178	3759.67
179	3777.10
180	3788.57
181	3794.94
182	3797.10
183	3795.94
184	3792.35
185	3787.22
186	3781.44
187	3775.88
188	3771.25
189	3768.15
190	3767.14
191	3768.75
192	3773.54
193	3782.04
194	3794.81
195	3812.38
196	3835.09
197	3862.65
198	3894.10
199	3928.25
200	3963.89
201	3999.80
202	4034.79
203	4067.64
204	4097.17
205	4122.46
206	4143.50
207	4161.20
208	4176.78
209	4191.47
210	4206.49
211	4223.07
212	4242.46
213	4265.84
214	4294.02
215	4326.62
216	4362.09
217	4398.55
218	4434.10
219	4466.82
220	4494.80
221	4516.15
222	4529.00
223	4532.18
224	4526.37
225	4513.90
226	4497.55
227	4480.13
228	4464.46
229	4453.34
230	4449.59
231	4455.91
232	4474.06
233	4503.30
234	4540.98
235	4583.95
236	4629.01
237	4672.99
238	4712.70
239	4744.98
240	4766.78
241	4776.10
242	4773.41
243	4760.84
244	4740.90
245	4716.13
246	4689.04
247	4662.16
248	4638.03
249	4619.06
250	4607.07
251	4602.60
252	4605.45
253	4615.27
254	4631.72
255	4654.45
256	4683.10
257	4717.32
258	4756.69
259	4800.33
260	4846.65
261	4893.66
262	4939.35
263	4981.66
264	5018.57
265	5048.03
266	5068.04
267	5076.88
268	5074.26
269	5061.90
270	5042.34
271	5018.26
272	4992.31
273	4967.16
274	4945.48
275	4929.90
276	4922.69
277	4924.74
278	4935.36
279	4953.31
280	4977.31
281	5006.08
282	5038.32
283	5072.74
284	5108.06
285	5143.05
286	5176.59
287	5207.73
288	5235.52
289	5259.02
290	5277.30
291	5289.42
292	5294.45
293	5291.52
294	5280.19
295	5261.13
296	5235.72
297	5205.53
298	5172.12
299	5137.06
300	5101.93
301	5068.29
302	5037.64
303	5011.21
304	4989.64
305	4973.29
306	4962.47
307	4957.48
308	4958.64
309	4966.25
310	4980.60
311	5001.79
312	5029.10
313	5060.67
314	5094.18
315	5127.27
316	5157.58
317	5182.74
318	5200.39
319	5208.21
320	5204.51
321	5189.56
322	5165.58
323	5135.34
324	5101.68
325	5067.44
326	5035.43
327	5008.51
328	4989.38
329	4979.95
330	4980.18
331	4988.68
332	5003.79
333	5023.80
334	5047.02
335	5071.76
336	5096.33
337	5119.12
338	5138.93
339	5155.30
340	5168.07
341	5177.15
342	5182.46
343	5183.91
344	5181.41
345	5174.88
346	5164.29
347	5149.85
348	5132.01
349	5111.32
350	5088.32
351	5063.58
352	5037.64
353	5011.06
354	4984.40
355	4958.27
356	4933.49
357	4910.99
358	4891.71
359	4876.61
360	4866.67
361	4862.83
362	4866.06
363	4877.13
364	4895.97
365	4921.01
366	4949.95
367	4980.38
368	5009.89
369	5036.05
370	5056.44
371	5068.69
372	5070.97
373	5063.37
374	5048.04
375	5027.81
376	5005.61
377	4984.33
378	4966.90
379	4956.20
380	4955.03
381	4965.30
382	4986.91
383	5018.38
384	5057.97
385	5103.91
386	5154.41
387	5207.71
388	5262.03
389	5315.62
390	5366.83
391	5414.13
392	5456.07
393	5491.20
394	5518.05
395	5535.17
396	5541.12
397	5534.50
398	5514.59
399	5482.57
400	5441.19
401	5393.67
402	5343.22
403	5293.09
404	5246.51
405	5206.70
406	5176.62
407	5157.91
408	5149.81
409	5150.39
410	5157.53
411	5169.10
412	5182.97
413	5197.02
414	5209.13
415	5217.58
416	5221.76
417	5222.22
418	5219.84
419	5215.55
420	5210.27
421	5204.93
422	5200.44
423	5197.69
424	5197.39
425	5199.88
426	5205.29
427	5213.72
428	5225.26
429	5240.03
430	5258.11
431	5279.60
432	5304.46
433	5332.23
434	5362.02
435	5392.77
436	5423.42
437	5452.91
438	5480.18
439	5504.17
440	5523.88
441	5538.69
442	5548.71
443	5554.50
444	5556.65
445	5555.81
446	5552.58
447	5547.59
448	5541.46
449	5534.81
450	5528.25
451	5522.38
452	5517.81
453	5515.12
454	5514.92
455	5517.81
456	5524.38
457	5535.15
458	5550.22
459	5568.84
460	5589.87
461	5612.06
462	5634.18
463	5654.98
464	5673.24
465	5687.72
466	5697.49
467	5702.41
468	5703.08
469	5700.36
470	5695.09
471	5688.12
472	5680.33
473	5672.55
474	5665.62
475	5660.27
476	5657.07
477	5656.50
478	5659.02
479	5665.13
480	5675.28
481	5689.95
482	5709.56
483	5734.12
484	5762.56
485	5792.96
486	5823.22
487	5851.20
488	5874.79
489	5891.87
490	5900.31
491	5898.46
492	5886.23
493	5865.68
494	5839.60
495	5810.92
496	5782.55
497	5757.38
498	5738.33
499	5728.08
500	5728.04
501	5736.95
502	5752.02
503	5770.16
504	5788.28
505	5803.27
506	5812.04
507	5811.57
508	5799.65
509	5776.55
510	5744.78
511	5707.52
512	5667.99
513	5629.43
514	5595.06
515	5568.07
516	5551.27
517	5545.65
518	5549.62
519	5560.54
520	5575.62
521	5592.06
522	5607.07
523	5617.85
524	5621.79
525	5617.22
526	5604.66
527	5585.89
528	5562.97
529	5537.96
530	5512.92
531	5489.90
532	5470.93
533	5457.42
534	5449.07
535	5444.03
536	5439.98
537	5434.60
538	5425.54
539	5410.48
540	5387.10
541	5353.56
542	5309.95
543	5258.87
544	5203.91
545	5148.77
546	5097.15
547	5052.76
548	5019.29
549	5000.12
550	4996.88
551	5007.91
552	5029.81
553	5058.91
554	5091.51
555	5123.91
556	5152.41
557	5173.47
558	5184.65
559	5186.35
560	5181.01
561	5171.55
562	5160.91
563	5152.06
564	5147.94
565	5151.44
566	5164.79
567	5188.08
568	5219.27
569	5255.66
570	5294.49
571	5333.02
572	5368.48
573	5398.16
574	5419.79
575	5432.97
576	5439.82
577	5443.42
578	5446.98
579	5453.70
580	5466.79
581	5489.43
582	5524.47
583	5572.89
584	5632.50
585	5699.54
586	5769.98
587	5839.82
588	5905.02
589	5961.57
590	6005.70
591	6035.14
592	6050.98
593	6056.36
594	6054.84
595	6049.98
596	6045.36
597	6044.54
598	6050.96
599	6066.88
600	6091.49
601	6121.63
602	6153.54
603	6183.44
604	6207.54
605	6222.06
606	6223.29
607	6208.41
608	6177.36
609	6132.65
610	6077.55
611	6015.39
612	5949.51
613	5883.23
614	5819.86
615	5762.20
616	5711.34
617	5666.37
618	5625.75
619	5587.85
620	5551.05
621	5513.73
622	5474.28
623	5431.33
624	5384.49
625	5334.65
626	5283.19
627	5231.57
628	5181.23
629	5133.64
630	5090.23
631	5052.32
632	5020.67
633	4995.18
634	4975.36
635	4960.69
636	4950.62
637	4944.64
638	4942.21
639	4942.79
640	4945.86
641	4950.87
642	4957.29
643	4964.58
644	4972.19
645	4979.60
646	4986.26
647	4991.63
648	4995.17
649	4996.35
650	4994.62
651	4989.44
652	4980.28
653	4966.59
654	4947.84
655	4923.60
656	4894.15
657	4861.09
658	4826.79
659	4793.75
660	4764.46
661	4741.43
662	4727.17
663	4723.97
664	4732.98
665	4752.92
666	4781.11
667	4814.61
668	4850.48
669	4885.74
670	4917.45
671	4942.88
672	4960.56
673	4971.80
674	4979.50
675	4986.91
676	4997.26
677	5013.81
678	5039.81
679	5078.27
680	5130.81
681	5196.08
682	5270.96
683	5351.98
684	5435.66
685	5518.50
686	5597.03
687	5668.03
688	5729.84
689	5784.13
690	5834.48
691	5884.84
692	5939.19
693	6001.50
694	6075.74
695	6165.58
696	6272.91
697	6396.08
698	6531.44
699	6674.96
700	6822.58
701	6970.28
702	7114.00
703	7249.93
704	7375.51
705	7490.54
706	7596.07
707	7693.39
708	7783.79
709	7868.56
710	7948.99
711	8026.30
712	8101.35
713	8174.37
714	8245.28
715	8313.96
716	8380.26
717	8444.06
718	8505.23
719	8563.53
720	8618.22
721	8667.81
722	8710.44
723	8744.23
724	8767.25
725	8777.63
726	8773.47
727	8753.20
728	8716.57
729	8665.14
730	8601.23
731	8527.24
732	8445.57
733	8358.63
734	8268.81
735	8178.38
736	8089.16
737	8002.43
738	7919.26
739	7840.71
740	7767.84
741	7701.70
742	7643.35
743	7593.71
744	7553.32
745	7522.33
746	7500.79
747	7488.69
748	7486.08
749	7492.97
750	7509.34
751	7534.89
752	7568.47
753	7608.26
754	7652.23
755	7698.38
756	7744.68
757	7789.11
758	7829.69
759	7864.80
760	7893.56
761	7915.63
762	7930.80
763	7938.84
764	7939.52
765	7932.63
766	7918.06
767	7896.34
768	7869.21
769	7839.02
770	7808.26
771	7779.40
772	7754.92
773	7737.27
774	7728.62
775	7729.79
776	7739.64
777	7756.21
778	7777.43
779	7801.23
780	7825.53
781	7848.31
782	7867.98
783	7884.58
784	7899.92
785	7916.37
786	7936.40
787	7962.45
788	7996.98
789	8042.36
790	8100.46
791	8171.70
792	8255.32
793	8350.27
794	8455.45
795	8569.81
796	8692.25
797	8821.75
798	8957.44
799	9098.91
800	9245.98
801	9398.51
802	9556.36
803	9719.42
804	9887.54
805	10060.72
806	10239.50
807	10425.24
808	10619.62
809	10824.39
810	11041.30
811	11272.10
812	11518.53
813	11782.47
814	12066.17
815	12372.31
816	12703.67
817	13063.03
818	13453.21
819	13876.97
820	14336.84
821	14833.15
822	15361.07
823	15912.16
824	16477.19
825	17046.88
826	17611.93
827	18163.09
828	18691.66
829	19191.65
830	19661.64
831	20102.30
832	20514.62
833	20899.63
834	21258.33
835	21591.70
836	21900.25
837	22182.98
838	22437.17
839	22659.60
840	22847.00
841	22996.08
842	23103.57
843	23166.52
844	23184.30
845	23161.77
846	23107.44
847	23030.68
848	22940.87
849	22847.42
850	22759.67
851	22686.38
852	22633.53
853	22602.86
854	22594.30
855	22607.56
856	22642.30
857	22698.21
858	22774.93
859	22871.67
860	22986.37
861	23115.79
862	23256.37
863	23404.53
864	23556.67
865	23709.20
866	23858.42
867	23999.99
868	24128.35
869	24237.26
870	24320.36
871	24371.31
872	24383.74
873	24351.41
874	24269.73
875	24139.95
876	23969.93
877	23769.80
878	23549.87
879	23320.48
880	23091.95
881	22874.12
882	22673.65
883	22489.97
884	22317.93
885	22151.44
886	21984.33
887	21810.46
888	21623.75
889	21419.66
890	21199.53
891	20972.32
892	20749.82
893	20544.16
894	20367.45
895	20231.80
896	20148.73
897	20125.20
898	20157.27
899	20233.53
900	20340.84
901	20465.99
902	20595.77
903	20717.03
904	20817.91
905	20891.67
906	20938.46
907	20961.04
908	20962.49
909	20945.92
910	20914.40
911	20870.95
912	20817.80
913	20755.45
914	20683.21
915	20600.11
916	20505.15
917	20397.35
918	20275.77
919	20140.16
920	19992.97
921	19840.06
922	19688.55
923	19545.69
924	19418.73
925	19314.92
926	19241.02
927	19200.65
928	19190.39
929	19202.54
930	19228.48
931	19259.56
932	19287.13
933	19302.67
934	19299.21
935	19275.39
936	19235.82
937	19187.15
938	19136.22
939	19089.86
940	19054.87
941	19037.52
942	19041.05
943	19063.10
944	19098.35
945	19140.98
946	19185.16
947	19225.07
948	19255.05
949	19271.18
950	19274.61
951	19270.82
952	19266.50
953	19268.43
954	19283.38
955	19318.09
956	19378.38
957	19466.21
958	19577.99
959	19707.89
960	19849.74
961	19997.40
962	20144.69
963	20285.48
964	20413.71
965	20523.48
966	20609.04
967	20664.63
968	20684.51
969	20662.93
970	20594.24
971	20473.63
972	20299.16
973	20071.71
974	19793.02
975	19464.87
976	19089.08
977	18667.50
978	18202.86
979	17701.94
980	17177.71
981	16645.83
982	16122.37
983	15623.35
984	15164.80
985	14762.06
986	14425.57
987	14154.94
988	13942.93
989	13780.89
990	13660.06
991	13571.71
992	13507.20
993	13458.93
994	13422.48
995	13396.38
996	13380.03
997	13372.88
998	13374.39
999	13384.03
1000	13401.39
1001	13426.57
1002	13460.33
1003	13503.70
1004	13557.75
1005	13623.55
1006	13702.15
1007	13794.44
1008	13900.32
1009	14017.81
1010	14144.01
1011	14275.82
1012	14410.15
1013	14543.89
1014	14674.03
1015	14797.98
1016	14914.39
1017	15022.72
1018	15122.64
1019	15213.83
1020	15295.96
1021	15368.73
1022	15432.07
1023	15486.68
1024	15533.97
1025	15575.56
1026	15613.10
1027	15648.24
1028	15682.59
1029	15717.47
1030	15752.96
1031	15787.61
1032	15819.34
1033	15846.06
1034	15865.64
1035	15875.97
1036	15875.31
1037	15863.58
1038	15843.50
1039	15819.03
1040	15794.35
1041	15773.62
1042	15761.01
1043	15760.62
1044	15776.02
1045	15809.77
1046	15863.84
1047	15940.08
1048	16040.36
1049	16166.53
1050	16320.46
1051	16504.07
1052	16719.47
1053	16968.89
1054	17254.57
1055	17578.76
1056	17943.70
1057	18351.34
1058	18800.65
1059	19282.30
1060	19779.96
1061	20275.43
1062	20750.36
1063	21186.43
1064	21565.67
1065	21874.40
1066	22112.77
1067	22294.65
1068	22438.13
1069	22561.64
1070	22683.62
1071	22822.28
1072	22992.51
1073	23197.19
1074	23425.45
1075	23661.68
1076	23889.79
1077	24093.70
1078	24257.40
1079	24366.61
1080	24413.81
1081	24400.28
1082	24330.59
1083	24209.75
1084	24042.74
1085	23834.54
1086	23589.82
1087	23311.92
1088	23002.29
1089	22661.58
1090	22290.35
1091	21889.15
1092	21458.57
1093	20999.88
1094	20517.55
1095	20020.94
1096	19521.58
1097	19031.29
1098	18561.92
1099	18125.25
1100	17731.94
1101	17387.17
1102	17087.18
1103	16824.08
1104	16589.43
1105	16374.70
1106	16171.45
1107	15971.72
1108	15770.34
1109	15566.73
1110	15362.47
1111	15159.50
1112	14959.75
1113	14765.14
1114	14577.22
1115	14395.67
1116	14216.93
1117	14035.96
1118	13847.45
1119	13646.09
1120	13426.59
1121	13184.22
1122	12916.93
1123	12627.25
1124	12319.83
1125	11999.66
1126	11671.73
1127	11341.05
1128	11012.50
1129	10690.55
1130	10378.91
1131	10080.97
1132	9800.07
1133	9539.53
1134	9302.69
1135	9092.49
1136	8910.25
1137	8754.78
1138	8623.76
1139	8514.74
1140	8425.25
1141	8352.83
1142	8294.89
1143	8248.36
1144	8209.47
1145	8174.20
1146	8138.44
1147	8098.13
1148	8049.23
1149	7988.58
1150	7916.42
1151	7837.35
1152	7757.65
1153	7683.76
1154	7622.14
1155	7579.16
1156	7559.83
1157	7564.44
1158	7587.89
1159	7623.19
1160	7663.23
1161	7700.86
1162	7729.05
1163	7742.01
1164	7737.93
1165	7718.91
1166	7688.20
1167	7649.18
1168	7605.21
1169	7559.63
1170	7515.54
1171	7475.33
1172	7440.81
1173	7413.65
1174	7395.50
1175	7388.01
1176	7392.77
1177	7410.80
1178	7441.81
1179	7484.61
1180	7537.80
1181	7599.98
1182	7669.72
1183	7745.52
1184	7825.26
1185	7905.58
1186	7982.48
1187	8051.79
1188	8109.38
1189	8151.10
1190	8173.39
1191	8175.41
1192	8160.65
1193	8134.56
1194	8102.88
1195	8071.37
1196	8045.74
1197	8031.05
1198	8029.84
1199	8041.48
1200	8064.23
1201	8096.19
1202	8135.49
1203	8180.25
1204	8228.81
1205	8280.11
1206	8333.69
1207	8389.26
1208	8446.52
1209	8505.20
1210	8565.02
1211	8625.79
1212	8687.52
1213	8750.37
1214	8814.52
1215	8880.17
1216	8947.49
1217	9016.68
1218	9087.94
1219	9161.49
1220	9237.55
1221	9316.36
1222	9398.15
1223	9483.15
1224	9571.58
1225	9663.65
1226	9759.50
1227	9859.29
1228	9963.16
1229	10071.25
1230	10183.80
1231	10301.79
1232	10428.55
1233	10569.48
1234	10730.56
1235	10917.83
1236	11137.32
1237	11394.75
1238	11693.87
1239	12034.12
1240	12412.33
1241	12824.80
1242	13267.80
1243	13737.64
1244	14231.26
1245	14748.53
1246	15293.61
1247	15872.46
1248	16491.28
1249	17156.27
1250	17873.37
1251	18645.32
1252	19464.97
1253	20315.74
1254	21178.19
1255	22032.69
1256	22859.63
1257	23640.04
1258	24359.15
1259	25011.35
1260	25596.49
1261	26115.56
1262	26569.61
1263	26959.64
1264	27286.10
1265	27547.12
1266	27737.63
1267	27851.32
1268	27881.71
1269	27822.31
1270	27667.07
1271	27413.88
1272	27071.62
1273	26658.29
1274	26194.33
1275	25700.32
1276	25196.80
1277	24703.33
1278	24234.29
1279	23794.71
1280	23385.02
1281	23004.85
1282	22653.82
1283	22331.70
1284	22040.25
1285	21787.88
1286	21589.92
1287	21463.91
1288	21427.59
1289	21498.62
1290	21693.37
1291	22019.69
1292	22467.46
1293	23015.98
1294	23642.44
1295	24323.94
1296	25037.54
1297	25759.82
1298	26465.54
1299	27127.25
1300	27716.75
1301	28205.76
1302	28566.04
1303	28770.55
1304	28800.86
1305	28658.21
1306	28356.54
1307	27912.54
1308	27343.02
1309	26664.86
1310	25895.66
1311	25055.98
1312	24170.02
1313	23263.35
1314	22361.69
1315	21490.72
1316	20675.04
1317	19931.36
1318	19258.42
1319	18643.24
1320	18070.32
1321	17524.03
1322	16988.87
1323	16451.19
1324	15904.36
1325	15350.21
1326	14793.59
1327	14239.68
1328	13693.68
1329	13160.66
1330	12645.11
1331	12150.15
1332	11678.14
1333	11231.26
1334	10811.69
1335	10421.59
1336	10062.93
1337	9736.97
1338	9444.25
1339	9185.05
1340	8959.66
1341	8768.32
1342	8610.88
1343	8484.86
1344	8383.62
1345	8298.34
1346	8219.88
1347	8139.05
1348	8046.95
1349	7937.16
1350	7810.35
1351	7673.29
1352	7534.35
1353	7402.04
1354	7284.82
1355	7190.29
1356	7122.45
1357	7080.14
1358	7060.11
1359	7058.85
1360	7072.85
1361	7098.49
1362	7131.70
1363	7167.28
1364	7199.36
1365	7221.94
1366	7228.97
1367	7214.56
1368	7173.99
1369	7106.50
1370	7015.25
1371	6904.60
1372	6778.99
1373	6642.90
1374	6500.72
1375	6356.63
1376	6214.45
1377	6077.84
1378	5950.44
1379	5835.87
1380	5737.58
1381	5657.65
1382	5595.10
1383	5547.00
1384	5510.01
1385	5480.74
1386	5455.91
1387	5433.22
1388	5413.40
1389	5400.08
1390	5397.74
1391	5410.93
1392	5444.16
1393	5501.06
1394	5581.61
1395	5680.74
1396	5791.36
1397	5906.13
1398	6017.73
1399	6119.30
1400	6206.65
1401	6280.85
1402	6345.78
1403	6405.82
1404	6465.38
1405	6528.79
1406	6599.87
1407	6681.08
1408	6773.86
1409	6879.42
1410	6998.96
1411	7133.70
1412	7285.38
1413	7457.35
1414	7654.59
1415	7882.59
1416	8146.89
1417	8453.02
1418	8806.18
1419	9210.37
1420	9667.89
1421	10180.41
1422	10749.50
1423	11376.82
1424	12065.09
1425	12822.71
1426	13668.02
1427	14624.09
1428	15714.80
1429	16963.94
1430	18392.75
1431	20005.60
1432	21770.44
1433	23633.22
1434	25535.39
1435	27418.26
1436	29223.78
1437	30899.73
1438	32408.88
1439	33725.21
1440	34825.46
1441	35686.55
1442	36286.18
1443	36610.41
1444	36670.39
1445	36500.18
1446	36140.47
1447	35632.40
1448	35016.93
1449	34332.36
1450	33607.90
1451	32862.86
1452	32113.31
1453	31374.96
1454	30663.38
1455	29990.67
1456	29355.57
1457	28740.01
1458	28119.62
1459	27469.36
1460	26764.34
1461	25983.10
1462	25119.03
1463	24186.87
1464	23210.14
1465	22213.50
1466	21221.53
1467	20256.99
1468	19333.87
1469	18452.17
1470	17605.59
1471	16786.94
1472	15989.02
1473	15205.49
1474	14434.34
1475	13681.14
1476	12955.02
1477	12265.75
1478	11623.05
1479	11035.78
1480	10508.08
1481	10035.42
1482	9608.86
1483	9218.71
1484	8855.29
1485	8509.48
1486	8175.35
1487	7853.07
1488	7546.01
1489	7258.12
1490	6993.32
1491	6755.14
1492	6544.66
1493	6358.22
1494	6189.68
1495	6032.42
1496	5879.82
1497	5725.68
1498	5566.23
1499	5402.35
1500	5237.37
1501	5075.07
1502	4919.24
1503	4773.44
1504	4639.94
1505	4518.59
1506	4408.01
1507	4306.57
1508	4212.67
1509	4124.78
1510	4041.86
1511	3963.69
1512	3890.50
1513	3822.59
1514	3760.24
1515	3703.67
1516	3652.70
1517	3606.52
1518	3564.01
1519	3524.00
1520	3485.33
1521	3446.93
1522	3408.06
1523	3368.56
1524	3328.49
1525	3287.94
1526	3247.01
1527	3205.81
1528	3164.54
1529	3123.51
1530	3083.08
1531	3043.59
1532	3005.42
1533	2968.91
1534	2934.40
1535	2902.24
1536	2872.76
1537	2846.28
1538	2823.12
1539	2803.42
1540	2786.73
1541	2772.01
1542	2758.06
1543	2743.65
1544	2727.60
1545	2709.22
1546	2689.14
1547	2669.11
1548	2651.16
1549	2637.35
1550	2629.57
1551	2628.58
1552	2632.36
1553	2637.11
1554	2638.56
1555	2632.47
1556	2615.00
1557	2584.64
1558	2544.47
1559	2500.04
1560	2457.36
1561	2422.41
1562	2400.50
1563	2393.85
1564	2399.91
1565	2414.05
1566	2431.37
1567	2447.00
1568	2456.60
1569	2457.90
1570	2451.03
1571	2436.93
1572	2416.65
1573	2391.24
1574	2362.04
1575	2331.12
1576	2301.21
1577	2275.21
1578	2256.05
1579	2246.44
1580	2247.88
1581	2259.03
1582	2276.79
1583	2297.68
1584	2318.22
1585	2335.31
1586	2347.69
1587	2357.14
1588	2366.86
1589	2380.27
1590	2400.74
1591	2430.90
1592	2470.84
1593	2517.64
1594	2567.39
1595	2616.04
1596	2659.71
1597	2695.77
1598	2724.92
1599	2750.46
1600	2776.34
1601	2806.57
1602	2844.82
1603	2893.05
1604	2949.90
1605	3012.31
1606	3076.91
1607	3140.35
1608	3199.83
1609	3254.65
1610	3306.74
1611	3359.00
1612	3414.43
1613	3476.05
1614	3547.13
1615	3631.49
1616	3733.48
1617	3857.52
1618	4008.06
1619	4189.12
1620	4402.60
1621	4646.53
1622	4917.02
1623	5209.89
1624	5520.98
1625	5847.45
1626	6190.85
1627	6557.60
1628	6955.73
1629	7393.43
1630	7878.56
1631	8416.65
1632	9007.80
1633	9648.62
1634	10334.91
1635	11062.54
1636	11829.00
1637	12638.67
1638	13505.57
1639	14447.64
1640	15483.30
1641	16630.92
1642	17908.21
1643	19331.15
1644	20914.32
1645	22671.95
1646	24617.99
1647	26761.07
1648	29084.11
1649	31528.07
1650	34014.74
1651	36463.07
1652	38791.71
1653	40917.62
1654	42752.60
1655	44203.96
1656	45177.72
1657	45580.29
1658	45328.34
1659	44391.15
1660	42829.13
1661	40746.54
1662	38254.64
1663	35464.71
1664	32485.31
1665	29416.81
1666	26352.21
1667	23382.40
1668	20597.83
1669	18082.42
1670	15887.51
1671	14009.45
1672	12418.74
1673	11081.85
1674	9965.15
1675	9035.52
1676	8261.18
1677	7611.54
1678	7056.31
1679	6565.34
1680	6111.15
1681	5678.05
1682	5268.21
1683	4891.38
1684	4558.36
1685	4279.47
1686	4060.98
1687	3899.11
1688	3782.94
1689	3699.82
1690	3637.09
1691	3583.09
1692	3529.86
1693	3474.04
1694	3413.92
1695	3347.98
1696	3274.90
1697	3194.48
1698	3108.89
1699	3021.53
1700	2936.10
1701	2856.25
1702	2785.41
1703	2726.27
1704	2680.85
1705	2651.00
1706	2638.49
1707	2644.51
1708	2667.49
1709	2701.91
1710	2740.59
1711	2776.16
1712	2801.75
1713	2814.11
1714	2817.92
1715	2822.77
1716	2839.28
1717	2877.94
1718	2947.04
1719	3048.11
1720	3176.23
1721	3324.59
1722	3486.28
1723	3655.23
1724	3829.06
1725	4010.64
1726	4204.94
1727	4417.23
1728	4652.57
1729	4914.79
1730	5205.22
1731	5523.77
1732	5870.07
1733	6243.42
1734	6640.36
1735	7049.79
1736	7454.51
1737	7835.67
1738	8174.52
1739	8454.81
1740	8669.25
1741	8820.66
1742	8915.34
1743	8959.88
1744	8960.10
1745	8918.35
1746	8831.51
1747	8694.09
1748	8500.31
1749	8245.07
1750	7927.60
1751	7556.00
1752	7143.34
1753	6703.64
1754	6250.81
1755	5797.36
1756	5352.25
1757	4921.86
1758	4511.91
1759	4128.09
1760	3775.61
1761	3458.38
1762	3179.06
1763	2939.93
1764	2743.15
1765	2589.40
1766	2473.95
1767	2385.68
1768	2311.19
1769	2236.96
1770	2151.44
1771	2051.59
1772	1946.70
1773	1851.19
1774	1780.05
1775	1746.54
1776	1754.81
1777	1793.37
1778	1843.22
1779	1884.20
1780	1897.32
1781	1870.88
1782	1807.67
1783	1718.50
1784	1615.70
1785	1511.38
1786	1415.85
1787	1335.38
1788	1273.73
1789	1234.09
1790	1219.31
1791	1229.71
1792	1259.44
1793	1298.27
1794	1335.00
1795	1358.78
1796	1362.45
1797	1348.67
1798	1327.58
1799	1311.22
1800	1311.36
1801	1335.90
1802	1382.15
1803	1438.62
1804	1491.50
1805	1527.21
1806	1535.79
1807	1517.81
1808	1482.93
1809	1443.30
1810	1410.99
1811	1395.70
1812	1400.12
1813	1420.70
1814	1452.16
1815	1489.12
1816	1526.23
1817	1558.26
1818	1580.13
1819	1586.77
1820	1573.36
1821	1537.40
1822	1483.09
1823	1420.44
1824	1361.05
1825	1316.33
1826	1294.69
1827	1296.20
1828	1314.05
1829	1339.58
1830	1364.24
1831	1381.61
1832	1390.84
1833	1395.45
1834	1400.01
1835	1408.96
1836	1424.95
1837	1446.27
1838	1468.11
1839	1484.92
1840	1491.36
1841	1483.73
1842	1462.02
1843	1428.56
1844	1386.20
1845	1337.89
1846	1287.01
1847	1237.90
1848	1195.38
1849	1164.38
1850	1149.35
1851	1152.38
1852	1171.41
1853	1202.37
1854	1240.88
1855	1282.76
1856	1324.80
1857	1365.22
1858	1402.84
1859	1436.52
1860	1464.87
1861	1485.43
1862	1494.46
1863	1487.76
1864	1461.32
1865	1413.40
1866	1349.59
1867	1282.43
1868	1226.56
1869	1196.23
1870	1200.86
1871	1237.41
1872	1293.51
1873	1354.49
1874	1406.12
1875	1437.79
1876	1446.34
1877	1432.96
1878	1399.69
1879	1349.23
1880	1287.11
1881	1223.38
1882	1170.12
1883	1139.52
1884	1141.34
1885	1176.35
1886	1234.93
1887	1303.85
1888	1369.69
1889	1421.05
1890	1452.09
1891	1461.64
1892	1449.74
1893	1416.85
1894	1365.26
1895	1301.24
1896	1233.33
1897	1170.50
1898	1121.06
1899	1090.36
1900	1079.42
1901	1087.43
1902	1113.27
1903	1154.89
1904	1207.43
1905	1263.18
1906	1313.61
1907	1350.54
1908	1368.71
1909	1369.54
1910	1358.71
1911	1342.81
1912	1327.94
1913	1317.78
1914	1312.33
1915	1310.04
1916	1309.16
1917	1308.16
1918	1306.26
1919	1303.39
1920	1299.67
1921	1295.29
1922	1290.64
1923	1286.57
1924	1284.18
1925	1284.62
1926	1288.83
1927	1296.94
1928	1308.06
1929	1320.89
1930	1334.15
1931	1346.72
1932	1358.00
1933	1367.79
1934	1375.97
1935	1382.54
1936	1388.03
1937	1393.83
1938	1401.68
1939	1413.19
1940	1428.25
1941	1441.61
1942	1443.50
1943	1422.97
1944	1370.98
1945	1288.84
1946	1196.19
1947	1121.69
1948	1094.68
1949	1135.81
1950	1238.56
1951	1370.56
1952	1491.90
1953	1565.32
1954	1570.81
1955	1519.90
1956	1440.00
1957	1360.75
1958	1306.72
1959	1286.63
1960	1294.33
1961	1319.28
1962	1350.82
1963	1379.17
1964	1396.07
1965	1394.03
1966	1366.07
1967	1309.19
1968	1231.63
1969	1151.11
1970	1087.80
1971	1059.70
1972	1074.29
1973	1123.40
1974	1192.22
1975	1265.36
1976	1329.70
1977	1377.81
1978	1406.15
1979	1412.19
1980	1394.46
1981	1355.32
1982	1301.58
1983	1241.64
1984	1183.66
1985	1133.79
1986	1094.29
1987	1065.36
1988	1046.87
1989	1039.20
1990	1044.19
1991	1064.89
1992	1104.63
1993	1165.02
1994	1240.78
1995	1317.39
1996	1376.80
1997	1401.86
1998	1383.47
1999	1328.82
2000	1254.21
2001	1177.40
2002	1113.75
2003	1071.49
2004	1052.91
2005	1058.62
2006	1087.82
2007	1134.74
2008	1187.45
2009	1231.82
2010	1254.68
2011	1249.26
2012	1220.12
2013	1177.46
2014	1132.28
2015	1094.85
2016	1073.63
2017	1075.83
2018	1108.05
2019	1172.95
2020	1261.24
2021	1352.34
2022	1422.56
2023	1451.55
2024	1432.91
2025	1378.01
2026	1304.82
2027	1231.05
2028	1169.83
2029	1126.49
2030	1102.72
2031	1099.42
2032	1115.89
2033	1148.05
2034	1189.91
2035	1235.11
2036	1277.63
2037	1312.28
2038	1334.57
2039	1340.32
2040	1327.86
2041	1302.76
2042	1277.19
2043	1264.99
2044	1276.80
2045	1311.71
2046	1356.19
2047	1392.66
2048	1406.18
2049	1393.54
2050	1366.78
2051	1343.54
2052	1339.47
2053	1358.66
2054	1387.92
2055	1406.87
2056	1396.54
2057	1349.62
2058	1278.42
2059	1204.31
2060	1148.32
2061	1122.04
2062	1119.75
2063	1126.95
2064	1128.86
2065	1117.61
2066	1099.06
2067	1086.41
2068	1093.18
2069	1126.28
2070	1179.00
2071	1236.87
2072	1284.67
2073	1311.76
2074	1317.29
2075	1306.15
2076	1284.28
2077	1257.01
2078	1228.35
2079	1201.52
2080	1179.55
2081	1165.52
2082	1162.51
2083	1173.61
2084	1201.20
2085	1243.40
2086	1289.69
2087	1324.75
2088	1333.70
2089	1309.36
2090	1259.40
2091	1199.37
2092	1145.46
2093	1110.00
2094	1098.32
2095	1112.19
2096	1151.58
2097	1210.44
2098	1273.05
2099	1319.47
2100	1331.92
2101	1304.62
2102	1248.85
2103	1182.79
2104	1124.19
2105	1085.92
2106	1074.83
2107	1095.28
2108	1147.46
2109	1218.47
2110	1282.04
2111	1308.69
2112	1279.66
2113	1207.39
2114	1130.74
2115	1093.56
2116	1123.11
2117	1205.95
2118	1300.99
2119	1363.92
2120	1368.12
2121	1322.31
2122	1254.21
2123	1192.57
2124	1155.21
2125	1142.89
2126	1149.06
2127	1166.52
2128	1189.45
2129	1213.63
2130	1235.51
2131	1252.54
2132	1264.93
2133	1275.21
2134	1286.39
2135	1300.55
2136	1317.69
2137	1336.50
2138	1355.36
2139	1372.34
2140	1385.06
2141	1391.00
2142	1388.16
2143	1376.51
2144	1358.20
2145	1336.08
2146	1313.18
2147	1292.76
2148	1278.25
2149	1272.77
2150	1277.53
2151	1290.41
2152	1307.64
2153	1325.35
2154	1340.24
2155	1349.72
2156	1351.40
2157	1342.90
2158	1321.77
2159	1285.54
2160	1233.18
2161	1170.54
2162	1114.75
2163	1087.59
2164	1104.65
2165	1159.45
2166	1223.69
2167	1264.47
2168	1261.76
2169	1223.52
2170	1173.90
2171	1137.40
2172	1127.78
2173	1145.37
2174	1185.14
2175	1238.19
2176	1287.44
2177	1310.43
2178	1287.88
2179	1219.64
2180	1132.60
2181	1063.41
2182	1039.12
2183	1058.31
2184	1098.15
2185	1133.64
2186	1153.84
2187	1168.94
2188	1196.97
2189	1248.30
2190	1310.29
2191	1353.12
2192	1347.65
2193	1285.77
2194	1189.32
2195	1091.28
2196	1018.34
2197	978.25
2198	965.68
2199	972.51
2200	991.22
2201	1015.28
2202	1038.69
2203	1056.63
2204	1066.61
2205	1067.60
2206	1059.71
2207	1045.94
2208	1032.06
2209	1024.46
2210	1028.27
2211	1046.55
2212	1080.86
2213	1128.55
2214	1176.83
2215	1205.93
2216	1199.30
2217	1157.70
2218	1101.69
2219	1056.59
2220	1037.60
2221	1040.99
2222	1054.06
2223	1064.59
2224	1065.31
2225	1052.67
2226	1025.43
2227	987.36
2228	947.51
2229	916.19
2230	901.55
2231	908.06
2232	937.51
2233	984.37
2234	1027.81
2235	1039.10
2236	1000.17
2237	928.11
2238	868.62
2239	865.04
2240	924.62
2241	1013.39
2242	1087.63
2243	1121.94
2244	1120.49
2245	1099.22
2246	1070.92
2247	1039.03
2248	1002.42
2249	962.09
2250	926.21
2251	907.36
2252	915.54
2253	950.44
2254	1003.18
2255	1061.85
2256	1112.15
2257	1137.81
2258	1126.47
2259	1083.01
2260	1032.75
2261	1004.32
2262	1010.12
2263	1038.95
2264	1071.15
2265	1090.48
2266	1087.97
2267	1059.50
2268	1009.99
2269	959.17
2270	931.69
2271	940.75
2272	975.95
2273	1015.96
2274	1045.47
2275	1065.08
2276	1082.87
2277	1100.40
2278	1102.73
2279	1068.42
2280	992.51
2281	907.56
2282	863.81
2283	890.77
2284	967.07
2285	1045.02
2286	1088.01
2287	1092.57
2288	1072.90
2289	1042.21
2290	1005.46
2291	964.18
2292	924.54
2293	902.15
2294	913.55
2295	957.74
2296	1004.45
2297	1016.30
2298	980.94
2299	924.57
2300	884.63
2301	882.59
2302	917.30
2303	976.87
2304	1039.97
2305	1077.46
2306	1069.61
2307	1032.19
2308	1009.47
2309	1032.31
2310	1077.88
2311	1090.29
2312	1037.88
2313	955.82
2314	908.90
2315	928.87
2316	983.54
2317	1020.42
2318	1016.13
2319	987.28
2320	959.06
2321	940.09
2322	923.63
2323	905.07
2324	895.13
2325	911.57
2326	957.95
2327	1010.21
2328	1034.77
2329	1009.88
2330	931.66
2331	815.58
2332	714.15
2333	700.52
2334	804.36
2335	957.67
2336	1057.07
2337	1058.71
2338	1004.61
2339	952.84
2340	919.27
2341	887.13
2342	852.53
2343	850.98
2344	920.49
2345	1038.25
2346	1115.53
2347	1083.78
2348	975.33
2349	878.71
2350	846.25
2351	859.37
2352	880.72
2353	898.31
2354	920.53
2355	948.44
2356	962.50
2357	944.06
2358	904.69
2359	879.20
2360	885.17
2361	898.61
2362	890.62
2363	876.02
2364	902.12
2365	979.80
2366	1043.25
2367	1025.23
2368	953.71
2369	923.45
2370	975.51
2371	1043.34
2372	1047.33
2373	985.98
2374	908.63
2375	847.29
2376	799.67
2377	765.37
2378	770.89
2379	837.89
2380	929.09
2381	967.95
2382	930.96
2383	885.07
2384	894.78
2385	940.05
2386	963.81
2387	950.29
2388	925.65
2389	906.11
2390	879.75
2391	844.30
2392	836.89
2393	883.51
2394	923.59
2395	865.79
2396	741.70
2397	706.59
2398	836.35
2399	1027.61
2400	1149.65
2401	1166.17
2402	1103.52
2403	1013.83
2404	945.79
2405	905.23
2406	869.60
2407	848.71
2408	885.30
2409	972.46
2410	1025.21
2411	978.22
2412	853.43
2413	723.20
2414	675.66
2415	748.85
2416	861.42
2417	904.43
2418	864.29
2419	806.89
2420	828.68
2421	975.92
2422	1131.52
2423	1127.82
2424	983.78
2425	849.48
2426	797.61
2427	812.30
2428	875.70
2429	969.59
2430	1032.11
2431	1009.21
2432	959.99
2433	974.35
2434	1007.34
2435	966.86
2436	887.80
2437	863.74
2438	916.81
2439	998.77
2440	1031.75
2441	1000.38
2442	988.02
2443	1019.59
2444	1011.96
2445	958.75
2446	953.41
2447	1012.49
2448	1060.87
2449	1031.92
2450	946.65
