150	3140.52
151	3148.00
152	3163.61
153	3186.82
154	3216.33
155	3250.84
156	3289.00
157	3329.50
158	3371.02
159	3412.23
160	3451.91
161	3489.13
162	3523.31
163	3553.95
164	3580.56
165	3602.66
166	3619.74
167	3631.34
168	3636.98
169	3636.41
170	3630.17
171	3619.60
172	3606.34
173	3592.06
174	3578.41
175	3567.06
176	3559.66
177	3557.86
178	3562.96
179	3575.12
180	3593.24
181	3615.80
182	3641.24
183	3667.99
184	3694.49
185	3719.17
186	3740.49
187	3757.24
188	3769.36
189	3778.04
190	3784.92
191	3791.64
192	3799.88
193	3811.28
194	3827.52
195	3850.23
196	3880.63
197	3918.62
198	3962.62
199	4010.59
200	4060.44
201	4110.09
202	4157.45
203	4200.42
204	4236.96
205	4265.38
206	4285.28
207	4297.52
208	4303.39
209	4304.19
210	4301.24
211	4295.85
212	4289.34
213	4283.01
214	4277.90
215	4274.39
216	4272.15
217	4270.64
218	4269.34
219	4267.70
220	4265.17
221	4261.22
222	4255.34
223	4247.32
224	4237.84
225	4228.35
226	4220.53
227	4216.03
228	4216.55
229	4223.76
230	4239.33
231	4264.86
232	4301.13
233	4346.84
234	4399.02
235	4454.33
236	4509.39
237	4560.82
238	4605.22
239	4639.23
240	4659.65
241	4664.59
242	4655.28
243	4635.06
244	4607.73
245	4577.14
246	4547.12
247	4521.51
248	4504.12
249	4498.56
250	4506.87
251	4527.99
252	4559.01
253	4596.67
254	4637.68
255	4678.78
256	4716.68
257	4748.12
258	4770.09
259	4780.94
260	4781.40
261	4773.37
262	4758.96
263	4740.26
264	4719.38
265	4698.42
266	4679.47
267	4664.46
268	4654.50
269	4649.58
270	4649.23
271	4652.89
272	4660.04
273	4670.11
274	4682.57
275	4696.87
276	4712.45
277	4728.73
278	4745.06
279	4760.80
280	4775.30
281	4787.90
282	4797.96
283	4804.83
284	4807.87
285	4806.73
286	4801.83
287	4794.29
288	4785.42
289	4776.57
290	4769.06
291	4764.24
292	4763.43
293	4767.91
294	4778.46
295	4794.74
296	4815.60
297	4839.74
298	4865.82
299	4892.53
300	4918.53
301	4942.51
302	4963.20
303	4979.71
304	4991.79
305	4999.54
306	5003.12
307	5002.69
308	4998.40
309	4990.42
310	4978.92
311	4964.15
312	4946.71
313	4927.71
314	4908.46
315	4890.27
316	4874.48
317	4862.41
318	4855.38
319	4854.69
320	4861.22
321	4874.58
322	4893.11
323	4914.80
324	4937.57
325	4959.37
326	4978.14
327	4991.82
328	4998.46
329	4996.96
330	4988.26
331	4974.65
332	4958.75
333	4943.18
334	4930.57
335	4923.57
336	4924.77
337	4936.49
338	4959.38
339	4991.33
340	5028.93
341	5068.54
342	5106.52
343	5139.22
344	5163.01
345	5174.28
346	5170.10
347	5149.92
348	5115.89
349	5071.09
350	5018.71
351	4961.92
352	4903.90
353	4847.83
354	4796.82
355	4753.34
356	4718.32
357	4691.49
358	4672.28
359	4660.15
360	4654.52
361	4654.83
362	4660.50
363	4670.95
364	4685.54
365	4703.47
366	4723.92
367	4746.01
368	4768.91
369	4791.76
370	4813.71
371	4833.92
372	4851.67
373	4866.75
374	4879.46
375	4890.26
376	4899.63
377	4908.06
378	4916.04
379	4924.06
380	4932.56
381	4941.86
382	4951.85
383	4962.20
384	4972.50
385	4982.34
386	4991.33
387	4999.04
388	5005.08
389	5009.12
390	5011.06
391	5011.24
392	5010.14
393	5008.26
394	5006.11
395	5004.18
396	5002.99
397	5003.03
398	5004.71
399	5008.16
400	5013.34
401	5020.09
402	5028.29
403	5037.81
404	5048.51
405	5060.26
406	5072.92
407	5086.38
408	5100.53
409	5115.28
410	5130.54
411	5146.22
412	5162.22
413	5178.46
414	5194.83
415	5211.13
416	5226.78
417	5240.85
418	5252.30
419	5260.07
420	5263.12
421	5260.40
422	5250.87
423	5233.60
424	5208.52
425	5177.11
426	5141.73
427	5104.92
428	5069.21
429	5037.13
430	5011.21
431	4993.94
432	4987.29
433	4991.36
434	5004.34
435	5023.76
436	5047.11
437	5071.85
438	5095.49
439	5115.49
440	5129.54
441	5136.33
442	5136.73
443	5132.77
444	5126.69
445	5120.78
446	5117.29
447	5118.49
448	5126.60
449	5143.26
450	5168.17
451	5199.01
452	5232.81
453	5266.54
454	5297.17
455	5321.68
456	5337.04
457	5340.53
458	5330.98
459	5310.21
460	5281.63
461	5248.90
462	5215.71
463	5185.73
464	5162.65
465	5150.09
466	5150.92
467	5165.79
468	5193.26
469	5231.27
470	5277.70
471	5330.46
472	5387.44
473	5446.53
474	5505.67
475	5562.87
476	5616.38
477	5664.50
478	5705.58
479	5737.93
480	5759.90
481	5769.82
482	5766.11
483	5748.07
484	5717.21
485	5676.74
486	5630.29
487	5581.54
488	5534.13
489	5491.74
490	5457.99
491	5435.97
492	5426.67
493	5428.36
494	5438.29
495	5453.62
496	5471.45
497	5488.95
498	5503.24
499	5511.65
500	5512.59
501	5506.75
502	5496.11
503	5482.90
504	5469.36
505	5457.76
506	5450.31
507	5449.22
508	5456.02
509	5470.30
510	5489.87
511	5512.02
512	5534.00
513	5553.06
514	5566.44
515	5571.44
516	5565.72
517	5548.75
518	5522.58
519	5490.32
520	5455.20
521	5420.48
522	5389.41
523	5365.23
524	5350.98
525	5348.39
526	5356.42
527	5372.31
528	5392.98
529	5415.31
530	5436.23
531	5452.61
532	5461.41
533	5460.26
534	5448.67
535	5427.92
536	5399.77
537	5366.03
538	5328.50
539	5288.97
540	5249.24
541	5210.96
542	5175.23
543	5142.38
544	5112.47
545	5085.52
546	5061.54
547	5040.56
548	5022.59
549	5007.64
550	4995.64
551	4986.35
552	4979.50
553	4974.77
554	4971.84
555	4970.42
556	4970.20
557	4970.86
558	4972.11
559	4973.69
560	4975.35
561	4976.88
562	4978.02
563	4978.54
564	4978.22
565	4976.84
566	4974.46
567	4972.01
568	4971.31
569	4974.41
570	4983.43
571	5000.44
572	5027.55
573	5066.81
574	5119.80
575	5186.07
576	5262.42
577	5344.65
578	5428.41
579	5509.34
580	5583.09
581	5645.33
582	5692.14
583	5721.68
584	5735.83
585	5738.24
586	5732.83
587	5723.55
588	5714.36
589	5709.19
590	5711.79
591	5724.62
592	5747.31
593	5777.80
594	5813.64
595	5852.39
596	5891.60
597	5928.82
598	5961.65
599	5988.05
600	6006.97
601	6018.07
602	6021.25
603	6016.36
604	6003.30
605	5981.94
606	5952.18
607	5914.13
608	5868.49
609	5816.55
610	5759.80
611	5699.69
612	5637.73
613	5575.37
614	5514.10
615	5455.31
616	5400.16
617	5349.51
618	5304.10
619	5264.70
620	5232.05
621	5206.90
622	5189.98
623	5181.80
624	5181.87
625	5188.40
626	5199.12
627	5211.67
628	5223.71
629	5232.90
630	5236.91
631	5233.61
632	5221.90
633	5202.17
634	5175.48
635	5142.99
636	5105.84
637	5065.19
638	5022.20
639	4977.99
640	4933.63
641	4890.04
642	4848.08
643	4808.59
644	4772.43
645	4740.44
646	4713.46
647	4692.23
648	4676.86
649	4666.35
650	4659.10
651	4653.39
652	4647.53
653	4639.82
654	4628.54
655	4612.18
656	4590.31
657	4564.59
658	4537.87
659	4513.21
660	4493.69
661	4482.39
662	4482.35
663	4496.40
664	4525.79
665	4568.54
666	4620.83
667	4678.46
668	4737.23
669	4792.92
670	4841.35
671	4878.58
672	4902.50
673	4914.74
674	4919.17
675	4920.12
676	4921.92
677	4928.91
678	4945.42
679	4975.51
680	5021.58
681	5082.48
682	5154.97
683	5235.38
684	5320.03
685	5405.22
686	5487.29
687	5562.78
688	5629.61
689	5688.67
690	5742.48
691	5793.93
692	5845.93
693	5901.36
694	5963.13
695	6033.98
696	6115.78
697	6208.66
698	6311.76
699	6424.03
700	6544.40
701	6671.83
702	6805.26
703	6943.58
704	7085.41
705	7228.87
706	7371.79
707	7511.97
708	7647.19
709	7775.24
710	7893.92
711	8001.19
712	8095.85
713	8178.23
714	8249.36
715	8310.43
716	8362.59
717	8407.02
718	8444.88
719	8477.25
720	8504.75
721	8527.28
722	8544.43
723	8555.72
724	8560.70
725	8558.91
726	8549.87
727	8533.15
728	8508.39
729	8475.35
730	8433.85
731	8383.71
732	8324.74
733	8256.76
734	8179.63
735	8093.51
736	7999.92
737	7901.90
738	7803.04
739	7707.00
740	7617.44
741	7538.02
742	7472.34
743	7423.21
744	7391.01
745	7373.61
746	7368.12
747	7371.58
748	7381.04
749	7393.55
750	7406.21
751	7416.78
752	7424.73
753	7430.98
754	7436.84
755	7443.63
756	7452.67
757	7465.28
758	7482.69
759	7505.43
760	7532.42
761	7561.52
762	7590.33
763	7616.47
764	7637.55
765	7651.18
766	7655.24
767	7649.05
768	7634.66
769	7615.56
770	7595.48
771	7578.17
772	7567.39
773	7566.84
774	7579.67
775	7606.49
776	7644.16
777	7688.01
778	7733.16
779	7774.70
780	7807.75
781	7827.49
782	7830.34
783	7816.88
784	7792.33
785	7763.42
786	7737.05
787	7720.11
788	7719.49
789	7741.88
790	7792.19
791	7870.38
792	7972.51
793	8093.56
794	8228.47
795	8372.17
796	8519.61
797	8666.01
798	8808.33
799	8947.17
800	9085.23
801	9225.62
802	9371.47
803	9525.92
804	9692.09
805	9872.78
806	10069.42
807	10281.34
808	10506.99
809	10744.70
810	10992.82
811	11249.65
812	11513.58
813	11783.70
814	12061.33
815	12350.18
816	12654.66
817	12979.25
818	13328.43
819	13706.69
820	14118.22
821	14565.03
822	15043.90
823	15547.99
824	16069.65
825	16601.18
826	17134.88
827	17663.05
828	18178.42
829	18675.62
830	19152.48
831	19608.35
832	20042.80
833	20455.41
834	20845.74
835	21213.32
836	21557.17
837	21874.44
838	22160.32
839	22409.41
840	22616.20
841	22775.20
842	22880.94
843	22928.44
844	22916.47
845	22852.54
846	22750.04
847	22623.72
848	22488.34
849	22358.70
850	22249.52
851	22174.21
852	22140.29
853	22146.33
854	22187.04
855	22256.59
856	22349.16
857	22458.90
858	22580.03
859	22707.45
860	22838.02
861	22970.43
862	23103.88
863	23237.62
864	23370.87
865	23502.87
866	23632.57
867	23757.29
868	23871.22
869	23966.86
870	24036.40
871	24072.01
872	24065.87
873	24010.30
874	23899.79
875	23736.46
876	23531.04
877	23297.25
878	23049.04
879	22800.39
880	22565.25
881	22356.88
882	22183.67
883	22043.10
884	21925.72
885	21820.64
886	21716.88
887	21603.45
888	21469.50
889	21306.21
890	21112.77
891	20898.62
892	20677.07
893	20461.86
894	20266.72
895	20105.40
896	19991.02
897	19932.24
898	19926.94
899	19965.59
900	20037.00
901	20129.86
902	20232.89
903	20334.86
904	20425.55
905	20498.94
906	20554.52
907	20593.91
908	20619.03
909	20631.75
910	20633.98
911	20627.49
912	20613.14
913	20589.65
914	20554.27
915	20503.92
916	20435.49
917	20345.88
918	20232.06
919	20092.10
920	19928.31
921	19748.38
922	19561.99
923	19379.04
924	19209.43
925	19063.04
926	18949.21
927	18873.54
928	18833.48
929	18821.41
930	18828.64
931	18846.46
932	18866.14
933	18879.10
934	18878.38
935	18862.81
936	18837.44
937	18809.45
938	18786.17
939	18774.96
940	18783.15
941	18817.23
942	18879.32
943	18963.21
944	19058.41
945	19153.69
946	19237.78
947	19299.44
948	19327.76
949	19315.53
950	19266.17
951	19192.24
952	19108.85
953	19031.27
954	18974.80
955	18954.60
956	18983.81
957	19066.83
958	19195.49
959	19356.48
960	19535.86
961	19719.63
962	19893.83
963	20044.92
964	20162.30
965	20241.95
966	20283.98
967	20289.35
968	20259.08
969	20194.18
970	20095.62
971	19964.03
972	19798.78
973	19598.05
974	19359.68
975	19081.45
976	18761.13
977	18396.59
978	17986.70
979	17535.18
980	17053.15
981	16554.91
982	16055.22
983	15568.86
984	15110.58
985	14694.62
986	14331.60
987	14024.06
988	13769.51
989	13564.35
990	13404.94
991	13287.66
992	13208.83
993	13164.57
994	13150.23
995	13160.49
996	13189.84
997	13232.75
998	13283.67
999	13337.11
1000	13388.10
1001	13433.84
1002	13474.49
1003	13511.33
1004	13545.79
1005	13579.29
1006	13613.28
1007	13649.25
1008	13689.03
1009	13735.10
1010	13790.30
1011	13857.49
1012	13939.57
1013	14039.40
1014	14159.59
1015	14300.63
1016	14457.72
1017	14622.35
1018	14785.13
1019	14936.60
1020	15067.34
1021	15168.12
1022	15232.13
1023	15260.27
1024	15260.71
1025	15243.90
1026	15220.41
1027	15200.82
1028	15195.65
1029	15213.69
1030	15257.29
1031	15320.51
1032	15394.33
1033	15469.39
1034	15536.30
1035	15585.75
1036	15609.40
1037	15603.84
1038	15573.69
1039	15527.23
1040	15473.33
1041	15420.85
1042	15378.67
1043	15355.34
1044	15357.51
1045	15388.01
1046	15447.47
1047	15536.11
1048	15654.13
1049	15801.74
1050	15979.13
1051	16186.45
1052	16423.74
1053	16690.94
1054	16987.96
1055	17314.76
1056	17671.25
1057	18057.19
1058	18470.78
1059	18905.81
1060	19352.35
1061	19799.49
1062	20236.26
1063	20651.66
1064	21034.90
1065	21377.35
1066	21677.37
1067	21940.25
1068	22173.42
1069	22384.47
1070	22581.02
1071	22770.57
1072	22959.28
1073	23148.44
1074	23333.76
1075	23509.01
1076	23667.79
1077	23803.69
1078	23910.31
1079	23981.73
1080	24013.83
1081	24004.82
1082	23953.85
1083	23860.13
1084	23722.89
1085	23541.39
1086	23315.17
1087	23045.21
1088	22734.44
1089	22386.64
1090	22005.68
1091	21595.43
1092	21159.80
1093	20703.01
1094	20230.87
1095	19751.60
1096	19274.49
1097	18808.97
1098	18364.51
1099	17950.48
1100	17575.36
1101	17243.03
1102	16949.94
1103	16689.11
1104	16453.06
1105	16234.27
1106	16025.28
1107	15819.07
1108	15611.08
1109	15400.82
1110	15189.71
1111	14979.47
1112	14771.86
1113	14568.59
1114	14371.00
1115	14178.48
1116	13987.14
1117	13791.51
1118	13585.87
1119	13364.51
1120	13121.72
1121	12852.55
1122	12555.61
1123	12235.58
1124	11899.97
1125	11556.72
1126	11213.82
1127	10879.20
1128	10560.30
1129	10262.09
1130	9985.53
1131	9729.76
1132	9493.64
1133	9276.02
1134	9075.76
1135	8891.79
1136	8723.44
1137	8570.64
1138	8433.58
1139	8312.47
1140	8207.54
1141	8119.00
1142	8046.72
1143	7989.16
1144	7942.72
1145	7903.00
1146	7865.49
1147	7825.68
1148	7779.08
1149	7722.11
1150	7654.56
1151	7580.63
1152	7506.16
1153	7437.17
1154	7379.69
1155	7339.68
1156	7321.89
1157	7326.93
1158	7350.61
1159	7387.12
1160	7430.52
1161	7474.83
1162	7514.18
1163	7543.60
1164	7561.03
1165	7567.28
1166	7564.04
1167	7553.04
1168	7536.03
1169	7514.76
1170	7490.88
1171	7465.81
1172	7440.78
1173	7416.96
1174	7395.54
1175	7377.68
1176	7364.53
1177	7357.00
1178	7355.42
1179	7359.78
1180	7369.94
1181	7385.78
1182	7407.17
1183	7433.94
1184	7465.64
1185	7501.31
1186	7539.68
1187	7579.44
1188	7619.25
1189	7657.80
1190	7693.83
1191	7726.35
1192	7754.85
1193	7778.99
1194	7798.49
1195	7813.06
1196	7822.41
1197	7826.52
1198	7826.28
1199	7823.75
1200	7821.39
1201	7821.74
1202	7827.31
1203	7840.58
1204	7863.54
1205	7896.63
1206	7938.88
1207	7988.87
1208	8045.18
1209	8106.36
1210	8171.03
1211	8238.06
1212	8307.06
1213	8378.09
1214	8451.34
1215	8527.00
1216	8605.25
1217	8686.28
1218	8770.22
1219	8857.12
1220	8947.00
1221	9039.86
1222	9135.71
1223	9234.54
1224	9336.42
1225	9441.59
1226	9550.56
1227	9663.90
1228	9782.24
1229	9906.17
1230	10036.34
1231	10173.84
1232	10321.09
1233	10481.69
1234	10659.56
1235	10858.67
1236	11082.98
1237	11336.25
1238	11621.15
1239	11937.86
1240	12285.06
1241	12661.13
1242	13064.45
1243	13493.40
1244	13946.91
1245	14426.24
1246	14936.11
1247	15482.71
1248	16072.42
1249	16711.62
1250	17406.43
1251	18159.89
1252	18965.49
1253	19807.59
1254	20667.83
1255	21527.65
1256	22368.48
1257	23172.29
1258	23924.24
1259	24616.56
1260	25245.70
1261	25808.96
1262	26303.69
1263	26727.23
1264	27076.84
1265	27349.34
1266	27540.99
1267	27647.83
1268	27665.88
1269	27591.15
1270	27420.04
1271	27152.61
1272	26799.11
1273	26378.21
1274	25910.86
1275	25418.11
1276	24920.99
1277	24439.38
1278	23987.09
1279	23567.05
1280	23176.77
1281	22812.86
1282	22471.89
1283	22150.64
1284	21848.47
1285	21573.33
1286	21342.10
1287	21174.56
1288	21090.70
1289	21110.47
1290	21252.50
1291	21526.87
1292	21925.60
1293	22430.12
1294	23019.70
1295	23673.53
1296	24370.75
1297	25089.55
1298	25804.67
1299	26486.66
1300	27104.62
1301	27627.46
1302	28024.17
1303	28265.04
1304	28329.62
1305	28218.73
1306	27946.83
1307	27531.41
1308	26990.05
1309	26340.40
1310	25600.65
1311	24791.14
1312	23934.91
1313	23056.02
1314	22178.60
1315	21326.79
1316	20523.68
1317	19785.11
1318	19110.27
1319	18487.54
1320	17902.94
1321	17342.39
1322	16791.93
1323	16239.37
1324	15679.25
1325	15114.27
1326	14549.99
1327	13992.30
1328	13447.11
1329	12920.11
1330	12415.77
1331	11935.90
1332	11480.74
1333	11050.23
1334	10644.26
1335	10262.76
1336	9905.88
1337	9574.50
1338	9270.32
1339	8995.25
1340	8751.27
1341	8540.31
1342	8363.89
1343	8221.20
1344	8107.19
1345	8014.63
1346	7935.94
1347	7863.52
1348	7789.97
1349	7709.62
1350	7621.89
1351	7530.49
1352	7440.29
1353	7356.24
1354	7283.26
1355	7225.53
1356	7184.09
1357	7155.55
1358	7134.68
1359	7116.03
1360	7094.17
1361	7063.95
1362	7022.45
1363	6971.63
1364	6916.49
1365	6862.67
1366	6815.86
1367	6781.57
1368	6763.34
1369	6758.33
1370	6757.39
1371	6749.38
1372	6723.03
1373	6667.14
1374	6572.12
1375	6435.84
1376	6267.73
1377	6082.26
1378	5894.64
1379	5720.06
1380	5573.05
1381	5463.46
1382	5390.55
1383	5346.81
1384	5323.29
1385	5310.94
1386	5300.91
1387	5286.28
1388	5266.14
1389	5245.27
1390	5230.20
1391	5227.54
1392	5243.88
1393	5284.89
1394	5352.46
1395	5443.20
1396	5551.60
1397	5671.92
1398	5798.41
1399	5925.46
1400	6048.37
1401	6164.17
1402	6270.80
1403	6366.40
1404	6449.12
1405	6517.32
1406	6571.35
1407	6616.57
1408	6662.07
1409	6717.86
1410	6793.97
1411	6900.32
1412	7045.33
1413	7232.42
1414	7460.03
1415	7725.02
1416	8024.13
1417	8354.15
1418	8712.68
1419	9100.72
1420	9523.85
1421	9989.40
1422	10504.95
1423	11078.10
1424	11717.14
1425	12434.05
1426	13247.15
1427	14177.82
1428	15247.96
1429	16479.39
1430	17891.46
1431	19487.32
1432	21235.09
1433	23081.76
1434	24970.02
1435	26842.36
1436	28641.95
1437	30317.50
1438	31832.09
1439	33159.56
1440	34276.38
1441	35159.21
1442	35785.44
1443	36140.80
1444	36235.95
1445	36104.34
1446	35785.95
1447	35321.24
1448	34750.48
1449	34111.10
1450	33430.81
1451	32726.77
1452	32012.64
1453	31301.77
1454	30607.35
1455	29939.80
1456	29298.94
1457	28671.15
1458	28037.79
1459	27379.69
1460	26677.80
1461	25915.45
1462	25086.40
1463	24199.35
1464	23269.18
1465	22311.53
1466	21342.06
1467	20375.72
1468	19424.14
1469	18493.68
1470	17588.29
1471	16711.61
1472	15867.23
1473	15058.60
1474	14288.37
1475	13557.81
1476	12867.52
1477	12218.00
1478	11609.72
1479	11042.93
1480	10516.61
1481	10027.43
1482	9570.84
1483	9142.14
1484	8736.59
1485	8349.89
1486	7980.02
1487	7629.34
1488	7302.50
1489	7004.56
1490	6740.55
1491	6514.89
1492	6328.18
1493	6173.78
1494	6041.15
1495	5919.05
1496	5796.26
1497	5662.30
1498	5511.08
1499	5344.85
1500	5170.35
1501	4995.10
1502	4826.65
1503	4672.08
1504	4536.05
1505	4418.63
1506	4317.54
1507	4230.06
1508	4153.46
1509	4084.98
1510	4021.68
1511	3960.29
1512	3897.39
1513	3829.54
1514	3753.30
1515	3665.76
1516	3566.54
1517	3459.47
1518	3350.34
1519	3245.25
1520	3150.27
1521	3070.91
1522	3010.09
1523	2966.78
1524	2938.26
1525	2921.57
1526	2913.74
1527	2911.71
1528	2912.04
1529	2910.75
1530	2903.66
1531	2886.56
1532	2855.35
1533	2807.04
1534	2742.92
1535	2669.23
1536	2593.97
1537	2525.34
1538	2471.35
1539	2438.30
1540	2426.82
1541	2431.93
1542	2446.90
1543	2464.86
1544	2479.10
1545	2484.35
1546	2479.42
1547	2466.48
1548	2448.59
1549	2428.87
1550	2410.38
1551	2395.49
1552	2385.11
1553	2379.10
1554	2377.09
1555	2378.70
1556	2383.49
1557	2390.62
1558	2398.46
1559	2404.97
1560	2408.02
1561	2405.50
1562	2395.53
1563	2377.33
1564	2351.74
1565	2320.37
1566	2284.89
1567	2247.01
1568	2208.52
1569	2171.58
1570	2138.79
1571	2112.86
1572	2096.55
1573	2092.51
1574	2102.40
1575	2125.07
1576	2156.92
1577	2193.66
1578	2230.96
1579	2264.68
1580	2291.96
1581	2312.81
1582	2329.02
1583	2342.81
1584	2356.36
1585	2371.53
1586	2388.45
1587	2404.44
1588	2415.51
1589	2417.47
1590	2406.23
1591	2379.09
1592	2338.32
1593	2291.97
1594	2250.09
1595	2222.87
1596	2220.18
1597	2248.58
1598	2305.91
1599	2383.21
1600	2469.76
1601	2554.78
1602	2628.20
1603	2683.90
1604	2723.33
1605	2751.85
1606	2775.53
1607	2800.45
1608	2832.29
1609	2875.18
1610	2931.29
1611	3002.11
1612	3089.04
1613	3193.42
1614	3316.05
1615	3456.30
1616	3612.36
1617	3782.15
1618	3963.60
1619	4154.84
1620	4355.32
1621	4566.76
1622	4792.05
1623	5034.27
1624	5296.53
1625	5582.10
1626	5894.90
1627	6239.53
1628	6620.82
1629	7043.64
1630	7512.58
1631	8030.62
1632	8596.82
1633	9207.78
1634	9859.49
1635	10548.05
1636	11271.45
1637	12035.67
1638	12857.96
1639	13760.08
1640	14764.36
1641	15892.95
1642	17165.93
1643	18597.88
1644	20199.00
1645	21978.36
1646	23944.73
1647	26102.15
1648	28431.82
1649	30877.68
1650	33366.64
1651	35823.06
1652	38170.98
1653	40331.92
1654	42220.03
1655	43742.94
1656	44806.43
1657	45316.60
1658	45189.30
1659	44390.35
1660	42972.12
1661	41028.62
1662	38660.54
1663	35968.81
1664	33054.14
1665	30016.72
1666	26956.17
1667	23971.98
1668	21163.30
1669	18621.90
1670	16402.70
1671	14498.48
1672	12872.75
1673	11484.53
1674	10293.08
1675	9262.02
1676	8367.20
1677	7594.74
1678	6933.54
1679	6372.67
1680	5901.03
1681	5506.85
1682	5177.28
1683	4899.03
1684	4658.77
1685	4443.41
1686	4241.98
1687	4048.78
1688	3861.81
1689	3680.00
1690	3502.33
1691	3328.65
1692	3161.90
1693	3008.83
1694	2877.59
1695	2776.43
1696	2712.77
1697	2689.04
1698	2697.54
1699	2724.92
1700	2756.78
1701	2778.94
1702	2780.23
1703	2758.51
1704	2719.82
1705	2672.59
1706	2625.38
1707	2586.08
1708	2559.71
1709	2547.10
1710	2547.32
1711	2559.20
1712	2581.66
1713	2614.08
1714	2656.91
1715	2711.26
1716	2778.40
1717	2859.51
1718	2955.05
1719	3063.26
1720	3180.21
1721	3301.37
1722	3422.20
1723	3539.50
1724	3655.71
1725	3781.33
1726	3930.12
1727	4116.21
1728	4352.59
1729	4644.97
1730	4984.29
1731	5353.11
1732	5732.39
1733	6103.41
1734	6451.25
1735	6771.26
1736	7067.11
1737	7344.67
1738	7609.78
1739	7866.52
1740	8112.56
1741	8338.35
1742	8531.86
1743	8680.87
1744	8773.89
1745	8802.87
1746	8765.09
1747	8660.15
1748	8488.00
1749	8248.98
1750	7945.64
1751	7585.06
1752	7176.91
1753	6731.33
1754	6258.59
1755	5769.78
1756	5278.03
1757	4798.01
1758	4344.74
1759	3933.01
1760	3574.53
1761	3271.64
1762	3017.81
1763	2803.88
1764	2620.55
1765	2459.32
1766	2314.64
1767	2184.46
1768	2067.94
1769	1964.38
1770	1873.01
1771	1792.76
1772	1722.11
1773	1659.36
1774	1602.81
1775	1550.90
1776	1502.93
1777	1459.62
1778	1422.39
1779	1392.77
1780	1372.15
1781	1361.07
1782	1358.45
1783	1362.26
1784	1370.31
1785	1380.40
1786	1390.47
1787	1398.68
1788	1403.37
1789	1402.91
1790	1395.78
1791	1381.52
1792	1362.21
1793	1341.70
1794	1324.25
1795	1314.01
1796	1313.84
1797	1323.20
1798	1338.95
1799	1357.29
1800	1374.40
1801	1386.69
1802	1391.19
1803	1385.43
1804	1367.11
1805	1334.12
1806	1286.52
1807	1230.56
1808	1177.82
1809	1141.36
1810	1133.90
1811	1163.60
1812	1225.25
1813	1301.82
1814	1372.97
1815	1418.63
1816	1423.73
1817	1388.00
1818	1324.20
1819	1248.79
1820	1178.19
1821	1125.98
1822	1097.52
1823	1091.07
1824	1102.91
1825	1129.17
1826	1165.90
1827	1208.90
1828	1253.75
1829	1295.98
1830	1331.21
1831	1355.65
1832	1367.21
1833	1365.06
1834	1348.75
1835	1318.00
1836	1274.11
1837	1222.21
1838	1170.18
1839	1126.49
1840	1099.16
1841	1092.73
1842	1103.92
1843	1124.44
1844	1144.97
1845	1156.72
1846	1154.36
1847	1139.54
1848	1117.85
1849	1095.56
1850	1078.52
1851	1070.04
1852	1069.05
1853	1072.32
1854	1076.32
1855	1077.95
1856	1076.20
1857	1073.05
1858	1071.77
1859	1075.72
1860	1087.40
1861	1106.00
1862	1126.72
1863	1143.37
1864	1149.74
1865	1141.57
1866	1120.56
1867	1094.19
1868	1071.62
1869	1061.82
1870	1070.48
1871	1094.95
1872	1126.28
1873	1154.01
1874	1168.28
1875	1163.60
1876	1143.53
1877	1116.87
1878	1093.37
1879	1081.76
1880	1085.70
1881	1100.78
1882	1118.97
1883	1131.85
1884	1132.60
1885	1120.23
1886	1100.59
1887	1081.90
1888	1072.34
1889	1077.66
1890	1096.72
1891	1122.68
1892	1147.19
1893	1162.25
1894	1162.76
1895	1149.62
1896	1127.26
1897	1100.78
1898	1075.10
1899	1054.12
1900	1040.28
1901	1035.37
1902	1041.07
1903	1058.26
1904	1085.42
1905	1118.61
1906	1153.19
1907	1184.63
1908	1209.70
1909	1228.04
1910	1241.18
1911	1251.05
1912	1259.34
1913	1266.76
1914	1272.44
1915	1274.86
1916	1272.42
1917	1263.83
1918	1248.66
1919	1227.31
1920	1200.46
1921	1168.94
1922	1134.58
1923	1101.28
1924	1074.12
1925	1058.38
1926	1058.23
1927	1073.50
1928	1098.49
1929	1125.43
1930	1146.51
1931	1155.37
1932	1149.54
1933	1129.40
1934	1096.07
1935	1051.28
1936	999.40
1937	948.94
1938	910.29
1939	893.75
1940	906.45
1941	946.07
1942	1002.01
1943	1061.37
1944	1111.96
1945	1146.10
1946	1164.12
1947	1170.26
1948	1169.36
1949	1165.52
1950	1160.59
1951	1154.25
1952	1145.53
1953	1133.61
1954	1118.58
1955	1102.28
1956	1087.38
1957	1076.65
1958	1071.91
1959	1072.15
1960	1073.71
1961	1072.17
1962	1063.74
1963	1048.12
1964	1031.08
1965	1021.25
1966	1027.41
1967	1055.04
1968	1100.27
1969	1151.35
1970	1194.47
1971	1217.38
1972	1215.27
1973	1194.54
1974	1166.26
1975	1141.76
1976	1129.14
1977	1128.64
1978	1135.05
1979	1141.92
1980	1143.33
1981	1135.53
1982	1117.32
1983	1088.40
1984	1049.04
1985	1002.08
1986	955.35
1987	919.27
1988	904.41
1989	917.91
1990	957.19
1991	1011.43
1992	1067.64
1993	1114.02
1994	1144.02
1995	1158.16
1996	1159.70
1997	1152.02
1998	1137.16
1999	1114.52
2000	1081.98
2001	1037.42
2002	981.17
2003	920.54
2004	868.71
2005	840.30
2006	847.18
2007	890.51
2008	958.10
2009	1032.91
2010	1098.31
2011	1142.36
2012	1161.60
2013	1156.76
2014	1129.51
2015	1083.50
2016	1027.17
2017	972.13
2018	930.57
2019	912.24
2020	919.45
2021	947.46
2022	989.43
2023	1037.97
2024	1084.05
2025	1116.60
2026	1123.90
2027	1096.33
2028	1035.07
2029	959.44
2030	897.06
2031	874.73
2032	905.78
2033	975.04
2034	1050.72
2035	1099.05
2036	1096.95
2037	1049.04
2038	980.20
2039	919.73
2040	891.30
2041	900.99
2042	938.95
2043	990.81
2044	1043.05
2045	1086.30
2046	1115.68
2047	1127.83
2048	1120.24
2049	1093.14
2050	1050.30
2051	996.83
2052	938.44
2053	882.73
2054	840.11
2055	822.11
2056	838.59
2057	890.39
2058	963.26
2059	1035.98
2060	1088.28
2061	1110.55
2062	1112.91
2063	1115.36
2064	1137.47
2065	1186.54
2066	1245.59
2067	1284.61
2068	1273.84
2069	1199.87
2070	1083.01
2071	962.70
2072	879.68
2073	859.45
2074	895.22
2075	961.22
2076	1029.13
2077	1077.78
2078	1101.62
2079	1104.27
2080	1091.37
2081	1069.56
2082	1047.43
2083	1034.67
2084	1040.15
2085	1066.64
2086	1104.41
2087	1136.84
2088	1147.58
2089	1129.49
2090	1093.25
2091	1058.88
2092	1045.91
2093	1062.34
2094	1095.51
2095	1122.67
2096	1122.50
2097	1088.16
2098	1036.38
2099	994.31
2100	986.53
2101	1020.04
2102	1076.81
2103	1128.85
2104	1151.56
2105	1137.77
2106	1101.82
2107	1065.49
2108	1047.17
2109	1051.34
2110	1068.20
2111	1083.69
2112	1086.87
2113	1076.56
2114	1059.87
2115	1045.76
2116	1040.45
2117	1043.15
2118	1048.35
2119	1050.10
2120	1046.19
2121	1041.85
2122	1046.25
2123	1067.47
2124	1105.36
2125	1147.09
2126	1174.63
2127	1173.27
2128	1142.91
2129	1100.32
2130	1067.50
2131	1061.01
2132	1080.48
2133	1111.23
2134	1135.76
2135	1143.90
2136	1141.88
2137	1145.83
2138	1171.26
2139	1221.07
2140	1278.03
2141	1316.36
2142	1314.66
2143	1271.09
2144	1205.20
2145	1142.86
2146	1104.25
2147	1093.39
2148	1102.52
2149	1121.78
2150	1145.16
2151	1173.78
2152	1212.06
2153	1262.37
2154	1317.52
2155	1359.35
2156	1366.99
2157	1327.83
2158	1250.87
2159	1160.64
2160	1083.37
2161	1035.74
2162	1018.39
2163	1024.56
2164	1045.33
2165	1068.53
2166	1078.85
2167	1061.46
2168	1010.94
2169	941.72
2170	879.52
2171	848.57
2172	858.78
2173	902.18
2174	964.13
2175	1028.24
2176	1075.42
2177	1085.04
2178	1041.32
2179	950.91
2180	852.10
2181	794.04
2182	810.18
2183	888.84
2184	984.40
2185	1048.37
2186	1056.51
2187	1021.16
2188	969.39
2189	925.21
2190	899.36
2191	892.47
2192	902.17
2193	923.66
2194	949.04
2195	969.29
2196	976.69
2197	967.03
2198	938.61
2199	892.31
2200	836.53
2201	788.88
2202	768.69
2203	785.16
2204	825.70
2205	865.52
2206	882.84
2207	873.31
2208	849.76
2209	828.79
2210	820.33
2211	822.80
2212	829.63
2213	835.86
2214	842.40
2215	854.31
2216	875.75
2217	904.30
2218	929.98
2219	940.98
2220	929.32
2221	894.15
2222	838.64
2223	770.63
2224	708.39
2225	677.10
2226	695.33
2227	752.86
2228	808.68
2229	818.51
2230	769.66
2231	700.06
2232	666.12
2233	701.81
2234	785.94
2235	865.54
2236	895.65
2237	872.50
2238	826.47
2239	792.03
2240	785.60
2241	802.54
2242	830.83
2243	857.21
2244	867.57
2245	849.44
2246	801.59
2247	744.62
2248	709.21
2249	716.82
2250	762.27
2251	822.74
2252	873.54
2253	895.89
2254	876.66
2255	811.99
2256	723.85
2257	659.47
2258	662.96
2259	737.58
2260	837.17
2261	905.50
2262	916.44
2263	888.07
2264	853.36
2265	834.13
2266	831.22
2267	836.35
2268	841.10
2269	838.98
2270	825.63
2271	803.07
2272	785.03
2273	789.47
2274	824.65
2275	877.50
2276	924.22
2277	944.72
2278	930.85
2279	882.57
2280	809.46
2281	738.16
2282	701.89
2283	715.44
2284	752.12
2285	765.65
2286	729.88
2287	667.69
2288	625.93
2289	637.54
2290	699.40
2291	788.86
2292	877.70
2293	933.83
2294	929.16
2295	863.51
2296	782.03
2297	741.99
2298	766.76
2299	827.09
2300	878.50
2301	898.72
2302	896.38
2303	887.70
2304	877.24
2305	856.64
2306	819.36
2307	776.58
2308	753.65
2309	767.33
2310	802.76
2311	825.34
2312	812.86
2313	778.77
2314	753.84
2315	758.53
2316	790.71
2317	838.72
2318	891.95
2319	942.72
2320	982.19
2321	994.94
2322	962.31
2323	884.73
2324	810.17
2325	807.02
2326	895.25
2327	1002.10
2328	1030.71
2329	953.12
2330	829.37
2331	733.83
2332	696.52
2333	709.38
2334	753.88
2335	809.95
2336	857.84
2337	881.19
2338	869.09
2339	822.62
2340	770.92
2341	759.02
2342	801.35
2343	847.26
2344	832.85
2345	760.33
2346	706.53
2347	733.65
2348	809.73
2349	851.87
2350	818.93
2351	746.79
2352	687.61
2353	654.72
2354	631.09
2355	609.27
2356	610.35
2357	655.60
2358	728.44
2359	781.89
2360	784.36
2361	747.11
2362	699.43
2363	664.88
2364	657.91
2365	684.29
2366	738.41
2367	803.76
2368	846.92
2369	831.17
2370	762.48
2371	710.85
2372	737.74
2373	817.32
2374	875.94
2375	886.27
2376	888.66
2377	917.29
2378	946.39
2379	933.63
2380	884.14
2381	843.09
2382	835.91
2383	842.85
2384	833.98
2385	796.79
2386	735.35
2387	670.87
2388	634.05
2389	641.32
2390	683.22
2391	733.36
2392	752.79
2393	719.97
2394	676.84
2395	692.12
2396	764.11
2397	816.27
2398	810.09
2399	796.29
2400	815.05
2401	814.96
2402	737.55
2403	629.19
2404	584.66
2405	620.15
2406	676.05
2407	705.34
2408	703.11
2409	687.57
2410	686.02
2411	707.04
2412	724.09
2413	710.15
2414	667.83
2415	616.79
2416	580.05
2417	576.32
2418	611.97
2419	678.91
2420	751.04
2421	796.46
2422	798.60
2423	768.13
2424	754.84
2425	799.12
2426	841.22
2427	788.53
2428	681.49
2429	634.27
2430	646.27
2431	637.81
2432	600.74
2433	587.73
2434	628.46
2435	706.19
2436	759.22
2437	739.46
2438	677.00
2439	625.41
2440	598.23
2441	587.99
2442	593.63
2443	631.58
2444	711.65
2445	761.26
2446	697.48
2447	654.79
2448	808.36
2449	979.83
2450	968.60
