150	4103.50
151	4103.32
152	4104.63
153	4108.15
154	4113.92
155	4121.67
156	4131.06
157	4141.73
158	4153.32
159	4165.47
160	4177.83
161	4190.03
162	4201.71
163	4212.45
164	4221.79
165	4229.26
166	4234.36
167	4236.62
168	4235.54
169	4230.66
170	4221.49
171	4207.71
172	4189.61
173	4168.18
174	4144.72
175	4120.53
176	4096.93
177	4075.22
178	4056.73
179	4042.76
180	4034.51
181	4032.82
182	4038.08
183	4050.49
184	4070.24
185	4097.52
186	4132.54
187	4175.48
188	4226.52
189	4285.65
190	4352.19
191	4424.63
192	4501.15
193	4579.94
194	4659.16
195	4736.99
196	4811.58
197	4881.12
198	4943.94
199	4998.89
200	5045.42
201	5083.17
202	5111.81
203	5131.00
204	5140.41
205	5139.70
206	5128.57
207	5107.10
208	5076.68
209	5040.03
210	5000.31
211	4960.72
212	4924.44
213	4894.68
214	4874.64
215	4867.42
216	4875.26
217	4897.72
218	4931.80
219	4973.75
220	5019.77
221	5066.08
222	5108.85
223	5144.31
224	5168.76
225	5179.60
226	5177.25
227	5164.67
228	5145.45
229	5123.28
230	5101.80
231	5084.68
232	5075.58
233	5078.00
234	5094.31
235	5123.96
236	5164.31
237	5212.24
238	5264.59
239	5318.21
240	5369.94
241	5416.63
242	5455.28
243	5483.89
244	5502.66
245	5513.10
246	5517.02
247	5516.22
248	5512.51
249	5507.72
250	5503.63
251	5501.96
252	5503.89
253	5509.57
254	5518.67
255	5530.76
256	5545.41
257	5562.19
258	5580.66
259	5600.40
260	5620.97
261	5641.99
262	5663.11
263	5684.01
264	5704.37
265	5723.86
266	5742.17
267	5758.98
268	5773.97
269	5786.88
270	5797.64
271	5806.41
272	5813.46
273	5819.05
274	5823.43
275	5826.88
276	5829.65
277	5832.01
278	5834.18
279	5836.27
280	5838.30
281	5840.27
282	5842.16
283	5843.95
284	5845.64
285	5847.21
286	5848.64
287	5849.82
288	5850.42
289	5849.99
290	5848.04
291	5844.05
292	5837.54
293	5828.00
294	5814.94
295	5797.95
296	5777.04
297	5753.10
298	5727.45
299	5701.48
300	5676.61
301	5654.22
302	5635.73
303	5622.51
304	5615.73
305	5615.54
306	5620.68
307	5629.37
308	5639.72
309	5649.87
310	5657.94
311	5662.07
312	5660.41
313	5651.67
314	5636.14
315	5615.75
316	5592.94
317	5570.14
318	5549.82
319	5534.44
320	5526.46
321	5528.19
322	5540.95
323	5563.66
324	5593.59
325	5627.64
326	5662.69
327	5695.64
328	5723.34
329	5742.72
330	5751.00
331	5747.19
332	5733.30
333	5712.74
334	5689.17
335	5666.23
336	5647.58
337	5636.88
338	5637.73
339	5652.98
340	5682.80
341	5724.34
342	5773.70
343	5826.87
344	5879.86
345	5928.67
346	5969.29
347	5997.86
348	6011.59
349	6010.40
350	5996.22
351	5971.48
352	5938.60
353	5900.04
354	5858.24
355	5815.63
356	5774.50
357	5736.45
358	5701.82
359	5670.39
360	5641.84
361	5615.83
362	5592.06
363	5570.19
364	5549.90
365	5530.98
366	5513.52
367	5497.97
368	5484.89
369	5474.86
370	5468.44
371	5466.21
372	5468.74
373	5476.55
374	5489.80
375	5507.87
376	5529.59
377	5553.69
378	5578.89
379	5603.93
380	5627.51
381	5648.38
382	5665.43
383	5678.25
384	5687.47
385	5694.09
386	5699.19
387	5703.83
388	5709.10
389	5716.05
390	5725.73
391	5738.92
392	5755.63
393	5775.26
394	5797.04
395	5820.19
396	5843.94
397	5867.51
398	5890.12
399	5911.00
400	5929.46
401	5944.88
402	5956.73
403	5964.45
404	5967.50
405	5965.34
406	5957.43
407	5943.25
408	5922.60
409	5896.31
410	5866.13
411	5834.13
412	5802.39
413	5773.00
414	5748.02
415	5729.54
416	5719.49
417	5718.92
418	5727.24
419	5743.01
420	5764.61
421	5790.44
422	5818.87
423	5848.30
424	5877.12
425	5903.91
426	5927.76
427	5948.33
428	5965.45
429	5978.97
430	5988.74
431	5994.60
432	5996.40
433	5994.07
434	5987.92
435	5979.10
436	5969.16
437	5959.72
438	5952.43
439	5948.92
440	5950.82
441	5959.74
442	5976.77
443	6001.48
444	6031.87
445	6065.46
446	6099.73
447	6132.17
448	6160.25
449	6181.48
450	6193.55
451	6195.28
452	6187.54
453	6172.22
454	6151.38
455	6127.09
456	6101.42
457	6076.45
458	6054.20
459	6036.39
460	6023.68
461	6015.90
462	6012.58
463	6013.25
464	6017.44
465	6024.69
466	6034.52
467	6046.51
468	6060.46
469	6076.51
470	6094.94
471	6116.06
472	6140.17
473	6167.58
474	6198.59
475	6233.48
476	6272.15
477	6313.60
478	6356.23
479	6398.24
480	6437.84
481	6473.24
482	6502.65
483	6524.29
484	6536.69
485	6539.40
486	6533.31
487	6519.77
488	6500.17
489	6475.92
490	6448.39
491	6419.01
492	6389.13
493	6359.99
494	6332.58
495	6307.73
496	6286.23
497	6268.91
498	6256.54
499	6249.96
500	6249.90
501	6256.77
502	6269.80
503	6287.28
504	6307.22
505	6327.61
506	6346.43
507	6361.68
508	6371.37
509	6373.82
510	6368.67
511	6357.35
512	6342.00
513	6324.88
514	6308.20
515	6294.20
516	6285.11
517	6283.01
518	6289.00
519	6302.20
520	6320.59
521	6341.92
522	6363.95
523	6384.43
524	6401.11
525	6411.79
526	6414.79
527	6409.85
528	6397.99
529	6380.52
530	6358.80
531	6334.19
532	6308.04
533	6281.69
534	6256.31
535	6232.30
536	6209.16
537	6186.04
538	6162.07
539	6136.35
540	6107.99
541	6076.13
542	6040.00
543	5999.50
544	5955.71
545	5910.31
546	5865.06
547	5821.73
548	5782.09
549	5747.91
550	5720.89
551	5702.14
552	5691.36
553	5687.31
554	5688.53
555	5693.53
556	5700.85
557	5708.99
558	5716.52
559	5722.28
560	5726.08
561	5728.59
562	5730.77
563	5733.58
564	5738.00
565	5745.00
566	5755.53
567	5770.38
568	5789.68
569	5812.66
570	5838.27
571	5865.41
572	5892.98
573	5919.87
574	5945.00
575	5967.42
576	5987.00
577	6004.91
578	6022.95
579	6043.01
580	6066.98
581	6096.76
582	6134.24
583	6181.14
584	6238.29
585	6304.52
586	6377.55
587	6454.83
588	6533.85
589	6612.06
590	6686.92
591	6755.98
592	6817.20
593	6869.79
594	6913.78
595	6949.44
596	6977.05
597	6996.87
598	7009.18
599	7014.26
600	7012.44
601	7004.20
602	6990.19
603	6971.06
604	6947.50
605	6920.18
606	6889.78
607	6856.95
608	6822.29
609	6786.07
610	6748.24
611	6708.63
612	6667.09
613	6623.44
614	6577.51
615	6529.14
616	6478.27
617	6425.27
618	6371.07
619	6316.80
620	6263.60
621	6212.62
622	6165.02
623	6121.94
624	6084.40
625	6052.93
626	6027.30
627	6006.97
628	5991.35
629	5979.85
630	5971.90
631	5966.90
632	5964.23
633	5963.14
634	5962.63
635	5961.59
636	5958.91
637	5953.46
638	5944.12
639	5929.77
640	5909.46
641	5883.06
642	5851.96
643	5818.32
644	5784.41
645	5752.53
646	5724.97
647	5703.99
648	5691.71
649	5689.14
650	5695.27
651	5707.95
652	5724.86
653	5743.63
654	5761.93
655	5777.40
656	5787.87
657	5792.00
658	5790.27
659	5784.15
660	5775.32
661	5765.46
662	5756.24
663	5749.34
664	5746.35
665	5748.24
666	5754.75
667	5764.89
668	5777.53
669	5791.54
670	5805.76
671	5819.08
672	5830.44
673	5839.44
674	5846.92
675	5854.50
676	5863.94
677	5877.00
678	5895.47
679	5921.09
680	5955.50
681	5999.49
682	6052.15
683	6111.56
684	6175.60
685	6242.15
686	6309.09
687	6374.31
688	6435.86
689	6492.87
690	6546.57
691	6599.37
692	6653.91
693	6712.83
694	6778.80
695	6854.43
696	6942.17
697	7043.25
698	7156.60
699	7279.99
700	7410.93
701	7546.95
702	7685.58
703	7824.33
704	7960.86
705	8093.54
706	8221.96
707	8346.34
708	8466.97
709	8584.16
710	8698.24
711	8809.49
712	8918.18
713	9024.24
714	9127.14
715	9226.13
716	9320.42
717	9409.23
718	9491.78
719	9567.28
720	9634.97
721	9694.18
722	9744.36
723	9785.03
724	9815.70
725	9835.88
726	9845.08
727	9842.85
728	9828.88
729	9803.59
730	9768.25
731	9724.43
732	9673.75
733	9617.82
734	9558.25
735	9496.64
736	9434.53
737	9373.18
738	9313.61
739	9256.76
740	9203.54
741	9154.88
742	9111.70
743	9074.91
744	9045.26
745	9023.08
746	9008.31
747	9000.82
748	9000.44
749	9007.03
750	9020.43
751	9040.48
752	9066.95
753	9099.44
754	9137.45
755	9180.45
756	9227.91
757	9279.29
758	9334.05
759	9391.59
760	9450.91
761	9510.21
762	9567.27
763	9619.76
764	9665.38
765	9701.81
766	9726.76
767	9738.25
768	9735.79
769	9721.22
770	9697.36
771	9667.19
772	9633.68
773	9599.82
774	9568.56
775	9542.50
776	9522.92
777	9509.55
778	9501.60
779	9498.21
780	9498.53
781	9501.69
782	9506.92
783	9514.14
784	9525.27
785	9543.98
786	9574.42
787	9620.79
788	9687.25
789	9777.98
790	9896.89
791	10045.96
792	10222.99
793	10423.13
794	10640.99
795	10871.14
796	11108.17
797	11346.65
798	11581.71
799	11810.82
800	12035.38
801	12258.57
802	12483.81
803	12714.56
804	12954.25
805	13206.29
806	13473.27
807	13755.03
808	14048.29
809	14348.69
810	14651.80
811	14953.15
812	15248.31
813	15533.09
814	15805.65
815	16070.15
816	16335.34
817	16611.13
818	16907.48
819	17234.36
820	17601.68
821	18018.38
822	18487.96
823	19003.94
824	19554.75
825	20127.93
826	20710.98
827	21291.42
828	21856.87
829	22396.50
830	22905.41
831	23385.76
832	23842.23
833	24279.80
834	24703.42
835	25118.04
836	25528.39
837	25937.04
838	26341.06
839	26733.30
840	27105.58
841	27449.65
842	27757.27
843	28020.23
844	28231.22
845	28387.51
846	28494.24
847	28560.40
848	28595.55
849	28609.28
850	28611.18
851	28610.79
852	28616.80
853	28635.04
854	28668.39
855	28718.77
856	28787.99
857	28877.90
858	28990.30
859	29126.71
860	29286.60
861	29464.93
862	29653.81
863	29844.82
864	30029.44
865	30199.21
866	30345.69
867	30461.18
868	30541.02
869	30584.58
870	30592.79
871	30566.77
872	30507.62
873	30416.46
874	30294.49
875	30143.57
876	29967.23
877	29770.30
878	29557.92
879	29335.22
880	29107.38
881	28879.48
882	28655.97
883	28438.02
884	28221.87
885	28001.62
886	27771.06
887	27523.96
888	27254.11
889	26955.64
890	26625.90
891	26271.25
892	25905.56
893	25544.72
894	25204.73
895	24901.60
896	24651.25
897	24467.87
898	24357.24
899	24311.50
900	24316.58
901	24357.45
902	24419.09
903	24486.46
904	24544.79
905	24582.09
906	24594.04
907	24582.85
908	24552.50
909	24507.07
910	24450.64
911	24387.27
912	24320.62
913	24252.48
914	24181.65
915	24105.62
916	24021.68
917	23927.12
918	23819.24
919	23695.49
920	23554.59
921	23398.72
922	23232.74
923	23062.19
924	22892.66
925	22729.73
926	22578.96
927	22445.24
928	22330.79
929	22234.06
930	22151.93
931	22081.14
932	22018.40
933	21960.44
934	21904.08
935	21847.05
936	21789.16
937	21731.55
938	21675.70
939	21623.07
940	21575.16
941	21533.42
942	21498.79
943	21470.56
944	21446.04
945	21421.91
946	21394.76
947	21361.21
948	21317.86
949	21261.83
950	21192.92
951	21115.97
952	21038.47
953	20968.37
954	20913.63
955	20882.21
956	20881.84
957	20917.97
958	20989.60
959	21090.32
960	21212.26
961	21347.45
962	21487.94
963	21625.74
964	21753.05
965	21862.63
966	21948.07
967	22003.21
968	22021.98
969	21998.29
970	21926.08
971	21799.74
972	21616.60
973	21380.01
974	21096.79
975	20774.43
976	20420.47
977	20042.42
978	19647.79
979	19243.88
980	18837.42
981	18434.64
982	18041.64
983	17664.50
984	17309.29
985	16982.05
986	16688.23
987	16430.80
988	16209.51
989	16022.90
990	15869.34
991	15747.19
992	15654.85
993	15590.77
994	15553.87
995	15543.95
996	15561.29
997	15606.23
998	15679.13
999	15780.35
1000	15910.09
1001	16067.51
1002	16248.95
1003	16448.71
1004	16660.57
1005	16878.26
1006	17095.54
1007	17306.22
1008	17505.11
1009	17690.22
1010	17862.95
1011	18025.79
1012	18181.34
1013	18332.19
1014	18480.89
1015	18629.52
1016	18778.07
1017	18923.54
1018	19061.67
1019	19188.05
1020	19298.28
1021	19387.95
1022	19453.21
1023	19493.17
1024	19512.60
1025	19519.26
1026	19521.43
1027	19527.44
1028	19545.57
1029	19583.70
1030	19646.48
1031	19730.87
1032	19828.56
1033	19930.03
1034	20025.71
1035	20106.04
1036	20161.70
1037	20185.93
1038	20179.48
1039	20149.64
1040	20105.55
1041	20056.46
1042	20011.62
1043	19980.23
1044	19970.70
1045	19988.64
1046	20036.61
1047	20116.15
1048	20228.70
1049	20375.70
1050	20558.58
1051	20778.71
1052	21037.20
1053	21334.74
1054	21671.94
1055	22049.33
1056	22467.49
1057	22926.92
1058	23427.11
1059	23962.63
1060	24520.08
1061	25082.46
1062	25632.22
1063	26151.81
1064	26623.72
1065	27031.94
1066	27368.79
1067	27642.25
1068	27868.49
1069	28065.10
1070	28249.76
1071	28440.06
1072	28652.56
1073	28896.96
1074	29168.36
1075	29453.24
1076	29736.33
1077	30002.28
1078	30235.77
1079	30421.78
1080	30547.74
1081	30606.79
1082	30595.81
1083	30512.54
1084	30354.76
1085	30120.25
1086	29806.97
1087	29414.36
1088	28945.53
1089	28406.31
1090	27803.14
1091	27142.55
1092	26431.02
1093	25675.28
1094	24883.89
1095	24070.38
1096	23252.17
1097	22447.65
1098	21675.27
1099	20953.48
1100	20300.29
1101	19729.43
1102	19242.87
1103	18832.88
1104	18489.12
1105	18201.15
1106	17958.48
1107	17750.76
1108	17568.85
1109	17407.03
1110	17262.47
1111	17133.13
1112	17017.03
1113	16912.16
1114	16816.43
1115	16726.54
1116	16635.95
1117	16535.26
1118	16414.35
1119	16263.02
1120	16071.10
1121	15828.74
1122	15529.44
1123	15176.04
1124	14779.14
1125	14351.48
1126	13905.90
1127	13455.25
1128	13012.19
1129	12587.48
1130	12186.75
1131	11811.54
1132	11462.32
1133	11139.47
1134	10843.41
1135	10574.47
1136	10332.63
1137	10116.91
1138	9925.55
1139	9756.66
1140	9608.30
1141	9478.56
1142	9365.52
1143	9267.49
1144	9183.16
1145	9111.57
1146	9051.81
1147	9002.98
1148	8964.17
1149	8934.45
1150	8912.61
1151	8896.89
1152	8885.16
1153	8875.22
1154	8864.87
1155	8851.90
1156	8834.23
1157	8810.41
1158	8780.31
1159	8744.51
1160	8703.72
1161	8658.65
1162	8610.05
1163	8558.72
1164	8506.02
1165	8454.21
1166	8405.99
1167	8364.11
1168	8331.34
1169	8310.45
1170	8303.70
1171	8311.30
1172	8330.43
1173	8357.00
1174	8386.75
1175	8415.41
1176	8438.76
1177	8453.30
1178	8458.24
1179	8456.05
1180	8450.38
1181	8445.01
1182	8443.73
1183	8450.23
1184	8467.42
1185	8495.57
1186	8532.46
1187	8575.11
1188	8620.44
1189	8665.41
1190	8707.03
1191	8742.79
1192	8771.54
1193	8793.14
1194	8807.68
1195	8815.31
1196	8816.13
1197	8810.34
1198	8798.42
1199	8781.59
1200	8761.44
1201	8739.66
1202	8717.95
1203	8697.99
1204	8681.50
1205	8670.33
1206	8666.50
1207	8672.13
1208	8689.37
1209	8720.34
1210	8767.15
1211	8831.22
1212	8911.45
1213	9003.74
1214	9102.87
1215	9203.50
1216	9300.33
1217	9388.16
1218	9463.35
1219	9526.62
1220	9582.52
1221	9636.68
1222	9694.78
1223	9762.50
1224	9845.30
1225	9947.07
1226	10068.29
1227	10207.33
1228	10362.17
1229	10530.71
1230	10710.91
1231	10900.88
1232	11099.58
1233	11307.25
1234	11524.72
1235	11752.89
1236	11992.67
1237	12244.98
1238	12510.95
1239	12792.38
1240	13091.83
1241	13412.03
1242	13755.78
1243	14125.87
1244	14525.06
1245	14956.11
1246	15421.71
1247	15924.47
1248	16467.01
1249	17051.95
1250	17681.84
1251	18358.07
1252	19076.22
1253	19822.34
1254	20578.07
1255	21324.39
1256	22042.26
1257	22712.85
1258	23320.26
1259	23858.26
1260	24330.73
1261	24744.79
1262	25107.82
1263	25427.18
1264	25709.73
1265	25958.63
1266	26168.65
1267	26329.14
1268	26428.30
1269	26454.29
1270	26395.36
1271	26242.16
1272	25995.60
1273	25671.28
1274	25290.81
1275	24876.60
1276	24451.07
1277	24036.31
1278	23651.44
1279	23307.00
1280	23006.38
1281	22750.99
1282	22542.12
1283	22381.09
1284	22269.80
1285	22213.28
1286	22222.12
1287	22309.69
1288	22489.82
1289	22776.33
1290	23182.68
1291	23717.69
1292	24374.91
1293	25132.47
1294	25963.61
1295	26841.20
1296	27738.08
1297	28627.01
1298	29480.31
1299	30269.32
1300	30964.87
1301	31537.66
1302	31958.43
1303	32198.26
1304	32233.58
1305	32059.50
1306	31692.11
1307	31154.57
1308	30470.69
1309	29664.32
1310	28759.39
1311	27780.38
1312	26752.98
1313	25703.58
1314	24658.69
1315	23644.85
1316	22688.28
1317	21810.64
1318	21017.62
1319	20296.82
1320	19629.72
1321	18997.23
1322	18380.26
1323	17760.78
1324	17127.09
1325	16480.54
1326	15829.94
1327	15185.54
1328	14557.65
1329	13956.47
1330	13390.96
1331	12865.92
1332	12381.83
1333	11937.80
1334	11532.81
1335	11165.85
1336	10835.69
1337	10540.11
1338	10274.98
1339	10035.21
1340	9815.55
1341	9610.77
1342	9415.70
1343	9226.24
1344	9041.27
1345	8862.30
1346	8691.59
1347	8531.43
1348	8384.11
1349	8251.64
1350	8134.83
1351	8032.70
1352	7943.49
1353	7865.34
1354	7796.41
1355	7734.90
1356	7679.67
1357	7631.02
1358	7590.22
1359	7558.80
1360	7538.27
1361	7530.08
1362	7534.72
1363	7549.32
1364	7567.35
1365	7581.02
1366	7582.44
1367	7563.75
1368	7517.73
1369	7440.56
1370	7334.38
1371	7204.21
1372	7055.54
1373	6893.88
1374	6724.70
1375	6553.25
1376	6384.17
1377	6221.67
1378	6069.81
1379	5932.69
1380	5814.31
1381	5717.73
1382	5642.59
1383	5584.62
1384	5538.25
1385	5497.77
1386	5457.48
1387	5412.38
1388	5360.81
1389	5306.83
1390	5257.17
1391	5218.98
1392	5199.43
1393	5205.32
1394	5240.94
1395	5304.48
1396	5390.13
1397	5491.13
1398	5600.71
1399	5712.16
1400	5819.91
1401	5921.80
1402	6018.99
1403	6113.63
1404	6207.95
1405	6304.19
1406	6404.69
1407	6512.22
1408	6630.17
1409	6762.15
1410	6911.77
1411	7082.66
1412	7278.30
1413	7501.29
1414	7752.66
1415	8032.65
1416	8341.39
1417	8678.98
1418	9045.87
1419	9444.94
1420	9884.77
1421	10377.72
1422	10936.98
1423	11575.79
1424	12307.38
1425	13144.84
1426	14100.93
1427	15188.06
1428	16418.57
1429	17804.78
1430	19358.47
1431	21083.86
1432	22958.61
1433	24930.85
1434	26938.76
1435	28919.61
1436	30810.84
1437	32553.38
1438	34102.88
1439	35435.50
1440	36535.62
1441	37388.64
1442	37980.13
1443	38298.58
1444	38347.25
1445	38154.42
1446	37760.21
1447	37206.59
1448	36535.53
1449	35788.04
1450	34999.15
1451	34191.94
1452	33382.84
1453	32587.10
1454	31819.79
1455	31094.82
1456	30417.50
1457	29773.47
1458	29135.71
1459	28474.43
1460	27759.77
1461	26963.06
1462	26065.71
1463	25074.79
1464	24016.25
1465	22920.68
1466	21818.90
1467	20741.17
1468	19712.36
1469	18742.36
1470	17828.70
1471	16965.59
1472	16147.05
1473	15367.17
1474	14620.92
1475	13905.97
1476	13222.37
1477	12570.88
1478	11952.29
1479	11367.39
1480	10816.74
1481	10300.20
1482	9816.93
1483	9365.91
1484	8946.08
1485	8556.39
1486	8195.78
1487	7863.14
1488	7557.35
1489	7277.24
1490	7021.68
1491	6789.50
1492	6579.33
1493	6389.14
1494	6216.21
1495	6057.60
1496	5910.34
1497	5771.50
1498	5638.48
1499	5509.86
1500	5385.40
1501	5265.26
1502	5149.62
1503	5038.64
1504	4932.03
1505	4828.01
1506	4723.32
1507	4614.23
1508	4496.94
1509	4367.81
1510	4224.92
1511	4071.67
1512	3916.78
1513	3770.53
1514	3643.36
1515	3545.41
1516	3483.65
1517	3455.58
1518	3449.94
1519	3452.94
1520	3450.64
1521	3429.49
1522	3380.00
1523	3304.10
1524	3213.37
1525	3121.98
1526	3044.26
1527	2993.96
1528	2979.88
1529	2998.01
1530	3034.65
1531	3073.70
1532	3098.99
1533	3095.11
1534	3052.61
1535	2975.86
1536	2878.39
1537	2775.78
1538	2683.66
1539	2616.72
1540	2583.80
1541	2581.74
1542	2600.52
1543	2628.80
1544	2655.22
1545	2669.25
1546	2664.71
1547	2643.06
1548	2609.46
1549	2569.66
1550	2529.43
1551	2494.07
1552	2466.88
1553	2448.27
1554	2437.45
1555	2433.48
1556	2435.39
1557	2442.06
1558	2451.78
1559	2462.15
1560	2470.53
1561	2474.26
1562	2470.76
1563	2458.46
1564	2438.74
1565	2415.67
1566	2394.11
1567	2378.95
1568	2374.83
1569	2384.40
1570	2405.45
1571	2432.36
1572	2458.73
1573	2478.13
1574	2484.64
1575	2475.19
1576	2452.17
1577	2420.90
1578	2387.16
1579	2356.79
1580	2335.00
1581	2324.56
1582	2324.76
1583	2333.42
1584	2348.21
1585	2366.79
1586	2387.22
1587	2408.80
1588	2432.11
1589	2458.10
1590	2487.78
1591	2522.01
1592	2560.68
1593	2601.14
1594	2638.98
1595	2669.35
1596	2687.40
1597	2688.87
1598	2672.64
1599	2643.32
1600	2608.34
1601	2575.65
1602	2553.12
1603	2547.52
1604	2561.43
1605	2592.28
1606	2635.61
1607	2686.80
1608	2741.32
1609	2795.98
1610	2851.10
1611	2909.85
1612	2976.15
1613	3053.95
1614	3146.91
1615	3257.08
1616	3383.49
1617	3523.55
1618	3674.41
1619	3833.23
1620	3997.91
1621	4168.93
1622	4349.95
1623	4545.76
1624	4761.25
1625	5001.28
1626	5270.38
1627	5572.17
1628	5909.67
1629	6285.69
1630	6703.06
1631	7164.52
1632	7672.34
1633	8228.06
1634	8832.89
1635	9487.98
1636	10194.78
1637	10958.24
1638	11794.22
1639	12729.18
1640	13792.74
1641	15014.71
1642	16423.10
1643	18035.09
1644	19846.05
1645	21839.14
1646	23995.21
1647	26294.60
1648	28711.72
1649	31199.48
1650	33685.93
1651	36090.52
1652	38331.83
1653	40328.59
1654	42000.54
1655	43269.70
1656	44059.54
1657	44293.87
1658	43897.65
1659	42815.19
1660	41065.84
1661	38764.02
1662	36059.43
1663	33105.56
1664	30053.21
1665	27032.34
1666	24124.07
1667	21377.08
1668	18832.78
1669	16531.90
1670	14509.07
1671	12775.31
1672	11311.75
1673	10088.36
1674	9073.93
1675	8237.40
1676	7549.32
1677	6983.81
1678	6517.28
1679	6126.63
1680	5788.96
1681	5483.68
1682	5198.72
1683	4931.87
1684	4684.32
1685	4457.63
1686	4253.12
1687	4070.90
1688	3908.60
1689	3762.41
1690	3628.28
1691	3502.22
1692	3381.16
1693	3264.87
1694	3155.93
1695	3057.75
1696	2973.79
1697	2907.03
1698	2858.14
1699	2823.98
1700	2799.62
1701	2779.90
1702	2759.80
1703	2735.92
1704	2708.94
1705	2682.58
1706	2661.29
1707	2649.54
1708	2651.12
1709	2667.31
1710	2696.32
1711	2735.27
1712	2781.19
1713	2831.33
1714	2884.43
1715	2941.97
1716	3006.94
1717	3082.55
1718	3172.01
1719	3278.13
1720	3402.71
1721	3546.67
1722	3710.75
1723	3895.64
1724	4102.11
1725	4331.16
1726	4584.05
1727	4862.16
1728	5166.86
1729	5499.04
1730	5856.92
1731	6233.93
1732	6621.01
1733	7008.71
1734	7387.89
1735	7752.05
1736	8101.44
1737	8441.18
1738	8777.58
1739	9116.71
1740	9460.85
1741	9799.59
1742	10109.40
1743	10362.54
1744	10531.06
1745	10590.25
1746	10529.43
1747	10358.32
1748	10095.05
1749	9758.84
1750	9368.37
1751	8938.92
1752	8479.23
1753	7994.48
1754	7489.21
1755	6968.12
1756	6437.43
1757	5907.10
1758	5389.75
1759	4898.63
1760	4446.80
1761	4044.77
1762	3695.36
1763	3394.17
1764	3134.73
1765	2910.44
1766	2715.34
1767	2545.81
1768	2400.99
1769	2281.00
1770	2186.04
1771	2115.73
1772	2067.14
1773	2033.57
1774	2006.72
1775	1978.12
1776	1940.07
1777	1888.94
1778	1828.42
1779	1765.86
1780	1709.18
1781	1665.79
1782	1639.62
1783	1627.36
1784	1621.41
1785	1613.36
1786	1595.19
1787	1561.92
1788	1515.95
1789	1464.65
1790	1416.53
1791	1379.94
1792	1361.29
1793	1361.82
1794	1378.82
1795	1408.55
1796	1447.17
1797	1490.56
1798	1533.69
1799	1570.78
1800	1595.82
1801	1602.98
1802	1588.41
1803	1554.41
1804	1509.08
1805	1462.25
1806	1423.75
1807	1401.56
1808	1397.71
1809	1408.23
1810	1427.25
1811	1448.81
1812	1467.61
1813	1480.64
1814	1487.29
1815	1487.73
1816	1482.22
1817	1471.25
1818	1456.20
1819	1439.33
1820	1423.24
1821	1410.46
1822	1402.93
1823	1400.33
1824	1399.99
1825	1398.42
1826	1392.17
1827	1378.78
1828	1359.15
1829	1337.75
1830	1320.17
1831	1311.98
1832	1316.82
1833	1332.23
1834	1349.54
1835	1358.19
1836	1347.76
1837	1311.29
1838	1252.50
1839	1185.16
1840	1125.98
1841	1091.40
1842	1093.00
1843	1128.31
1844	1182.86
1845	1238.84
1846	1278.76
1847	1289.82
1848	1271.43
1849	1232.46
1850	1184.11
1851	1137.51
1852	1102.08
1853	1083.23
1854	1083.68
1855	1105.52
1856	1150.23
1857	1215.66
1858	1292.09
1859	1365.48
1860	1420.98
1861	1445.21
1862	1432.66
1863	1391.76
1864	1337.75
1865	1286.93
1866	1253.90
1867	1245.73
1868	1258.53
1869	1283.85
1870	1312.72
1871	1336.86
1872	1350.73
1873	1351.97
1874	1339.32
1875	1311.75
1876	1269.73
1877	1218.09
1878	1165.67
1879	1122.46
1880	1098.03
1881	1098.30
1882	1120.20
1883	1154.45
1884	1190.33
1885	1217.70
1886	1230.03
1887	1227.72
1888	1214.82
1889	1196.01
1890	1175.90
1891	1158.61
1892	1147.57
1893	1145.96
1894	1156.80
1895	1181.74
1896	1218.01
1897	1258.36
1898	1294.15
1899	1316.97
1900	1321.22
1901	1308.12
1902	1283.79
1903	1255.43
1904	1229.90
1905	1211.69
1906	1201.20
1907	1196.74
1908	1196.29
1909	1197.84
1910	1199.39
1911	1199.00
1912	1194.73
1913	1184.76
1914	1168.28
1915	1147.21
1916	1125.61
1917	1108.05
1918	1098.77
1919	1099.85
1920	1109.42
1921	1123.58
1922	1138.12
1923	1149.34
1924	1155.50
1925	1157.10
1926	1155.46
1927	1152.03
1928	1148.79
1929	1149.09
1930	1157.19
1931	1177.56
1932	1213.66
1933	1264.24
1934	1320.53
1935	1370.43
1936	1401.60
1937	1404.00
1938	1374.85
1939	1318.11
1940	1239.68
1941	1146.16
1942	1046.99
1943	957.25
1944	894.99
1945	878.46
1946	920.58
1947	1015.57
1948	1136.98
1949	1251.52
1950	1327.10
1951	1344.13
1952	1310.19
1953	1249.34
1954	1188.77
1955	1151.87
1956	1147.16
1957	1165.29
1958	1190.54
1959	1207.24
1960	1204.70
1961	1183.46
1962	1151.15
1963	1116.86
1964	1089.13
1965	1074.09
1966	1075.05
1967	1094.26
1968	1133.30
1969	1190.03
1970	1254.22
1971	1310.82
1972	1344.03
1973	1341.57
1974	1303.40
1975	1242.86
1976	1177.67
1977	1124.79
1978	1094.66
1979	1085.17
1980	1087.58
1981	1092.21
1982	1092.06
1983	1088.18
1984	1089.00
1985	1104.97
1986	1144.98
1987	1210.12
1988	1289.38
1989	1366.54
1990	1425.11
1991	1452.30
1992	1444.33
1993	1403.68
1994	1334.38
1995	1242.09
1996	1138.04
1997	1039.72
1998	966.64
1999	936.38
2000	955.27
2001	1009.58
2002	1075.79
2003	1129.52
2004	1153.05
2005	1146.10
2006	1121.42
2007	1094.83
2008	1080.00
2009	1082.34
2010	1097.77
2011	1119.03
2012	1139.10
2013	1153.93
2014	1164.43
2015	1173.85
2016	1185.57
2017	1201.15
2018	1217.85
2019	1230.10
2020	1231.87
2021	1219.56
2022	1197.09
2023	1175.45
2024	1167.64
2025	1183.86
2026	1222.72
2027	1267.47
2028	1295.59
2029	1286.46
2030	1233.07
2031	1152.65
2032	1074.31
2033	1027.73
2034	1032.28
2035	1083.81
2036	1162.96
2037	1247.45
2038	1317.98
2039	1364.19
2040	1383.16
2041	1374.13
2042	1338.77
2043	1286.45
2044	1234.74
2045	1203.65
2046	1209.47
2047	1252.49
2048	1311.77
2049	1358.35
2050	1365.89
2051	1325.01
2052	1253.70
2053	1182.20
2054	1140.21
2055	1144.10
2056	1184.84
2057	1240.15
2058	1286.48
2059	1307.50
2060	1302.66
2061	1280.98
2062	1253.01
2063	1226.55
2064	1202.42
2065	1176.69
2066	1144.74
2067	1105.48
2068	1067.23
2069	1045.43
2070	1056.61
2071	1110.59
2072	1198.01
2073	1293.65
2074	1368.61
2075	1400.44
2076	1386.29
2077	1340.68
2078	1282.81
2079	1229.37
2080	1188.40
2081	1160.05
2082	1142.16
2083	1133.28
2084	1134.39
2085	1148.84
2086	1180.39
2087	1229.62
2088	1287.23
2089	1334.68
2090	1351.39
2091	1323.83
2092	1260.41
2093	1189.46
2094	1144.14
2095	1148.12
2096	1196.46
2097	1259.34
2098	1301.12
2099	1295.88
2100	1245.64
2101	1175.05
2102	1113.72
2103	1083.63
2104	1086.32
2105	1108.27
2106	1132.98
2107	1148.79
2108	1155.76
2109	1161.64
2110	1175.23
2111	1201.53
2112	1237.36
2113	1274.87
2114	1305.68
2115	1323.40
2116	1325.29
2117	1310.51
2118	1279.50
2119	1237.27
2120	1195.68
2121	1169.37
2122	1170.44
2123	1199.99
2124	1245.51
2125	1289.77
2126	1318.27
2127	1326.71
2128	1320.87
2129	1309.32
2130	1298.44
2131	1288.21
2132	1273.71
2133	1249.42
2134	1213.85
2135	1174.06
2136	1142.12
2137	1129.78
2138	1142.55
2139	1175.85
2140	1220.56
2141	1267.78
2142	1311.91
2143	1351.22
2144	1385.25
2145	1412.30
2146	1426.89
2147	1420.39
2148	1384.48
2149	1318.30
2150	1236.88
2151	1164.50
2152	1124.14
2153	1124.94
2154	1155.32
2155	1195.20
2156	1226.40
2157	1240.41
2158	1238.40
2159	1224.46
2160	1202.72
2161	1176.89
2162	1150.37
2163	1126.44
2164	1108.13
2165	1098.10
2166	1098.72
2167	1110.71
2168	1129.79
2169	1146.93
2170	1152.30
2171	1140.05
2172	1112.86
2173	1078.46
2174	1045.76
2175	1024.49
2176	1025.34
2177	1058.47
2178	1126.02
2179	1209.31
2180	1274.18
2181	1287.04
2182	1235.06
2183	1138.85
2184	1033.50
2185	951.10
2186	908.67
2187	909.62
2188	952.04
2189	1025.95
2190	1107.38
2191	1166.05
2192	1178.18
2193	1143.94
2194	1086.53
2195	1034.39
2196	1007.08
2197	1006.67
2198	1026.30
2199	1057.22
2200	1089.55
2201	1112.44
2202	1116.21
2203	1098.66
2204	1070.84
2205	1049.70
2206	1047.92
2207	1062.84
2208	1078.67
2209	1078.52
2210	1056.89
2211	1026.04
2212	1005.10
2213	1007.39
2214	1029.20
2215	1054.76
2216	1067.61
2217	1059.36
2218	1031.57
2219	989.63
2220	940.65
2221	894.36
2222	861.63
2223	850.38
2224	859.17
2225	878.41
2226	897.70
2227	912.93
2228	928.78
2229	952.32
2230	983.31
2231	1005.27
2232	993.29
2233	931.76
2234	837.70
2235	756.52
2236	733.45
2237	781.08
2238	868.72
2239	951.47
2240	995.96
2241	993.87
2242	950.67
2243	879.87
2244	809.65
2245	777.79
2246	812.60
2247	903.55
2248	1001.33
2249	1052.59
2250	1036.95
2251	980.24
2252	923.68
2253	894.99
2254	893.79
2255	906.36
2256	921.62
2257	939.56
2258	966.83
2259	1007.05
2260	1051.66
2261	1082.62
2262	1084.31
2263	1057.02
2264	1016.92
2265	981.58
2266	955.68
2267	927.97
2268	885.11
2269	828.93
2270	783.85
2271	779.22
2272	824.03
2273	891.49
2274	941.04
2275	945.69
2276	908.52
2277	848.04
2278	783.98
2279	733.05
2280	709.59
2281	723.62
2282	776.29
2283	862.21
2284	966.72
2285	1056.44
2286	1088.61
2287	1039.88
2288	939.40
2289	849.33
2290	818.46
2291	844.03
2292	888.88
2293	918.66
2294	925.17
2295	917.95
2296	907.02
2297	894.00
2298	875.26
2299	849.52
2300	823.65
2301	808.95
2302	813.11
2303	833.87
2304	862.94
2305	890.07
2306	903.56
2307	893.53
2308	863.42
2309	839.94
2310	854.27
2311	907.48
2312	952.63
2313	933.61
2314	838.78
2315	717.40
2316	633.62
2317	624.98
2318	696.42
2319	831.06
2320	977.84
2321	1060.83
2322	1030.80
2323	922.89
2324	824.89
2325	798.41
2326	826.88
2327	856.85
2328	856.20
2329	837.00
2330	824.63
2331	825.35
2332	821.80
2333	798.92
2334	771.03
2335	773.75
2336	825.32
2337	893.70
2338	926.08
2339	906.29
2340	881.26
2341	906.48
2342	977.46
2343	1027.73
2344	1000.63
2345	911.82
2346	821.95
2347	774.06
2348	763.45
2349	766.30
2350	766.63
2351	760.27
2352	747.94
2353	733.09
2354	721.35
2355	721.08
2356	743.64
2357	794.46
2358	857.57
2359	901.16
2360	906.32
2361	887.94
2362	871.75
2363	862.17
2364	839.04
2365	786.28
2366	714.85
2367	652.17
2368	627.24
2369	664.01
2370	763.11
2371	873.99
2372	926.70
2373	899.12
2374	835.26
2375	783.54
2376	747.30
2377	706.10
2378	658.61
2379	630.67
2380	639.81
2381	665.96
2382	679.20
2383	687.54
2384	734.08
2385	833.57
2386	931.30
2387	964.37
2388	938.26
2389	908.28
2390	907.18
2391	919.37
2392	918.16
2393	892.36
2394	845.86
2395	799.75
2396	782.56
2397	798.16
2398	813.12
2399	797.03
2400	757.11
2401	717.43
2402	688.62
2403	669.89
2404	670.59
2405	711.80
2406	791.38
2407	860.94
2408	881.05
2409	882.84
2410	913.33
2411	933.35
2412	859.57
2413	736.57
2414	741.76
2415	916.04
2416	1039.79
2417	951.50
2418	803.19
2419	800.72
2420	902.66
2421	944.78
2422	872.72
2423	746.43
2424	660.73
2425	685.38
2426	778.26
2427	812.03
2428	754.63
2429	708.33
2430	737.85
2431	797.11
2432	829.02
2433	824.36
2434	800.27
2435	782.09
2436	786.06
2437	805.46
2438	807.87
2439	747.72
2440	640.97
2441	593.40
2442	645.77
2443	695.30
2444	682.23
2445	683.48
2446	741.17
2447	788.25
2448	792.04
2449	804.48
2450	842.29
