150	4027.05
151	4024.07
152	4028.38
153	4044.26
154	4071.32
155	4107.16
156	4148.70
157	4192.80
158	4236.33
159	4276.15
160	4309.10
161	4332.10
162	4342.59
163	4340.15
164	4326.98
165	4306.22
166	4281.14
167	4254.99
168	4231.02
169	4212.48
170	4202.61
171	4204.04
172	4217.26
173	4240.04
174	4269.13
175	4301.19
176	4332.90
177	4360.89
178	4381.83
179	4392.42
180	4390.03
181	4374.60
182	4349.25
183	4318.23
184	4285.92
185	4256.70
186	4234.96
187	4225.07
188	4231.38
189	4257.40
190	4303.66
191	4367.11
192	4443.45
193	4528.26
194	4617.08
195	4705.48
196	4789.02
197	4863.32
198	4924.61
199	4971.39
200	5004.65
201	5026.28
202	5038.22
203	5042.43
204	5040.86
205	5035.47
206	5028.20
207	5020.80
208	5014.42
209	5009.57
210	5006.55
211	5005.65
212	5007.16
213	5011.37
214	5018.56
215	5029.00
216	5042.80
217	5059.52
218	5078.23
219	5097.84
220	5117.25
221	5135.37
222	5151.11
223	5163.37
224	5171.10
225	5173.69
226	5171.75
227	5166.88
228	5160.98
229	5155.96
230	5153.73
231	5156.18
232	5165.23
233	5182.68
234	5209.50
235	5244.60
236	5285.43
237	5329.07
238	5372.57
239	5413.01
240	5447.43
241	5472.92
242	5486.72
243	5487.32
244	5475.83
245	5455.04
246	5428.04
247	5397.94
248	5367.87
249	5340.94
250	5320.26
251	5308.70
252	5307.93
253	5317.35
254	5335.17
255	5359.44
256	5388.18
257	5419.42
258	5451.18
259	5481.49
260	5508.59
261	5531.56
262	5550.81
263	5567.30
264	5582.06
265	5596.14
266	5610.57
267	5626.40
268	5644.65
269	5666.18
270	5691.24
271	5719.30
272	5749.59
273	5781.29
274	5813.61
275	5845.72
276	5876.83
277	5906.13
278	5932.93
279	5956.83
280	5977.73
281	5995.60
282	6010.44
283	6022.22
284	6030.93
285	6036.56
286	6039.09
287	6038.52
288	6034.93
289	6028.43
290	6019.11
291	6007.11
292	5992.52
293	5975.48
294	5956.08
295	5934.50
296	5911.11
297	5886.76
298	5862.52
299	5839.49
300	5818.79
301	5801.54
302	5788.83
303	5781.78
304	5781.24
305	5787.09
306	5797.82
307	5811.38
308	5825.62
309	5838.42
310	5847.65
311	5851.17
312	5846.92
313	5833.45
314	5811.42
315	5783.49
316	5752.98
317	5723.24
318	5697.61
319	5679.47
320	5672.15
321	5678.80
322	5701.15
323	5737.46
324	5783.60
325	5834.94
326	5886.82
327	5934.55
328	5973.48
329	5998.94
330	6006.78
331	5995.31
332	5967.03
333	5926.45
334	5878.38
335	5827.67
336	5779.14
337	5737.62
338	5707.89
339	5693.92
340	5696.83
341	5714.51
342	5743.72
343	5781.14
344	5823.43
345	5867.26
346	5909.29
347	5946.26
348	5975.58
349	5996.27
350	6008.57
351	6013.01
352	6010.13
353	6000.49
354	5984.63
355	5963.10
356	5936.50
357	5905.69
358	5872.02
359	5837.02
360	5802.29
361	5769.40
362	5739.95
363	5715.51
364	5697.66
365	5687.62
366	5685.53
367	5690.35
368	5700.63
369	5714.92
370	5731.74
371	5749.63
372	5767.13
373	5782.80
374	5795.46
375	5804.48
376	5809.62
377	5810.70
378	5807.56
379	5800.01
380	5787.89
381	5771.05
382	5749.48
383	5723.95
384	5696.27
385	5668.66
386	5643.41
387	5622.83
388	5609.20
389	5604.80
390	5611.87
391	5631.90
392	5664.43
393	5707.38
394	5758.24
395	5814.47
396	5873.52
397	5932.85
398	5989.93
399	6042.33
400	6088.19
401	6126.64
402	6157.26
403	6179.72
404	6193.67
405	6198.80
406	6194.76
407	6181.25
408	6158.34
409	6127.21
410	6090.11
411	6049.64
412	6008.40
413	5969.02
414	5934.09
415	5906.24
416	5887.86
417	5880.29
418	5882.78
419	5893.49
420	5910.40
421	5931.46
422	5954.63
423	5977.88
424	5999.20
425	6016.85
426	6030.07
427	6039.09
428	6044.42
429	6046.60
430	6046.21
431	6043.77
432	6039.85
433	6034.95
434	6029.40
435	6023.16
436	6015.99
437	6007.60
438	5997.71
439	5986.04
440	5972.32
441	5956.28
442	5937.91
443	5918.00
444	5898.14
445	5880.15
446	5865.89
447	5857.21
448	5855.96
449	5863.99
450	5882.88
451	5912.92
452	5951.95
453	5996.63
454	6043.39
455	6088.69
456	6128.94
457	6160.59
458	6180.17
459	6185.16
460	6175.84
461	6154.98
462	6126.08
463	6092.65
464	6058.24
465	6026.36
466	6000.54
467	5984.00
468	5978.68
469	5984.45
470	6000.31
471	6025.10
472	6057.69
473	6096.91
474	6141.63
475	6190.67
476	6242.68
477	6295.85
478	6348.05
479	6397.04
480	6440.61
481	6476.53
482	6502.58
483	6516.57
484	6516.83
485	6503.63
486	6479.65
487	6448.40
488	6413.51
489	6378.59
490	6347.25
491	6323.12
492	6309.54
493	6308.44
494	6318.89
495	6338.40
496	6364.20
497	6393.51
498	6423.55
499	6451.53
500	6474.72
501	6491.00
502	6499.92
503	6502.51
504	6500.22
505	6494.51
506	6486.87
507	6478.75
508	6471.63
509	6466.78
510	6464.77
511	6465.14
512	6467.04
513	6469.60
514	6471.91
515	6473.08
516	6472.21
517	6468.48
518	6461.40
519	6451.19
520	6438.48
521	6424.00
522	6408.45
523	6392.55
524	6377.02
525	6362.55
526	6349.67
527	6338.41
528	6328.34
529	6318.96
530	6309.72
531	6300.10
532	6289.57
533	6277.58
534	6263.60
535	6247.02
536	6227.15
537	6203.29
538	6174.73
539	6140.75
540	6100.63
541	6053.69
542	5999.39
543	5938.23
544	5872.47
545	5805.27
546	5739.95
547	5679.83
548	5628.21
549	5588.41
550	5563.57
551	5555.52
552	5562.97
553	5582.47
554	5610.06
555	5641.79
556	5673.67
557	5701.74
558	5722.11
559	5731.84
560	5730.92
561	5722.07
562	5708.85
563	5694.87
564	5683.77
565	5679.14
566	5684.58
567	5703.14
568	5735.75
569	5780.67
570	5835.16
571	5896.37
572	5961.43
573	6027.50
574	6091.71
575	6151.46
576	6205.18
577	6253.15
578	6296.49
579	6336.44
580	6374.24
581	6411.14
582	6448.39
583	6487.17
584	6528.21
585	6571.30
586	6615.70
587	6660.57
588	6705.05
589	6748.28
590	6789.40
591	6827.60
592	6862.30
593	6893.54
594	6921.85
595	6947.85
596	6972.16
597	6995.43
598	7018.28
599	7041.30
600	7064.76
601	7087.85
602	7108.82
603	7125.69
604	7136.41
605	7138.97
606	7131.34
607	7111.53
608	7078.08
609	7031.34
610	6973.63
611	6907.93
612	6837.25
613	6764.64
614	6693.11
615	6625.70
616	6565.03
617	6512.36
618	6467.10
619	6428.02
620	6393.79
621	6363.08
622	6334.56
623	6306.91
624	6278.91
625	6249.79
626	6219.43
627	6187.98
628	6155.63
629	6122.58
630	6089.03
631	6055.17
632	6021.23
633	5987.69
634	5955.35
635	5925.22
636	5898.30
637	5875.61
638	5858.16
639	5846.96
640	5842.90
641	5846.12
642	5855.51
643	5869.26
644	5885.49
645	5902.30
646	5917.78
647	5930.04
648	5937.31
649	5938.49
650	5933.86
651	5924.38
652	5911.18
653	5895.36
654	5878.05
655	5860.36
656	5843.37
657	5827.86
658	5814.10
659	5802.02
660	5791.51
661	5782.44
662	5774.68
663	5768.12
664	5762.65
665	5758.24
666	5755.03
667	5753.25
668	5753.16
669	5755.01
670	5759.07
671	5765.58
672	5774.81
673	5787.02
674	5802.53
675	5821.66
676	5844.72
677	5872.06
678	5903.99
679	5940.85
680	5982.95
681	6030.52
682	6083.65
683	6142.34
684	6206.54
685	6276.24
686	6351.41
687	6432.02
688	6518.00
689	6608.96
690	6703.94
691	6801.64
692	6900.71
693	6999.77
694	7097.48
695	7192.46
696	7283.48
697	7369.99
698	7452.72
699	7533.11
700	7612.71
701	7693.07
702	7775.75
703	7862.29
704	7954.12
705	8051.92
706	8155.11
707	8262.48
708	8372.70
709	8484.47
710	8596.46
711	8707.36
712	8815.95
713	8921.49
714	9023.98
715	9123.78
716	9221.29
717	9316.91
718	9411.03
719	9504.05
720	9596.12
721	9686.37
722	9772.46
723	9851.49
724	9920.46
725	9976.39
726	10016.27
727	10037.15
728	10036.65
729	10014.55
730	9973.30
731	9916.29
732	9847.05
733	9769.06
734	9685.84
735	9600.88
736	9517.36
737	9437.46
738	9362.33
739	9292.81
740	9229.69
741	9173.78
742	9125.87
743	9086.75
744	9057.03
745	9036.90
746	9026.12
747	9024.38
748	9031.35
749	9046.70
750	9070.10
751	9101.20
752	9139.44
753	9183.85
754	9233.13
755	9285.89
756	9340.79
757	9396.43
758	9451.46
759	9504.50
760	9554.30
761	9599.76
762	9639.89
763	9673.71
764	9700.24
765	9718.50
766	9727.52
767	9726.55
768	9715.79
769	9696.93
770	9672.33
771	9644.42
772	9615.64
773	9588.45
774	9565.25
775	9548.16
776	9538.18
777	9534.98
778	9537.80
779	9545.79
780	9558.15
781	9574.04
782	9592.68
783	9613.83
784	9638.69
785	9669.76
786	9709.90
787	9761.97
788	9828.85
789	9913.41
790	10018.38
791	10145.62
792	10295.02
793	10465.26
794	10654.75
795	10861.90
796	11085.09
797	11322.74
798	11573.21
799	11834.79
800	12105.56
801	12383.54
802	12666.75
803	12953.18
804	13240.84
805	13527.76
806	13812.25
807	14093.66
808	14372.51
809	14649.71
810	14926.19
811	15202.91
812	15480.81
813	15760.91
814	16044.75
815	16335.24
816	16636.38
817	16952.38
818	17287.52
819	17646.04
820	18032.18
821	18449.75
822	18900.26
823	19380.95
824	19886.91
825	20412.84
826	20953.43
827	21503.38
828	22057.38
829	22610.31
830	23157.68
831	23695.77
832	24221.15
833	24730.39
834	25220.08
835	25686.80
836	26127.17
837	26537.94
838	26916.28
839	27259.64
840	27565.59
841	27831.67
842	28055.42
843	28234.44
844	28366.96
845	28454.64
846	28505.01
847	28528.46
848	28535.81
849	28537.91
850	28545.60
851	28569.58
852	28618.93
853	28697.11
854	28801.75
855	28928.59
856	29073.22
857	29231.20
858	29398.10
859	29569.57
860	29741.57
861	29910.89
862	30074.77
863	30230.57
864	30375.67
865	30507.42
866	30623.17
867	30720.14
868	30794.88
869	30843.11
870	30860.25
871	30841.64
872	30782.64
873	30678.64
874	30525.35
875	30321.45
876	30073.26
877	29792.85
878	29493.70
879	29189.38
880	28893.43
881	28619.34
882	28378.90
883	28176.09
884	28002.94
885	27846.27
886	27692.20
887	27526.79
888	27336.15
889	27106.84
890	26830.11
891	26510.27
892	26162.48
893	25804.81
894	25455.53
895	25132.88
896	24855.04
897	24638.43
898	24490.98
899	24406.78
900	24373.66
901	24378.51
902	24408.19
903	24449.55
904	24489.68
905	24517.87
906	24529.69
907	24525.97
908	24508.98
909	24481.06
910	24444.58
911	24401.86
912	24354.91
913	24304.08
914	24247.17
915	24180.86
916	24101.64
917	24006.02
918	23890.49
919	23751.76
920	23588.41
921	23403.95
922	23205.75
923	23002.18
924	22801.63
925	22612.54
926	22443.25
927	22301.11
928	22189.10
929	22104.18
930	22040.84
931	21993.27
932	21955.65
933	21922.18
934	21887.25
935	21846.85
936	21800.60
937	21750.56
938	21699.34
939	21649.54
940	21603.80
941	21564.70
942	21534.16
943	21511.85
944	21494.84
945	21479.31
946	21461.37
947	21437.10
948	21402.63
949	21354.61
950	21292.66
951	21221.98
952	21150.67
953	21087.34
954	21040.63
955	21019.16
956	21031.27
957	21082.61
958	21171.16
959	21288.51
960	21424.48
961	21568.78
962	21711.15
963	21841.31
964	21949.71
965	22029.46
966	22077.40
967	22091.76
968	22070.98
969	22013.47
970	21917.69
971	21782.17
972	21606.29
973	21391.00
974	21138.24
975	20850.09
976	20528.65
977	20176.04
978	19794.47
979	19387.43
980	18962.01
981	18528.45
982	18097.92
983	17681.62
984	17290.76
985	16936.47
986	16628.65
987	16372.23
988	16165.61
989	16004.69
990	15885.06
991	15802.32
992	15752.08
993	15730.07
994	15732.73
995	15757.90
996	15804.13
997	15870.11
998	15954.53
999	16056.09
1000	16173.46
1001	16305.38
1002	16450.66
1003	16608.17
1004	16776.79
1005	16955.41
1006	17142.92
1007	17338.18
1008	17539.84
1009	17745.79
1010	17953.12
1011	18158.67
1012	18359.27
1013	18551.74
1014	18732.91
1015	18899.85
1016	19050.70
1017	19185.08
1018	19303.23
1019	19405.50
1020	19492.22
1021	19563.71
1022	19620.45
1023	19663.60
1024	19695.70
1025	19719.96
1026	19739.74
1027	19758.41
1028	19779.32
1029	19805.70
1030	19839.75
1031	19881.28
1032	19928.42
1033	19978.92
1034	20030.53
1035	20080.98
1036	20128.06
1037	20169.98
1038	20206.18
1039	20237.16
1040	20263.78
1041	20286.85
1042	20307.22
1043	20325.80
1044	20344.11
1045	20365.88
1046	20397.30
1047	20445.36
1048	20517.12
1049	20619.66
1050	20760.01
1051	20944.47
1052	21176.37
1053	21455.01
1054	21778.13
1055	22143.26
1056	22547.94
1057	22989.68
1058	23465.42
1059	23969.40
1060	24491.51
1061	25019.63
1062	25541.37
1063	26044.31
1064	26516.08
1065	26945.19
1066	27325.17
1067	27658.97
1068	27954.45
1069	28220.32
1070	28465.35
1071	28698.28
1072	28927.36
1073	29157.80
1074	29388.31
1075	29613.73
1076	29828.12
1077	30025.53
1078	30199.98
1079	30345.42
1080	30455.10
1081	30520.74
1082	30532.97
1083	30482.21
1084	30358.87
1085	30153.37
1086	29856.60
1087	29463.36
1088	28978.24
1089	28412.99
1090	27781.11
1091	27096.15
1092	26371.69
1093	25621.24
1094	24857.82
1095	24093.20
1096	23338.09
1097	22602.97
1098	21898.31
1099	21234.56
1100	20621.91
1101	20068.10
1102	19574.01
1103	19134.95
1104	18744.69
1105	18396.93
1106	18085.37
1107	17803.81
1108	17547.25
1109	17313.94
1110	17104.92
1111	16921.99
1112	16766.98
1113	16641.74
1114	16547.83
1115	16484.03
1116	16441.30
1117	16403.92
1118	16354.35
1119	16274.92
1120	16148.00
1121	15956.48
1122	15688.34
1123	15345.97
1124	14943.71
1125	14499.15
1126	14030.08
1127	13554.28
1128	13089.21
1129	12649.39
1130	12241.25
1131	11864.82
1132	11518.40
1133	11200.22
1134	10908.49
1135	10641.48
1136	10397.80
1137	10176.98
1138	9979.26
1139	9805.02
1140	9654.67
1141	9528.62
1142	9427.13
1143	9349.26
1144	9291.25
1145	9247.35
1146	9211.37
1147	9177.08
1148	9138.28
1149	9089.07
1150	9025.86
1151	8950.07
1152	8866.31
1153	8779.82
1154	8695.90
1155	8619.82
1156	8556.57
1157	8509.40
1158	8478.08
1159	8460.48
1160	8454.12
1161	8456.47
1162	8465.05
1163	8477.45
1164	8491.84
1165	8507.39
1166	8523.73
1167	8540.57
1168	8557.62
1169	8574.60
1170	8591.17
1171	8606.77
1172	8620.54
1173	8631.48
1174	8638.56
1175	8640.77
1176	8637.11
1177	8626.91
1178	8610.67
1179	8590.37
1180	8568.51
1181	8547.62
1182	8530.26
1183	8518.92
1184	8515.54
1185	8520.30
1186	8531.67
1187	8547.57
1188	8565.92
1189	8584.60
1190	8601.58
1191	8615.24
1192	8625.17
1193	8631.84
1194	8635.95
1195	8638.21
1196	8639.33
1197	8640.02
1198	8641.04
1199	8643.19
1200	8647.30
1201	8654.22
1202	8664.80
1203	8679.87
1204	8700.20
1205	8726.13
1206	8757.31
1207	8793.09
1208	8832.77
1209	8875.67
1210	8921.06
1211	8968.32
1212	9016.99
1213	9066.86
1214	9117.80
1215	9169.70
1216	9222.44
1217	9275.95
1218	9330.58
1219	9387.98
1220	9450.87
1221	9522.29
1222	9605.29
1223	9702.94
1224	9818.08
1225	9952.15
1226	10103.57
1227	10268.87
1228	10444.18
1229	10625.63
1230	10809.38
1231	10992.19
1232	11173.64
1233	11357.73
1234	11550.39
1235	11757.82
1236	11986.25
1237	12241.80
1238	12529.40
1239	12849.97
1240	13200.22
1241	13575.47
1242	13970.95
1243	14381.89
1244	14803.84
1245	15234.94
1246	15679.55
1247	16146.34
1248	16644.99
1249	17185.24
1250	17776.72
1251	18427.22
1252	19135.49
1253	19885.37
1254	20653.81
1255	21416.73
1256	22150.02
1257	22829.86
1258	23436.40
1259	23963.03
1260	24416.88
1261	24809.52
1262	25152.86
1263	25458.83
1264	25738.51
1265	25997.25
1266	26227.31
1267	26412.54
1268	26534.96
1269	26576.53
1270	26519.36
1271	26348.93
1272	26065.26
1273	25689.12
1274	25249.84
1275	24777.84
1276	24303.54
1277	23856.86
1278	23462.49
1279	23130.38
1280	22858.02
1281	22639.54
1282	22468.86
1283	22339.93
1284	22247.94
1285	22194.58
1286	22193.21
1287	22262.93
1288	22423.81
1289	22695.96
1290	23098.97
1291	23646.06
1292	24329.61
1293	25120.86
1294	25984.40
1295	26884.29
1296	27784.60
1297	28650.13
1298	29450.23
1299	30163.45
1300	30773.48
1301	31265.05
1302	31622.90
1303	31831.96
1304	31879.64
1305	31762.19
1306	31485.63
1307	31059.37
1308	30493.07
1309	29796.47
1310	28980.07
1311	28059.35
1312	27060.36
1313	26015.37
1314	24957.94
1315	23921.64
1316	22939.71
1317	22040.06
1318	21231.80
1319	20502.90
1320	19834.12
1321	19205.56
1322	18597.34
1323	17990.53
1324	17372.35
1325	16742.53
1326	16108.01
1327	15477.05
1328	14858.02
1329	14259.19
1330	13687.89
1331	13148.30
1332	12641.35
1333	12166.89
1334	11724.71
1335	11314.61
1336	10936.33
1337	10589.56
1338	10273.78
1339	9988.41
1340	9732.84
1341	9506.47
1342	9308.59
1343	9137.69
1344	8989.75
1345	8858.66
1346	8737.67
1347	8620.01
1348	8498.95
1349	8368.78
1350	8228.35
1351	8083.30
1352	7942.12
1353	7813.74
1354	7707.04
1355	7630.42
1356	7588.59
1357	7577.40
1358	7586.80
1359	7605.38
1360	7621.69
1361	7624.41
1362	7604.26
1363	7559.10
1364	7494.67
1365	7419.30
1366	7341.58
1367	7270.08
1368	7212.36
1369	7170.96
1370	7139.55
1371	7107.50
1372	7063.49
1373	6996.19
1374	6894.77
1375	6752.76
1376	6574.78
1377	6373.73
1378	6164.52
1379	5962.16
1380	5781.52
1381	5635.21
1382	5527.77
1383	5454.59
1384	5407.90
1385	5379.64
1386	5361.78
1387	5346.97
1388	5331.32
1389	5316.79
1390	5308.14
1391	5310.52
1392	5329.11
1393	5368.78
1394	5432.21
1395	5516.89
1396	5616.79
1397	5725.14
1398	5835.10
1399	5939.96
1400	6034.47
1401	6117.89
1402	6193.82
1403	6267.17
1404	6342.95
1405	6426.13
1406	6521.19
1407	6630.51
1408	6753.63
1409	6889.03
1410	7035.05
1411	7190.04
1412	7352.82
1413	7524.75
1414	7711.80
1415	7922.29
1416	8164.92
1417	8448.40
1418	8781.35
1419	9171.69
1420	9625.70
1421	10148.57
1422	10745.25
1423	11420.67
1424	12179.95
1425	13030.09
1426	13983.47
1427	15057.20
1428	16269.65
1429	17639.29
1430	19183.97
1431	20912.76
1432	22804.00
1433	24801.86
1434	26838.98
1435	28846.94
1436	30757.51
1437	32506.83
1438	34049.21
1439	35364.38
1440	36442.18
1441	37273.76
1442	37850.40
1443	38165.85
1444	38226.24
1445	38058.70
1446	37700.31
1447	37189.68
1448	36565.45
1449	35865.27
1450	35120.96
1451	34352.67
1452	33574.02
1453	32797.43
1454	32035.25
1455	31298.93
1456	30593.67
1457	29910.38
1458	29230.78
1459	28534.54
1460	27801.29
1461	27011.44
1462	26151.80
1463	25225.55
1464	24247.92
1465	23237.10
1466	22211.42
1467	21188.94
1468	20185.01
1469	19207.54
1470	18258.21
1471	17337.08
1472	16444.13
1473	15579.36
1474	14743.57
1475	13939.88
1476	13173.49
1477	12450.18
1478	11775.80
1479	11156.05
1480	10595.05
1481	10091.93
1482	9640.95
1483	9234.93
1484	8866.57
1485	8528.62
1486	8214.52
1487	7919.95
1488	7642.90
1489	7382.06
1490	7136.18
1491	6904.04
1492	6684.56
1493	6477.26
1494	6282.20
1495	6099.67
1496	5929.94
1497	5773.28
1498	5629.57
1499	5497.54
1500	5374.65
1501	5257.95
1502	5144.50
1503	5031.35
1504	4916.03
1505	4797.53
1506	4676.34
1507	4553.47
1508	4429.92
1509	4306.73
1510	4185.17
1511	4067.15
1512	3955.29
1513	3852.38
1514	3761.23
1515	3684.61
1516	3624.48
1517	3580.50
1518	3550.21
1519	3530.53
1520	3518.32
1521	3510.46
1522	3503.99
1523	3496.35
1524	3485.31
1525	3468.76
1526	3444.58
1527	3410.79
1528	3366.47
1529	3313.45
1530	3255.69
1531	3197.62
1532	3143.74
1533	3098.29
1534	3063.99
1535	3039.87
1536	3022.56
1537	3008.17
1538	2992.76
1539	2972.64
1540	2945.57
1541	2912.25
1542	2875.07
1543	2836.78
1544	2800.08
1545	2767.49
1546	2740.37
1547	2718.05
1548	2698.89
1549	2681.09
1550	2662.85
1551	2642.53
1552	2619.28
1553	2593.28
1554	2565.19
1555	2535.73
1556	2505.63
1557	2475.75
1558	2447.55
1559	2423.09
1560	2404.68
1561	2394.66
1562	2395.24
1563	2407.48
1564	2429.00
1565	2454.24
1566	2476.75
1567	2490.02
1568	2487.87
1569	2466.62
1570	2428.79
1571	2381.15
1572	2331.50
1573	2287.65
1574	2256.95
1575	2243.95
1576	2247.91
1577	2265.27
1578	2291.96
1579	2323.90
1580	2357.20
1581	2388.70
1582	2416.28
1583	2438.28
1584	2453.09
1585	2459.14
1586	2455.61
1587	2444.02
1588	2428.31
1589	2413.19
1590	2403.43
1591	2403.62
1592	2417.03
1593	2443.60
1594	2480.88
1595	2525.86
1596	2575.49
1597	2626.85
1598	2677.53
1599	2726.15
1600	2771.81
1601	2813.68
1602	2850.97
1603	2882.98
1604	2909.44
1605	2930.57
1606	2946.81
1607	2958.60
1608	2966.50
1609	2972.19
1610	2980.35
1611	2998.11
1612	3033.20
1613	3093.40
1614	3185.70
1615	3312.90
1616	3469.77
1617	3646.92
1618	3834.22
1619	4021.63
1620	4201.05
1621	4371.56
1622	4540.93
1623	4720.04
1624	4920.07
1625	5151.90
1626	5424.04
1627	5738.79
1628	6093.94
1629	6486.16
1630	6912.08
1631	7369.12
1632	7858.46
1633	8387.44
1634	8966.21
1635	9605.38
1636	10315.59
1637	11108.19
1638	11996.59
1639	12996.24
1640	14123.19
1641	15393.52
1642	16822.62
1643	18421.80
1644	20194.13
1645	22138.07
1646	24251.22
1647	26530.47
1648	28963.11
1649	31501.66
1650	34058.50
1651	36531.99
1652	38819.28
1653	40818.80
1654	42438.64
1655	43608.71
1656	44272.78
1657	44377.60
1658	43871.00
1659	42716.93
1660	40941.85
1661	38651.32
1662	35980.33
1663	33067.02
1664	30047.43
1665	27041.34
1666	24130.48
1667	21371.29
1668	18814.53
1669	16510.24
1670	14500.80
1671	12798.78
1672	11379.02
1673	10202.27
1674	9227.81
1675	8415.46
1676	7729.41
1677	7143.80
1678	6639.05
1679	6196.94
1680	5799.49
1681	5431.03
1682	5084.35
1683	4762.03
1684	4470.06
1685	4214.75
1686	4001.86
1687	3833.77
1688	3706.06
1689	3610.47
1690	3538.03
1691	3479.80
1692	3427.77
1693	3376.85
1694	3324.76
1695	3270.12
1696	3211.57
1697	3148.00
1698	3079.31
1699	3007.09
1700	2933.72
1701	2861.70
1702	2793.53
1703	2731.97
1704	2680.31
1705	2642.26
1706	2621.65
1707	2622.23
1708	2646.65
1709	2693.48
1710	2756.27
1711	2826.81
1712	2896.69
1713	2958.22
1714	3007.67
1715	3048.87
1716	3089.65
1717	3138.54
1718	3203.95
1719	3292.64
1720	3406.96
1721	3545.63
1722	3706.41
1723	3887.04
1724	4085.72
1725	4302.41
1726	4539.27
1727	4799.26
1728	5085.41
1729	5400.40
1730	5744.84
1731	6115.62
1732	6507.74
1733	6915.87
1734	7334.63
1735	7758.36
1736	8180.65
1737	8594.58
1738	8993.08
1739	9369.06
1740	9714.95
1741	10021.64
1742	10278.42
1743	10474.06
1744	10597.34
1745	10638.20
1746	10591.61
1747	10459.81
1748	10248.07
1749	9962.04
1750	9607.61
1751	9191.84
1752	8724.09
1753	8214.97
1754	7675.32
1755	7116.00
1756	6548.13
1757	5983.43
1758	5434.07
1759	4912.29
1760	4430.19
1761	3997.78
1762	3618.90
1763	3291.57
1764	3012.13
1765	2776.81
1766	2581.76
1767	2422.92
1768	2295.97
1769	2196.53
1770	2120.18
1771	2062.57
1772	2019.63
1773	1987.65
1774	1963.10
1775	1942.48
1776	1922.49
1777	1900.89
1778	1877.38
1779	1852.60
1780	1827.34
1781	1802.30
1782	1777.48
1783	1751.45
1784	1721.90
1785	1686.39
1786	1642.69
1787	1590.21
1788	1532.30
1789	1475.00
1790	1424.97
1791	1388.68
1792	1370.93
1793	1372.07
1794	1388.97
1795	1417.66
1796	1454.06
1797	1494.02
1798	1533.00
1799	1566.20
1800	1588.73
1801	1595.82
1802	1584.10
1803	1554.56
1804	1512.30
1805	1463.65
1806	1415.00
1807	1372.15
1808	1339.06
1809	1317.81
1810	1309.91
1811	1316.72
1812	1338.28
1813	1370.31
1814	1403.93
1815	1428.76
1816	1434.51
1817	1413.65
1818	1368.16
1819	1310.23
1820	1255.45
1821	1219.44
1822	1214.43
1823	1241.04
1824	1287.35
1825	1337.31
1826	1374.78
1827	1386.81
1828	1371.39
1829	1337.92
1830	1299.55
1831	1269.51
1832	1258.65
1833	1269.91
1834	1298.35
1835	1336.54
1836	1376.93
1837	1412.79
1838	1439.93
1839	1456.56
1840	1461.60
1841	1454.12
1842	1434.26
1843	1405.27
1844	1373.04
1845	1344.17
1846	1325.09
1847	1320.23
1848	1328.73
1849	1345.68
1850	1365.15
1851	1381.39
1852	1390.34
1853	1391.95
1854	1388.82
1855	1384.20
1856	1381.13
1857	1381.38
1858	1384.08
1859	1386.81
1860	1386.86
1861	1381.70
1862	1369.74
1863	1351.04
1864	1326.49
1865	1297.11
1866	1264.07
1867	1229.15
1868	1195.05
1869	1164.80
1870	1141.50
1871	1127.86
1872	1125.41
1873	1134.18
1874	1153.73
1875	1183.48
1876	1221.90
1877	1264.69
1878	1304.98
1879	1335.20
1880	1348.11
1881	1339.57
1882	1312.92
1883	1276.74
1884	1240.80
1885	1214.21
1886	1202.10
1887	1202.00
1888	1207.42
1889	1211.22
1890	1207.40
1891	1194.87
1892	1179.53
1893	1170.09
1894	1175.43
1895	1201.72
1896	1246.41
1897	1298.09
1898	1342.60
1899	1366.16
1900	1359.60
1901	1325.26
1902	1273.56
1903	1216.81
1904	1166.63
1905	1130.49
1906	1108.54
1907	1097.24
1908	1092.52
1909	1091.07
1910	1092.46
1911	1099.73
1912	1117.16
1913	1148.82
1914	1195.85
1915	1251.46
1916	1302.67
1917	1334.98
1918	1335.47
1919	1300.40
1920	1243.04
1921	1185.35
1922	1150.46
1923	1156.82
1924	1205.60
1925	1277.77
1926	1347.24
1927	1388.35
1928	1384.20
1929	1339.81
1930	1275.84
1931	1216.59
1932	1183.98
1933	1187.99
1934	1219.64
1935	1261.51
1936	1295.28
1937	1306.34
1938	1291.52
1939	1258.29
1940	1217.20
1941	1178.52
1942	1149.46
1943	1131.36
1944	1122.35
1945	1120.02
1946	1122.41
1947	1129.13
1948	1141.59
1949	1161.76
1950	1191.30
1951	1229.36
1952	1269.63
1953	1302.52
1954	1317.88
1955	1308.04
1956	1274.61
1957	1230.36
1958	1192.03
1959	1175.73
1960	1190.43
1961	1228.96
1962	1274.01
1963	1306.31
1964	1309.82
1965	1281.03
1966	1231.35
1967	1177.54
1968	1135.97
1969	1117.07
1970	1118.42
1971	1129.86
1972	1139.80
1973	1138.54
1974	1123.19
1975	1098.29
1976	1070.83
1977	1047.78
1978	1034.66
1979	1034.28
1980	1048.01
1981	1076.78
1982	1120.06
1983	1172.79
1984	1225.86
1985	1269.02
1986	1292.96
1987	1293.05
1988	1271.90
1989	1235.25
1990	1189.40
1991	1141.46
1992	1100.46
1993	1076.80
1994	1080.91
1995	1119.76
1996	1187.89
1997	1265.89
1998	1329.72
1999	1357.40
2000	1340.13
2001	1292.58
2002	1240.97
2003	1212.29
2004	1224.24
2005	1270.24
2006	1325.55
2007	1361.30
2008	1353.94
2009	1299.81
2010	1217.98
2011	1135.22
2012	1076.61
2013	1055.28
2014	1064.02
2015	1086.09
2016	1104.15
2017	1107.10
2018	1098.75
2019	1092.80
2020	1104.74
2021	1145.37
2022	1210.59
2023	1282.23
2024	1338.10
2025	1358.88
2026	1337.89
2027	1285.20
2028	1217.22
2029	1150.44
2030	1097.56
2031	1064.63
2032	1054.34
2033	1068.44
2034	1105.58
2035	1157.41
2036	1211.09
2037	1253.12
2038	1272.70
2039	1266.88
2040	1239.25
2041	1195.26
2042	1141.51
2043	1088.29
2044	1049.71
2045	1040.98
2046	1073.69
2047	1144.54
2048	1230.44
2049	1300.81
2050	1327.66
2051	1299.43
2052	1231.13
2053	1149.66
2054	1081.96
2055	1045.46
2056	1039.36
2057	1053.29
2058	1075.63
2059	1097.25
2060	1114.72
2061	1127.96
2062	1137.64
2063	1144.38
2064	1148.69
2065	1151.02
2066	1151.87
2067	1152.64
2068	1156.94
2069	1170.10
2070	1197.49
2071	1240.86
2072	1291.72
2073	1333.09
2074	1346.36
2075	1319.71
2076	1261.71
2077	1198.94
2078	1162.30
2079	1174.08
2080	1229.54
2081	1298.98
2082	1346.25
2083	1344.17
2084	1294.73
2085	1227.35
2086	1178.71
2087	1176.78
2088	1220.96
2089	1283.88
2090	1331.00
2091	1335.38
2092	1294.54
2093	1228.32
2094	1162.54
2095	1118.29
2096	1101.73
2097	1105.99
2098	1120.76
2099	1136.91
2100	1149.25
2101	1155.79
2102	1155.50
2103	1148.40
2104	1137.15
2105	1126.28
2106	1120.54
2107	1122.70
2108	1130.93
2109	1140.36
2110	1145.87
2111	1145.04
2112	1141.06
2113	1140.33
2114	1149.10
2115	1169.32
2116	1195.27
2117	1217.41
2118	1226.71
2119	1219.24
2120	1198.80
2121	1172.49
2122	1147.15
2123	1127.07
2124	1113.35
2125	1105.97
2126	1105.50
2127	1114.73
2128	1138.66
2129	1182.43
2130	1246.93
2131	1321.64
2132	1387.39
2133	1424.22
2134	1420.88
2135	1384.80
2136	1334.32
2137	1288.22
2138	1257.24
2139	1238.96
2140	1225.14
2141	1208.86
2142	1191.23
2143	1182.80
2144	1196.89
2145	1241.43
2146	1308.05
2147	1374.85
2148	1417.65
2149	1421.50
2150	1391.49
2151	1344.38
2152	1297.72
2153	1262.18
2154	1238.03
2155	1221.14
2156	1206.81
2157	1190.25
2158	1166.64
2159	1131.74
2160	1085.36
2161	1036.66
2162	1000.75
2163	991.64
2164	1012.57
2165	1050.17
2166	1084.32
2167	1098.89
2168	1093.28
2169	1081.69
2170	1081.59
2171	1103.06
2172	1140.07
2173	1177.19
2174	1198.80
2175	1195.70
2176	1167.17
2177	1116.02
2178	1048.44
2179	978.47
2180	925.90
2181	908.73
2182	929.74
2183	967.30
2184	989.84
2185	974.40
2186	928.16
2187	884.94
2188	881.77
2189	932.77
2190	1010.11
2191	1066.19
2192	1062.44
2193	999.37
2194	915.12
2195	855.36
2196	845.55
2197	872.20
2198	902.59
2199	908.99
2200	889.67
2201	867.72
2202	870.82
2203	912.30
2204	979.36
2205	1046.92
2206	1093.00
2207	1110.43
2208	1104.85
2209	1084.92
2210	1057.26
2211	1024.97
2212	989.71
2213	953.77
2214	921.34
2215	898.00
2216	888.16
2217	890.86
2218	898.57
2219	902.36
2220	898.60
2221	894.60
2222	903.17
2223	932.83
2224	976.48
2225	1013.44
2226	1022.80
2227	998.55
2228	955.76
2229	916.83
2230	897.85
2231	899.54
2232	913.71
2233	931.18
2234	945.05
2235	950.67
2236	945.83
2237	935.92
2238	936.07
2239	962.66
2240	1018.31
2241	1079.12
2242	1109.04
2243	1082.94
2244	1009.28
2245	920.46
2246	849.96
2247	815.89
2248	820.46
2249	858.20
2250	911.82
2251	948.60
2252	934.64
2253	861.75
2254	769.21
2255	716.34
2256	741.09
2257	824.49
2258	912.76
2259	958.32
2260	951.12
2261	911.36
2262	864.73
2263	829.24
2264	814.62
2265	824.46
2266	848.61
2267	860.76
2268	834.49
2269	767.90
2270	694.97
2271	659.60
2272	683.34
2273	747.55
2274	816.97
2275	865.30
2276	888.25
2277	893.02
2278	888.84
2279	885.04
2280	890.17
2281	907.41
2282	928.05
2283	936.94
2284	923.83
2285	893.35
2286	859.37
2287	834.04
2288	820.39
2289	815.14
2290	813.53
2291	810.57
2292	801.34
2293	782.23
2294	752.75
2295	715.22
2296	676.93
2297	655.68
2298	673.70
2299	737.01
2300	811.68
2301	843.31
2302	803.77
2303	731.54
2304	698.05
2305	743.83
2306	834.43
2307	901.96
2308	908.69
2309	882.05
2310	874.08
2311	908.48
2312	958.34
2313	980.97
2314	955.87
2315	895.19
2316	823.23
2317	764.51
2318	741.52
2319	766.89
2320	825.78
2321	880.95
2322	901.52
2323	888.20
2324	862.83
2325	844.97
2326	839.57
2327	843.06
2328	848.55
2329	846.60
2330	831.04
2331	811.45
2332	813.92
2333	854.62
2334	905.60
2335	907.64
2336	830.05
2337	722.57
2338	671.09
2339	716.58
2340	818.14
2341	907.93
2342	941.95
2343	907.61
2344	816.53
2345	716.35
2346	670.59
2347	706.26
2348	781.67
2349	833.33
2350	827.83
2351	769.79
2352	685.11
2353	621.88
2354	631.01
2355	715.92
2356	807.42
2357	830.82
2358	783.81
2359	726.42
2360	708.72
2361	727.59
2362	755.78
2363	775.99
2364	786.77
2365	790.66
2366	787.98
2367	779.78
2368	776.08
2369	796.44
2370	850.23
2371	914.69
2372	951.28
2373	938.69
2374	883.76
2375	810.31
2376	757.98
2377	763.01
2378	814.81
2379	851.82
2380	836.21
2381	817.85
2382	868.45
2383	968.42
2384	1008.89
2385	921.96
2386	763.46
2387	630.50
2388	573.01
2389	592.71
2390	667.22
2391	758.08
2392	825.72
2393	841.87
2394	799.21
2395	735.51
2396	715.74
2397	760.16
2398	814.48
2399	819.81
2400	770.76
2401	696.35
2402	635.71
2403	621.61
2404	649.35
2405	673.09
2406	661.95
2407	637.68
2408	638.54
2409	682.71
2410	764.00
2411	846.47
2412	885.09
2413	881.68
2414	887.94
2415	921.95
2416	928.21
2417	859.79
2418	746.71
2419	655.83
2420	644.87
2421	730.91
2422	845.95
2423	889.61
2424	844.93
2425	772.13
2426	713.70
2427	672.61
2428	655.26
2429	681.01
2430	744.69
2431	806.52
2432	842.67
2433	866.29
2434	875.17
2435	832.57
2436	752.13
2437	736.70
2438	833.70
2439	945.28
2440	972.41
2441	921.21
2442	854.87
2443	836.58
2444	852.79
2445	806.42
2446	697.38
2447	670.26
2448	769.21
2449	867.58
2450	893.14
