150	4219.89
151	4221.43
152	4224.07
153	4227.69
154	4232.15
155	4237.10
156	4242.08
157	4246.66
158	4250.36
159	4252.75
160	4253.37
161	4251.76
162	4247.63
163	4241.13
164	4233.05
165	4224.39
166	4216.16
167	4209.39
168	4205.10
169	4204.31
170	4208.03
171	4217.07
172	4231.45
173	4250.26
174	4272.19
175	4295.94
176	4320.16
177	4343.54
178	4364.75
179	4382.48
180	4395.69
181	4404.34
182	4409.61
183	4413.16
184	4416.68
185	4421.85
186	4430.38
187	4443.95
188	4464.25
189	4492.58
190	4528.99
191	4571.97
192	4619.48
193	4669.43
194	4719.71
195	4768.21
196	4812.85
197	4851.54
198	4882.53
199	4905.18
200	4920.17
201	4928.56
202	4931.50
203	4930.10
204	4925.51
205	4918.84
206	4911.22
207	4903.68
208	4896.95
209	4891.42
210	4887.40
211	4885.18
212	4885.06
213	4887.32
214	4892.27
215	4900.19
216	4911.24
217	4925.26
218	4941.76
219	4960.16
220	4979.88
221	5000.31
222	5020.88
223	5040.99
224	5060.07
225	5077.76
226	5094.23
227	5110.12
228	5126.21
229	5143.25
230	5162.01
231	5183.28
232	5207.82
233	5236.34
234	5269.11
235	5305.28
236	5343.17
237	5380.94
238	5416.73
239	5448.67
240	5474.89
241	5493.54
242	5502.89
243	5502.08
244	5492.13
245	5475.25
246	5453.85
247	5430.37
248	5407.25
249	5386.93
250	5371.84
251	5364.24
252	5365.45
253	5375.04
254	5391.71
255	5414.00
256	5440.43
257	5469.55
258	5499.88
259	5529.97
260	5558.47
261	5584.67
262	5608.75
263	5631.26
264	5652.84
265	5674.11
266	5695.68
267	5718.18
268	5742.22
269	5768.26
270	5796.15
271	5825.03
272	5853.80
273	5881.34
274	5906.49
275	5928.13
276	5945.12
277	5956.37
278	5961.12
279	5959.70
280	5953.41
281	5943.87
282	5932.70
283	5921.52
284	5911.96
285	5905.64
286	5904.10
287	5908.29
288	5917.65
289	5930.60
290	5945.31
291	5959.93
292	5972.62
293	5981.53
294	5984.84
295	5980.86
296	5968.82
297	5949.66
298	5925.23
299	5897.53
300	5868.57
301	5840.37
302	5814.93
303	5794.24
304	5780.03
305	5772.84
306	5771.56
307	5774.46
308	5779.69
309	5785.42
310	5789.82
311	5791.06
312	5787.33
313	5777.33
314	5761.29
315	5740.94
316	5718.49
317	5696.20
318	5676.30
319	5661.04
320	5652.67
321	5653.31
322	5664.24
323	5684.71
324	5712.58
325	5745.40
326	5780.68
327	5815.96
328	5848.76
329	5876.62
330	5897.28
331	5909.50
332	5913.81
333	5911.54
334	5904.18
335	5893.21
336	5880.11
337	5866.38
338	5853.47
339	5842.66
340	5834.56
341	5828.97
342	5825.43
343	5823.49
344	5822.65
345	5822.44
346	5822.37
347	5822.00
348	5820.94
349	5819.07
350	5816.45
351	5813.18
352	5809.35
353	5805.08
354	5800.45
355	5795.58
356	5790.55
357	5785.39
358	5780.01
359	5774.28
360	5768.07
361	5761.22
362	5753.60
363	5745.06
364	5735.48
365	5724.85
366	5713.65
367	5702.80
368	5693.42
369	5686.63
370	5683.56
371	5685.32
372	5693.03
373	5707.72
374	5729.79
375	5758.15
376	5790.81
377	5825.54
378	5860.10
379	5892.26
380	5919.80
381	5940.49
382	5952.42
383	5954.97
384	5949.35
385	5937.52
386	5921.56
387	5903.52
388	5885.46
389	5869.45
390	5857.50
391	5851.23
392	5851.07
393	5856.52
394	5866.82
395	5881.19
396	5898.87
397	5919.07
398	5941.01
399	5963.94
400	5987.09
401	6009.76
402	6031.25
403	6050.88
404	6067.95
405	6081.78
406	6091.66
407	6096.94
408	6097.13
409	6092.41
410	6083.53
411	6071.44
412	6057.12
413	6041.52
414	6025.60
415	6010.32
416	5996.61
417	5985.10
418	5975.93
419	5968.97
420	5964.05
421	5960.98
422	5959.58
423	5959.67
424	5961.07
425	5963.57
426	5966.84
427	5970.45
428	5973.94
429	5976.85
430	5978.71
431	5979.06
432	5977.43
433	5973.43
434	5966.97
435	5958.65
436	5949.40
437	5940.21
438	5932.08
439	5926.01
440	5923.00
441	5924.02
442	5929.76
443	5939.98
444	5953.54
445	5968.98
446	5984.84
447	5999.67
448	6012.00
449	6020.36
450	6023.47
451	6020.84
452	6013.49
453	6003.20
454	5991.88
455	5981.44
456	5973.78
457	5970.82
458	5974.42
459	5985.99
460	6005.55
461	6031.94
462	6063.62
463	6099.06
464	6136.70
465	6175.01
466	6212.43
467	6247.51
468	6279.06
469	6306.43
470	6329.14
471	6346.79
472	6358.92
473	6365.14
474	6364.99
475	6358.14
476	6344.69
477	6326.03
478	6304.42
479	6282.36
480	6262.33
481	6246.83
482	6238.36
483	6239.38
484	6251.88
485	6276.02
486	6309.71
487	6350.08
488	6394.18
489	6439.03
490	6481.67
491	6519.15
492	6548.69
493	6568.64
494	6579.55
495	6583.13
496	6581.33
497	6576.13
498	6569.47
499	6563.32
500	6559.59
501	6559.75
502	6563.98
503	6571.31
504	6580.48
505	6590.21
506	6599.19
507	6606.16
508	6609.81
509	6609.07
510	6603.60
511	6594.09
512	6581.66
513	6567.48
514	6552.71
515	6538.52
516	6526.08
517	6516.43
518	6509.96
519	6505.73
520	6501.98
521	6496.82
522	6488.35
523	6474.69
524	6453.92
525	6424.24
526	6384.58
527	6336.01
528	6281.48
529	6224.42
530	6168.28
531	6116.54
532	6072.65
533	6040.06
534	6021.56
535	6017.64
536	6025.76
537	6042.33
538	6063.63
539	6085.92
540	6105.47
541	6118.55
542	6121.74
543	6113.05
544	6093.10
545	6063.86
546	6027.47
547	5986.11
548	5941.94
549	5897.13
550	5853.80
551	5813.62
552	5777.28
553	5744.74
554	5715.81
555	5690.29
556	5668.00
557	5648.72
558	5632.28
559	5618.66
560	5608.34
561	5602.29
562	5601.61
563	5607.41
564	5620.80
565	5642.91
566	5674.83
567	5717.31
568	5769.85
569	5830.28
570	5895.81
571	5963.63
572	6030.87
573	6094.69
574	6152.27
575	6201.09
576	6240.18
577	6271.13
578	6296.76
579	6320.06
580	6344.02
581	6371.64
582	6405.92
583	6449.63
584	6504.34
585	6568.95
586	6640.88
587	6717.19
588	6794.97
589	6871.29
590	6943.23
591	7007.94
592	7063.16
593	7108.11
594	7143.12
595	7168.77
596	7185.67
597	7194.42
598	7195.61
599	7189.84
600	7177.69
601	7159.65
602	7136.12
603	7107.51
604	7074.21
605	7036.60
606	6995.08
607	6950.05
608	6901.94
609	6851.28
610	6798.76
611	6745.10
612	6691.02
613	6637.23
614	6584.47
615	6533.46
616	6484.83
617	6438.97
618	6395.90
619	6355.53
620	6317.72
621	6282.36
622	6249.34
623	6218.53
624	6189.78
625	6162.82
626	6137.19
627	6112.35
628	6087.76
629	6062.88
630	6037.16
631	6010.05
632	5981.09
633	5950.11
634	5917.53
635	5883.98
636	5850.14
637	5816.72
638	5784.39
639	5753.83
640	5725.74
641	5700.75
642	5679.48
643	5662.49
644	5650.34
645	5643.62
646	5642.88
647	5648.68
648	5661.47
649	5680.99
650	5705.60
651	5732.94
652	5760.51
653	5785.81
654	5806.33
655	5819.59
656	5823.30
657	5816.45
658	5800.68
659	5779.08
660	5755.02
661	5731.90
662	5713.12
663	5702.04
664	5701.84
665	5714.28
666	5738.23
667	5770.89
668	5809.10
669	5849.71
670	5889.55
671	5925.48
672	5954.53
673	5974.97
674	5987.66
675	5994.95
676	5999.50
677	6003.99
678	6011.08
679	6023.44
680	6043.62
681	6073.49
682	6113.44
683	6163.05
684	6221.73
685	6288.87
686	6363.87
687	6446.13
688	6535.01
689	6629.69
690	6728.93
691	6831.27
692	6935.22
693	7039.29
694	7141.98
695	7241.79
696	7337.36
697	7428.00
698	7514.29
699	7597.55
700	7679.18
701	7760.59
702	7843.20
703	7928.43
704	8017.61
705	8111.66
706	8210.80
707	8314.85
708	8423.61
709	8536.86
710	8654.38
711	8775.95
712	8901.17
713	9028.90
714	9156.71
715	9281.64
716	9400.64
717	9510.65
718	9608.62
719	9691.51
720	9756.74
721	9803.59
722	9834.04
723	9851.14
724	9858.07
725	9858.03
726	9854.22
727	9849.79
728	9847.37
729	9847.49
730	9848.18
731	9846.53
732	9839.53
733	9824.20
734	9797.53
735	9756.58
736	9699.34
737	9626.76
738	9542.89
739	9452.75
740	9361.46
741	9274.12
742	9195.84
743	9131.61
744	9085.39
745	9058.12
746	9048.17
747	9053.23
748	9070.93
749	9098.93
750	9134.85
751	9176.37
752	9221.43
753	9268.56
754	9316.77
755	9365.12
756	9412.70
757	9458.59
758	9501.89
759	9541.70
760	9577.33
761	9608.43
762	9634.84
763	9656.44
764	9673.12
765	9684.77
766	9691.27
767	9692.57
768	9688.94
769	9681.07
770	9669.89
771	9656.36
772	9641.41
773	9626.01
774	9611.08
775	9597.45
776	9585.48
777	9575.00
778	9565.66
779	9557.08
780	9548.91
781	9540.76
782	9532.35
783	9524.20
784	9519.20
785	9522.26
786	9538.85
787	9574.49
788	9634.69
789	9724.94
790	9850.41
791	10013.94
792	10213.26
793	10442.87
794	10696.60
795	10968.25
796	11251.62
797	11540.53
798	11829.18
799	12113.61
800	12392.84
801	12667.29
802	12937.53
803	13204.19
804	13467.87
805	13729.18
806	13988.74
807	14247.23
808	14505.38
809	14763.94
810	15023.68
811	15285.33
812	15549.68
813	15817.54
814	16090.38
815	16371.37
816	16664.90
817	16975.71
818	17308.55
819	17668.17
820	18059.30
821	18486.12
822	18949.84
823	19446.17
824	19968.04
825	20507.89
826	21058.14
827	21611.22
828	22159.59
829	22696.50
830	23218.01
831	23723.58
832	24213.94
833	24689.89
834	25152.26
835	25601.88
836	26039.43
837	26464.39
838	26873.16
839	27259.75
840	27617.58
841	27940.06
842	28220.59
843	28452.60
844	28630.41
845	28752.89
846	28826.75
847	28862.45
848	28871.08
849	28863.74
850	28851.53
851	28845.45
852	28855.07
853	28885.24
854	28935.82
855	29005.09
856	29091.17
857	29192.18
858	29306.25
859	29431.44
860	29565.40
861	29704.92
862	29846.21
863	29985.38
864	30118.52
865	30241.74
866	30351.13
867	30442.90
868	30513.62
869	30560.36
870	30580.38
871	30570.96
872	30529.39
873	30452.98
874	30339.21
875	30187.34
876	30001.14
877	29787.75
878	29555.19
879	29311.48
880	29064.69
881	28822.80
882	28592.90
883	28377.92
884	28174.34
885	27975.89
886	27775.90
887	27567.68
888	27344.55
889	27100.11
890	26830.56
891	26539.40
892	26236.20
893	25932.16
894	25638.58
895	25366.76
896	25127.95
897	24932.30
898	24784.64
899	24681.14
900	24614.05
901	24575.02
902	24555.69
903	24547.70
904	24542.82
905	24534.22
906	24518.97
907	24497.43
908	24470.85
909	24440.53
910	24407.79
911	24373.93
912	24339.84
913	24304.73
914	24265.01
915	24215.89
916	24152.43
917	24069.63
918	23962.56
919	23826.51
920	23659.18
921	23464.69
922	23252.10
923	23031.75
924	22814.07
925	22609.49
926	22428.33
927	22279.64
928	22166.82
929	22085.43
930	22027.87
931	21986.14
932	21952.25
933	21918.20
934	21876.32
935	21821.47
936	21754.29
937	21679.31
938	21601.88
939	21527.41
940	21461.32
941	21408.92
942	21374.42
943	21357.97
944	21355.15
945	21359.98
946	21366.31
947	21368.01
948	21358.96
949	21333.66
950	21290.15
951	21233.04
952	21170.38
953	21110.82
954	21063.04
955	21035.70
956	21037.23
957	21073.62
958	21144.04
959	21241.88
960	21359.03
961	21487.22
962	21618.21
963	21743.77
964	21856.01
965	21948.39
966	22016.23
967	22055.54
968	22062.46
969	22033.10
970	21963.58
971	21850.22
972	21690.58
973	21484.73
974	21234.18
975	20940.75
976	20606.25
977	20232.51
978	19821.52
979	19377.21
980	18909.01
981	18431.24
982	17959.54
983	17509.68
984	17097.39
985	16738.30
986	16445.81
987	16224.46
988	16067.12
989	15962.19
990	15897.54
991	15861.04
992	15840.60
993	15824.94
994	15807.57
995	15791.01
996	15782.58
997	15790.40
998	15822.67
999	15887.55
1000	15992.81
1001	16142.97
1002	16334.12
1003	16556.07
1004	16797.09
1005	17045.38
1006	17289.13
1007	17516.69
1008	17718.48
1009	17891.80
1010	18041.19
1011	18173.53
1012	18295.87
1013	18415.28
1014	18538.78
1015	18672.43
1016	18818.18
1017	18972.03
1018	19127.58
1019	19278.08
1020	19416.80
1021	19537.01
1022	19632.60
1023	19700.82
1024	19745.35
1025	19773.26
1026	19792.22
1027	19809.92
1028	19834.05
1029	19871.91
1030	19927.89
1031	19999.49
1032	20079.41
1033	20159.32
1034	20230.81
1035	20285.49
1036	20315.21
1037	20314.38
1038	20284.88
1039	20235.11
1040	20175.34
1041	20115.92
1042	20067.22
1043	20039.53
1044	20041.90
1045	20079.09
1046	20151.15
1047	20256.53
1048	20393.57
1049	20560.57
1050	20755.90
1051	20978.32
1052	21228.44
1053	21509.30
1054	21824.91
1055	22179.40
1056	22576.89
1057	23021.44
1058	23515.66
1059	24055.24
1060	24624.60
1061	25203.06
1062	25769.22
1063	26301.62
1064	26778.87
1065	27181.45
1066	27500.05
1067	27744.68
1068	27935.41
1069	28094.08
1070	28242.59
1071	28402.79
1072	28595.22
1073	28831.89
1074	29106.73
1075	29402.91
1076	29701.46
1077	29983.29
1078	30229.38
1079	30421.15
1080	30543.75
1081	30590.92
1082	30562.13
1083	30458.12
1084	30279.70
1085	30027.67
1086	29702.92
1087	29307.03
1088	28843.31
1089	28316.35
1090	27731.04
1091	27092.27
1092	26404.95
1093	25674.22
1094	24907.08
1095	24115.66
1096	23316.05
1097	22525.35
1098	21760.72
1099	21039.34
1100	20377.95
1101	19789.56
1102	19276.80
1103	18833.73
1104	18452.12
1105	18123.63
1106	17839.91
1107	17592.71
1108	17374.99
1109	17182.96
1110	17015.67
1111	16872.90
1112	16754.49
1113	16660.28
1114	16589.87
1115	16540.63
1116	16503.55
1117	16464.23
1118	16406.78
1119	16315.22
1120	16173.57
1121	15966.36
1122	15683.00
1123	15326.55
1124	14911.47
1125	14455.28
1126	13975.72
1127	13490.50
1128	13017.03
1129	12569.81
1130	12155.44
1131	11774.19
1132	11424.67
1133	11105.38
1134	10814.85
1135	10551.60
1136	10314.27
1137	10101.81
1138	9913.41
1139	9748.32
1140	9605.77
1141	9485.01
1142	9385.18
1143	9304.67
1144	9240.02
1145	9186.53
1146	9139.17
1147	9092.92
1148	9042.75
1149	8983.96
1150	8913.93
1151	8834.76
1152	8751.43
1153	8669.58
1154	8594.86
1155	8532.90
1156	8488.90
1157	8465.57
1158	8460.58
1159	8468.82
1160	8484.65
1161	8502.44
1162	8516.55
1163	8521.86
1164	8515.79
1165	8500.26
1166	8479.31
1167	8457.34
1168	8438.76
1169	8427.96
1170	8428.75
1171	8442.43
1172	8466.61
1173	8497.35
1174	8530.50
1175	8561.91
1176	8587.47
1177	8603.71
1178	8609.54
1179	8606.80
1180	8598.35
1181	8587.18
1182	8576.26
1183	8568.51
1184	8566.23
1185	8569.67
1186	8577.11
1187	8586.25
1188	8594.72
1189	8600.18
1190	8600.37
1191	8593.94
1192	8581.91
1193	8567.11
1194	8552.82
1195	8542.36
1196	8539.03
1197	8545.88
1198	8564.48
1199	8593.15
1200	8628.31
1201	8666.03
1202	8702.33
1203	8733.25
1204	8755.42
1205	8768.09
1206	8774.89
1207	8781.45
1208	8793.70
1209	8817.57
1210	8858.92
1211	8922.45
1212	9008.46
1213	9111.93
1214	9225.93
1215	9343.34
1216	9457.02
1217	9560.05
1218	9647.40
1219	9719.62
1220	9782.09
1221	9841.56
1222	9904.84
1223	9978.76
1224	10069.78
1225	10182.14
1226	10315.14
1227	10465.05
1228	10627.51
1229	10798.14
1230	10972.56
1231	11146.96
1232	11319.95
1233	11493.99
1234	11673.22
1235	11862.02
1236	12064.79
1237	12285.89
1238	12529.39
1239	12798.37
1240	13094.85
1241	13420.51
1242	13777.01
1243	14166.00
1244	14589.12
1245	15047.83
1246	15543.21
1247	16076.07
1248	16647.17
1249	17257.25
1250	17907.01
1251	18596.15
1252	19319.57
1253	20064.18
1254	20813.24
1255	21549.44
1256	22255.46
1257	22914.18
1258	23511.08
1259	24040.30
1260	24504.98
1261	24911.20
1262	25265.22
1263	25573.35
1264	25841.45
1265	26072.51
1266	26262.92
1267	26404.85
1268	26489.52
1269	26508.16
1270	26452.06
1271	26314.31
1272	26095.75
1273	25808.31
1274	25468.49
1275	25093.37
1276	24700.02
1277	24305.37
1278	23924.62
1279	23568.18
1280	23242.34
1281	22952.33
1282	22703.28
1283	22500.37
1284	22349.18
1285	22257.63
1286	22237.79
1287	22303.75
1288	22469.99
1289	22750.95
1290	23160.67
1291	23707.87
1292	24383.85
1293	25162.28
1294	26011.26
1295	26898.45
1296	27791.51
1297	28658.53
1298	29470.19
1299	30202.46
1300	30834.29
1301	31345.19
1302	31714.68
1303	31922.57
1304	31952.42
1305	31801.03
1306	31479.98
1307	31005.88
1308	30395.78
1309	29666.78
1310	28836.24
1311	27923.25
1312	26950.58
1313	25943.21
1314	24926.52
1315	23925.92
1316	22966.56
1317	22069.82
1318	21243.81
1319	20481.62
1320	19771.28
1321	19100.32
1322	18456.29
1323	17827.28
1324	17204.76
1325	16587.12
1326	15976.72
1327	15376.69
1328	14790.18
1329	14220.32
1330	13669.98
1331	13141.11
1332	12634.72
1333	12151.53
1334	11692.20
1335	11257.45
1336	10848.09
1337	10465.73
1338	10113.33
1339	9794.60
1340	9513.36
1341	9273.41
1342	9078.36
1343	8929.53
1344	8821.67
1345	8743.77
1346	8683.24
1347	8627.35
1348	8563.46
1349	8480.44
1350	8373.80
1351	8249.08
1352	8116.03
1353	7984.98
1354	7866.24
1355	7769.70
1356	7701.74
1357	7660.54
1358	7638.72
1359	7627.68
1360	7618.74
1361	7603.31
1362	7574.20
1363	7529.06
1364	7470.85
1365	7404.31
1366	7334.35
1367	7265.87
1368	7203.26
1369	7148.39
1370	7098.65
1371	7049.31
1372	6995.25
1373	6931.36
1374	6852.71
1375	6755.94
1376	6641.73
1377	6513.69
1378	6376.22
1379	6233.73
1380	6090.60
1381	5950.75
1382	5816.47
1383	5688.20
1384	5565.71
1385	5448.74
1386	5337.04
1387	5230.80
1388	5132.46
1389	5048.27
1390	4986.24
1391	4954.70
1392	4961.95
1393	5015.71
1394	5119.36
1395	5266.04
1396	5442.02
1397	5632.03
1398	5820.70
1399	5992.93
1400	6136.27
1401	6246.72
1402	6328.32
1403	6387.55
1404	6431.05
1405	6465.52
1406	6497.89
1407	6536.18
1408	6589.87
1409	6669.00
1410	6783.66
1411	6943.93
1412	7158.79
1413	7431.43
1414	7754.47
1415	8115.20
1416	8500.01
1417	8895.30
1418	9288.48
1419	9674.48
1420	10065.80
1421	10486.64
1422	10963.80
1423	11524.17
1424	12194.39
1425	12998.07
1426	13950.22
1427	15058.33
1428	16327.81
1429	17763.93
1430	19371.46
1431	21148.05
1432	23066.51
1433	25071.98
1434	27100.30
1435	29086.43
1436	30965.54
1437	32676.97
1438	34177.56
1439	35448.55
1440	36480.94
1441	37266.94
1442	37798.93
1443	38071.79
1444	38093.01
1445	37891.51
1446	37506.30
1447	36977.96
1448	36347.11
1449	35653.19
1450	34928.57
1451	34191.52
1452	33452.46
1453	32720.36
1454	32004.09
1455	31311.61
1456	30644.59
1457	29990.22
1458	29326.40
1459	28628.97
1460	27873.76
1461	27037.63
1462	26106.65
1463	25090.14
1464	24014.60
1465	22910.71
1466	21809.39
1467	20740.87
1468	19729.26
1469	18781.47
1470	17890.26
1471	17044.60
1472	16233.24
1473	15445.15
1474	14672.13
1475	13914.31
1476	13179.35
1477	12477.09
1478	11817.53
1479	11210.43
1480	10663.12
1481	10175.07
1482	9738.25
1483	9342.29
1484	8976.67
1485	8631.00
1486	8296.67
1487	7970.90
1488	7656.80
1489	7359.36
1490	7083.71
1491	6834.88
1492	6616.61
1493	6428.28
1494	6264.75
1495	6119.44
1496	5985.64
1497	5856.71
1498	5726.91
1499	5593.45
1500	5456.65
1501	5317.82
1502	5178.35
1503	5039.64
1504	4902.96
1505	4769.27
1506	4639.14
1507	4513.06
1508	4391.51
1509	4274.96
1510	4164.02
1511	4059.73
1512	3963.50
1513	3876.87
1514	3801.41
1515	3738.58
1516	3689.06
1517	3651.06
1518	3620.55
1519	3592.82
1520	3563.14
1521	3526.92
1522	3481.01
1523	3426.31
1524	3367.13
1525	3308.72
1526	3256.37
1527	3215.13
1528	3188.06
1529	3172.98
1530	3163.80
1531	3153.43
1532	3134.76
1533	3101.09
1534	3048.78
1535	2981.30
1536	2906.85
1537	2834.68
1538	2774.06
1539	2733.57
1540	2717.48
1541	2721.21
1542	2735.14
1543	2748.66
1544	2751.19
1545	2733.21
1546	2690.77
1547	2629.71
1548	2560.63
1549	2494.91
1550	2443.87
1551	2417.34
1552	2418.67
1553	2441.81
1554	2476.82
1555	2513.26
1556	2540.81
1557	2550.79
1558	2540.64
1559	2514.86
1560	2480.42
1561	2444.51
1562	2414.20
1563	2394.87
1564	2386.92
1565	2386.20
1566	2387.27
1567	2384.58
1568	2372.89
1569	2349.22
1570	2316.14
1571	2280.07
1572	2248.37
1573	2228.37
1574	2226.80
1575	2246.74
1576	2284.34
1577	2332.05
1578	2381.66
1579	2424.99
1580	2454.75
1581	2467.49
1582	2465.23
1583	2452.24
1584	2433.05
1585	2412.18
1586	2393.53
1587	2379.05
1588	2368.72
1589	2361.84
1590	2357.71
1591	2355.64
1592	2355.44
1593	2358.07
1594	2365.31
1595	2379.17
1596	2401.61
1597	2434.30
1598	2477.13
1599	2526.80
1600	2578.40
1601	2626.75
1602	2666.72
1603	2694.06
1604	2707.92
1605	2711.53
1606	2709.68
1607	2707.27
1608	2709.22
1609	2720.24
1610	2744.54
1611	2785.92
1612	2848.08
1613	2934.67
1614	3048.85
1615	3190.94
1616	3355.86
1617	3535.72
1618	3722.13
1619	3906.79
1620	4083.19
1621	4251.39
1622	4419.46
1623	4598.27
1624	4798.99
1625	5032.56
1626	5307.73
1627	5627.78
1628	5991.90
1629	6398.31
1630	6845.19
1631	7331.05
1632	7856.10
1633	8423.27
1634	9036.75
1635	9700.96
1636	10420.51
1637	11202.54
1638	12062.13
1639	13022.06
1640	14107.38
1641	15343.29
1642	16753.71
1643	18354.87
1644	20147.41
1645	22123.32
1646	24272.92
1647	26585.87
1648	29043.21
1649	31594.68
1650	34153.87
1651	36621.84
1652	38898.48
1653	40884.80
1654	42490.06
1655	43642.12
1656	44280.70
1657	44348.03
1658	43787.50
1659	42560.16
1660	40695.43
1661	38309.38
1662	35550.22
1663	32569.62
1664	29516.49
1665	26518.64
1666	23654.38
1667	20969.14
1668	18501.01
1669	16287.31
1670	14358.76
1671	12720.38
1672	11344.62
1673	10191.82
1674	9221.01
1675	8392.10
1676	7671.63
1677	7040.97
1678	6491.01
1679	6014.68
1680	5604.98
1681	5254.80
1682	4956.58
1683	4702.28
1684	4483.67
1685	4292.51
1686	4120.93
1687	3963.22
1688	3818.04
1689	3686.52
1690	3570.26
1691	3470.80
1692	3388.90
1693	3322.83
1694	3268.43
1695	3220.83
1696	3175.09
1697	3126.87
1698	3074.53
1699	3020.99
1700	2971.23
1701	2930.55
1702	2904.00
1703	2894.60
1704	2900.10
1705	2914.33
1706	2930.16
1707	2940.48
1708	2939.59
1709	2926.97
1710	2908.40
1711	2891.96
1712	2885.92
1713	2897.99
1714	2932.67
1715	2988.31
1716	3059.96
1717	3142.15
1718	3229.59
1719	3319.27
1720	3414.39
1721	3523.21
1722	3655.33
1723	3820.30
1724	4025.97
1725	4273.49
1726	4555.74
1727	4862.56
1728	5183.49
1729	5508.90
1730	5833.61
1731	6160.65
1732	6497.24
1733	6851.25
1734	7230.09
1735	7636.95
1736	8064.36
1737	8497.12
1738	8918.13
1739	9310.32
1740	9658.21
1741	9951.48
1742	10185.23
1743	10356.28
1744	10461.62
1745	10498.38
1746	10464.42
1747	10358.58
1748	10180.17
1749	9928.52
1750	9603.51
1751	9207.78
1752	8749.50
1753	8239.78
1754	7690.29
1755	7112.88
1756	6520.73
1757	5930.35
1758	5360.58
1759	4830.82
1760	4360.10
1761	3962.96
1762	3640.29
1763	3380.27
1764	3167.39
1765	2985.95
1766	2821.87
1767	2667.08
1768	2520.60
1769	2383.98
1770	2259.01
1771	2147.20
1772	2048.91
1773	1962.72
1774	1886.48
1775	1817.96
1776	1755.19
1777	1697.63
1778	1647.34
1779	1607.63
1780	1582.02
1781	1573.60
1782	1582.68
1783	1603.74
1784	1627.84
1785	1645.38
1786	1647.20
1787	1627.59
1788	1589.14
1789	1540.05
1790	1489.77
1791	1447.59
1792	1420.45
1793	1409.12
1794	1409.59
1795	1416.66
1796	1425.12
1797	1430.73
1798	1432.00
1799	1429.80
1800	1425.67
1801	1421.17
1802	1417.42
1803	1414.22
1804	1410.16
1805	1403.43
1806	1392.28
1807	1375.92
1808	1356.58
1809	1339.61
1810	1331.29
1811	1337.85
1812	1363.34
1813	1404.54
1814	1450.55
1815	1488.02
1816	1503.59
1817	1487.36
1818	1441.22
1819	1379.71
1820	1321.60
1821	1285.68
1822	1286.36
1823	1323.01
1824	1378.82
1825	1431.64
1826	1459.24
1827	1444.33
1828	1386.30
1829	1302.11
1830	1214.36
1831	1145.78
1832	1114.25
1833	1121.94
1834	1155.27
1835	1195.69
1836	1224.67
1837	1228.16
1838	1205.87
1839	1170.45
1840	1138.39
1841	1125.98
1842	1144.95
1843	1193.84
1844	1259.89
1845	1327.21
1846	1380.22
1847	1407.55
1848	1408.96
1849	1392.77
1850	1369.44
1851	1349.06
1852	1338.22
1853	1335.18
1854	1332.62
1855	1321.99
1856	1295.50
1857	1250.46
1858	1194.86
1859	1142.77
1860	1109.43
1861	1108.34
1862	1143.77
1863	1203.66
1864	1267.89
1865	1315.21
1866	1327.25
1867	1298.33
1868	1241.37
1869	1176.97
1870	1126.51
1871	1107.99
1872	1126.97
1873	1174.51
1874	1236.61
1875	1298.98
1876	1349.23
1877	1380.87
1878	1392.75
1879	1385.26
1880	1359.10
1881	1316.41
1882	1262.87
1883	1206.63
1884	1156.37
1885	1120.25
1886	1103.08
1887	1103.38
1888	1116.32
1889	1136.51
1890	1158.75
1891	1178.83
1892	1193.90
1893	1201.70
1894	1200.10
1895	1188.08
1896	1168.12
1897	1146.27
1898	1129.70
1899	1125.21
1900	1136.31
1901	1158.23
1902	1180.42
1903	1191.00
1904	1179.39
1905	1142.37
1906	1089.75
1907	1037.80
1908	1003.66
1909	1001.60
1910	1035.06
1911	1094.38
1912	1165.28
1913	1233.32
1914	1287.02
1915	1322.83
1916	1343.45
1917	1353.20
1918	1356.28
1919	1355.94
1920	1353.56
1921	1349.64
1922	1344.48
1923	1338.29
1924	1330.90
1925	1321.74
1926	1310.08
1927	1295.26
1928	1277.20
1929	1257.24
1930	1237.78
1931	1221.44
1932	1210.44
1933	1205.11
1934	1202.78
1935	1199.41
1936	1190.92
1937	1174.44
1938	1150.94
1939	1124.95
1940	1101.99
1941	1087.30
1942	1083.86
1943	1090.28
1944	1102.80
1945	1117.31
1946	1130.46
1947	1141.62
1948	1153.21
1949	1168.64
1950	1191.13
1951	1221.85
1952	1257.57
1953	1292.38
1954	1319.88
1955	1334.94
1956	1337.02
1957	1331.25
1958	1324.69
1959	1324.13
1960	1332.78
1961	1345.85
1962	1353.46
1963	1344.84
1964	1311.94
1965	1257.01
1966	1194.58
1967	1143.58
1968	1122.06
1969	1139.54
1970	1187.12
1971	1244.81
1972	1290.64
1973	1306.57
1974	1288.46
1975	1247.33
1976	1199.19
1977	1159.51
1978	1138.22
1979	1134.52
1980	1142.00
1981	1153.31
1982	1162.19
1983	1165.71
1984	1163.97
1985	1157.95
1986	1148.83
1987	1138.43
1988	1129.60
1989	1125.58
1990	1129.45
1991	1142.54
1992	1161.86
1993	1181.45
1994	1194.76
1995	1196.61
1996	1186.70
1997	1170.28
1998	1154.45
1999	1145.84
2000	1147.76
2001	1157.58
2002	1169.76
2003	1178.51
2004	1179.92
2005	1175.05
2006	1168.62
2007	1166.20
2008	1171.69
2009	1182.95
2010	1190.93
2011	1184.29
2012	1153.11
2013	1095.85
2014	1025.01
2015	959.74
2016	919.31
2017	916.48
2018	948.54
2019	1002.55
2020	1063.45
2021	1118.38
2022	1161.53
2023	1193.83
2024	1218.13
2025	1236.60
2026	1248.05
2027	1246.84
2028	1225.67
2029	1178.46
2030	1106.36
2031	1023.49
2032	950.30
2033	907.10
2034	906.02
2035	940.26
2036	990.91
2037	1036.89
2038	1061.94
2039	1063.65
2040	1051.12
2041	1036.50
2042	1030.73
2043	1039.97
2044	1065.32
2045	1106.15
2046	1160.78
2047	1223.74
2048	1284.57
2049	1330.94
2050	1351.73
2051	1342.49
2052	1309.63
2053	1264.38
2054	1218.30
2055	1180.54
2056	1155.65
2057	1145.79
2058	1152.23
2059	1173.39
2060	1201.52
2061	1225.16
2062	1232.77
2063	1218.05
2064	1187.39
2065	1155.82
2066	1139.67
2067	1148.86
2068	1176.44
2069	1202.53
2070	1204.82
2071	1168.37
2072	1099.42
2073	1021.83
2074	963.52
2075	945.92
2076	970.50
2077	1021.03
2078	1076.61
2079	1119.72
2080	1144.04
2081	1153.60
2082	1155.35
2083	1155.35
2084	1156.27
2085	1157.59
2086	1157.86
2087	1155.94
2088	1151.74
2089	1146.20
2090	1140.52
2091	1135.50
2092	1130.65
2093	1124.36
2094	1114.82
2095	1101.74
2096	1089.32
2097	1085.66
2098	1099.50
2099	1135.59
2100	1187.61
2101	1240.25
2102	1276.54
2103	1285.11
2104	1269.23
2105	1242.98
2106	1222.33
2107	1218.20
2108	1229.31
2109	1246.40
2110	1259.02
2111	1260.24
2112	1250.55
2113	1234.76
2114	1218.14
2115	1203.99
2116	1192.03
2117	1180.20
2118	1166.67
2119	1151.85
2120	1139.58
2121	1135.09
2122	1142.59
2123	1161.57
2124	1185.72
2125	1206.75
2126	1217.91
2127	1218.04
2128	1211.46
2129	1204.10
2130	1201.17
2131	1205.79
2132	1219.40
2133	1242.58
2134	1272.94
2135	1301.91
2136	1317.36
2137	1308.37
2138	1273.20
2139	1224.94
2140	1183.19
2141	1165.11
2142	1175.38
2143	1203.87
2144	1235.61
2145	1258.73
2146	1271.61
2147	1281.22
2148	1296.08
2149	1319.87
2150	1345.73
2151	1360.66
2152	1352.75
2153	1320.14
2154	1276.06
2155	1239.72
2156	1226.58
2157	1237.51
2158	1258.88
2159	1273.38
2160	1268.93
2161	1246.36
2162	1214.76
2163	1184.22
2164	1161.20
2165	1146.40
2166	1138.11
2167	1134.42
2168	1133.99
2169	1136.01
2170	1139.69
2171	1143.25
2172	1142.81
2173	1133.37
2174	1111.25
2175	1078.93
2176	1046.87
2177	1027.96
2178	1030.41
2179	1049.49
2180	1070.76
2181	1079.31
2182	1069.32
2183	1049.58
2184	1035.02
2185	1036.87
2186	1052.67
2187	1067.86
2188	1066.19
2189	1040.90
2190	1002.53
2191	969.93
2192	959.37
2193	974.78
2194	1008.07
2195	1047.65
2196	1082.18
2197	1101.34
2198	1095.71
2199	1060.88
2200	1007.61
2201	961.02
2202	947.56
2203	978.39
2204	1037.28
2205	1095.23
2206	1126.89
2207	1123.68
2208	1091.59
2209	1041.15
2210	985.68
2211	942.27
2212	928.59
2213	954.09
2214	1007.08
2215	1061.07
2216	1090.07
2217	1083.19
2218	1048.07
2219	998.96
2220	950.39
2221	916.10
2222	908.80
2223	934.93
2224	982.95
2225	1025.74
2226	1036.41
2227	1007.18
2228	957.24
2229	915.03
2230	900.01
2231	910.04
2232	930.56
2233	946.91
2234	951.32
2235	942.31
2236	921.99
2237	899.96
2238	895.37
2239	927.95
2240	1000.52
2241	1083.53
2242	1132.53
2243	1116.13
2244	1043.09
2245	950.83
2246	877.07
2247	838.02
2248	827.95
2249	834.99
2250	849.71
2251	866.77
2252	882.35
2253	892.25
2254	891.31
2255	874.85
2256	845.11
2257	820.11
2258	826.48
2259	879.91
2260	960.51
2261	1020.89
2262	1020.84
2263	966.84
2264	911.68
2265	910.41
2266	973.08
2267	1054.17
2268	1095.61
2269	1069.87
2270	996.23
2271	911.17
2272	843.27
2273	803.90
2274	794.99
2275	809.50
2276	825.87
2277	817.83
2278	775.37
2279	724.40
2280	708.10
2281	750.80
2282	826.96
2283	883.14
2284	882.17
2285	838.98
2286	800.48
2287	803.10
2288	840.59
2289	879.12
2290	890.75
2291	877.57
2292	861.63
2293	862.37
2294	881.64
2295	909.04
2296	931.05
2297	933.35
2298	902.65
2299	836.31
2300	755.85
2301	695.80
2302	679.17
2303	697.86
2304	727.13
2305	749.30
2306	767.38
2307	793.53
2308	830.94
2309	863.76
2310	870.70
2311	846.90
2312	814.51
2313	801.87
2314	816.65
2315	837.99
2316	840.98
2317	823.21
2318	807.10
2319	814.46
2320	841.49
2321	863.08
2322	862.34
2323	857.63
2324	887.18
2325	964.61
2326	1044.18
2327	1058.40
2328	984.95
2329	878.73
2330	813.78
2331	816.20
2332	853.30
2333	881.86
2334	884.67
2335	867.66
2336	843.32
2337	825.13
2338	824.52
2339	841.78
2340	860.62
2341	864.55
2342	859.47
2343	872.72
2344	917.87
2345	957.64
2346	930.28
2347	820.54
2348	701.47
2349	663.30
2350	719.81
2351	801.56
2352	840.66
2353	836.00
2354	825.19
2355	825.61
2356	811.75
2357	756.72
2358	682.35
2359	648.28
2360	684.54
2361	743.53
2362	756.49
2363	717.38
2364	690.38
2365	726.91
2366	799.09
2367	842.49
2368	832.16
2369	801.05
2370	786.32
2371	786.80
2372	781.32
2373	768.13
2374	774.13
2375	818.04
2376	875.11
2377	902.62
2378	891.86
2379	877.09
2380	881.11
2381	871.17
2382	801.72
2383	689.35
2384	611.21
2385	617.90
2386	678.40
2387	736.16
2388	770.35
2389	792.23
2390	815.38
2391	844.23
2392	872.53
2393	879.19
2394	843.77
2395	772.75
2396	696.48
2397	643.47
2398	628.17
2399	651.43
2400	696.26
2401	737.57
2402	753.99
2403	736.40
2404	706.34
2405	712.25
2406	765.76
2407	800.67
2408	765.42
2409	726.50
2410	779.31
2411	880.13
2412	888.65
2413	778.35
2414	675.00
2415	659.95
2416	671.06
2417	637.71
2418	587.41
2419	574.62
2420	596.81
2421	625.64
2422	667.29
2423	739.67
2424	803.21
2425	791.20
2426	732.63
2427	737.55
2428	811.73
2429	829.37
2430	754.15
2431	711.66
2432	767.90
2433	824.81
2434	804.79
2435	760.22
2436	757.29
2437	794.75
2438	847.47
2439	897.06
2440	911.08
2441	843.78
2442	723.72
2443	681.19
2444	760.32
2445	835.11
2446	824.74
2447	792.04
2448	785.85
2449	776.01
2450	749.56
