150	4347.05
151	4358.66
152	4366.96
153	4366.15
154	4356.26
155	4338.83
156	4315.89
157	4289.52
158	4261.79
159	4234.77
160	4210.54
161	4191.15
162	4178.40
163	4173.05
164	4174.62
165	4182.16
166	4194.69
167	4211.20
168	4230.71
169	4252.22
170	4274.75
171	4297.39
172	4319.58
173	4341.15
174	4362.12
175	4382.48
176	4402.26
177	4421.47
178	4440.12
179	4458.24
180	4475.85
181	4493.08
182	4510.17
183	4527.38
184	4544.98
185	4563.24
186	4582.44
187	4602.85
188	4624.74
189	4648.29
190	4673.39
191	4699.57
192	4726.25
193	4752.80
194	4778.64
195	4803.15
196	4825.72
197	4845.76
198	4862.80
199	4876.83
200	4888.35
201	4898.07
202	4906.66
203	4914.84
204	4923.30
205	4932.74
206	4943.85
207	4957.19
208	4972.84
209	4990.42
210	5009.36
211	5029.12
212	5049.14
213	5068.86
214	5087.72
215	5105.17
216	5120.80
217	5134.61
218	5146.99
219	5158.44
220	5169.49
221	5180.64
222	5192.41
223	5205.31
224	5219.83
225	5236.33
226	5254.73
227	5274.61
228	5295.43
229	5316.68
230	5337.82
231	5358.33
232	5377.68
233	5395.36
234	5411.04
235	5424.80
236	5437.03
237	5448.17
238	5458.69
239	5469.05
240	5479.72
241	5491.14
242	5503.76
243	5517.86
244	5533.35
245	5549.97
246	5567.39
247	5585.29
248	5603.33
249	5621.19
250	5638.56
251	5655.09
252	5670.51
253	5684.59
254	5697.13
255	5707.92
256	5716.78
257	5723.50
258	5727.89
259	5729.76
260	5728.97
261	5725.57
262	5719.98
263	5712.73
264	5704.39
265	5695.50
266	5686.64
267	5678.35
268	5671.21
269	5665.72
270	5662.28
271	5661.11
272	5662.37
273	5666.23
274	5672.84
275	5682.37
276	5694.97
277	5710.80
278	5729.90
279	5752.00
280	5776.56
281	5802.91
282	5830.40
283	5858.40
284	5886.24
285	5913.28
286	5938.87
287	5962.39
288	5983.32
289	6001.18
290	6015.52
291	6025.89
292	6031.82
293	6032.85
294	6028.54
295	6018.52
296	6002.84
297	5982.43
298	5958.65
299	5932.93
300	5906.71
301	5881.45
302	5858.57
303	5839.51
304	5825.48
305	5816.79
306	5812.48
307	5811.08
308	5811.06
309	5810.90
310	5809.06
311	5804.01
312	5794.26
313	5778.71
314	5757.55
315	5732.26
316	5704.68
317	5676.71
318	5650.22
319	5627.10
320	5609.23
321	5598.43
322	5595.95
323	5601.74
324	5614.84
325	5634.10
326	5658.33
327	5686.38
328	5717.07
329	5749.23
330	5781.70
331	5813.41
332	5843.42
333	5870.85
334	5894.82
335	5914.46
336	5928.90
337	5937.28
338	5938.74
339	5932.66
340	5919.25
341	5899.68
342	5875.43
343	5848.02
344	5818.97
345	5789.79
346	5762.00
347	5737.08
348	5716.24
349	5699.98
350	5688.30
351	5681.04
352	5678.07
353	5679.23
354	5684.39
355	5693.38
356	5706.00
357	5721.66
358	5739.13
359	5756.91
360	5773.43
361	5787.12
362	5796.42
363	5799.77
364	5795.64
365	5782.96
366	5762.27
367	5735.82
368	5706.40
369	5676.87
370	5650.07
371	5628.85
372	5616.07
373	5614.41
374	5625.54
375	5648.67
376	5681.50
377	5721.35
378	5765.55
379	5811.42
380	5856.28
381	5897.45
382	5932.52
383	5960.11
384	5980.36
385	5994.00
386	6001.84
387	6004.71
388	6003.42
389	5998.78
390	5991.62
391	5982.77
392	5973.06
393	5963.38
394	5954.58
395	5947.54
396	5943.14
397	5942.24
398	5945.70
399	5954.27
400	5968.02
401	5985.87
402	6006.20
403	6027.29
404	6047.45
405	6064.95
406	6078.08
407	6085.17
408	6084.96
409	6077.52
410	6064.19
411	6046.69
412	6026.75
413	6006.12
414	5986.56
415	5969.79
416	5957.45
417	5950.53
418	5948.78
419	5951.32
420	5957.16
421	5965.29
422	5974.71
423	5984.41
424	5993.42
425	6000.86
426	6006.33
427	6009.87
428	6011.69
429	6011.98
430	6010.95
431	6008.79
432	6005.72
433	6001.94
434	5997.68
435	5993.20
436	5988.78
437	5984.72
438	5981.29
439	5978.79
440	5977.51
441	5977.72
442	5979.64
443	5983.27
444	5988.39
445	5994.71
446	6001.94
447	6009.80
448	6017.98
449	6026.20
450	6034.19
451	6041.86
452	6049.38
453	6057.08
454	6065.30
455	6074.38
456	6084.68
457	6096.54
458	6110.30
459	6126.11
460	6143.61
461	6162.00
462	6180.32
463	6197.64
464	6213.00
465	6225.45
466	6234.06
467	6238.04
468	6237.39
469	6233.29
470	6227.46
471	6221.68
472	6217.73
473	6217.43
474	6222.54
475	6234.77
476	6255.14
477	6282.93
478	6316.21
479	6352.71
480	6390.15
481	6426.27
482	6458.81
483	6485.49
484	6504.42
485	6514.94
486	6517.92
487	6514.81
488	6507.08
489	6496.25
490	6483.80
491	6471.23
492	6459.98
493	6451.21
494	6445.53
495	6443.23
496	6444.55
497	6449.72
498	6458.99
499	6472.60
500	6490.74
501	6513.39
502	6539.77
503	6568.48
504	6597.92
505	6626.52
506	6652.68
507	6674.79
508	6691.29
509	6700.76
510	6702.58
511	6697.17
512	6685.38
513	6668.09
514	6646.21
515	6620.61
516	6592.20
517	6561.86
518	6530.47
519	6498.85
520	6467.81
521	6438.14
522	6410.65
523	6386.12
524	6365.37
525	6349.15
526	6337.83
527	6330.68
528	6326.02
529	6321.92
530	6316.41
531	6307.54
532	6293.36
533	6271.95
534	6241.79
535	6203.00
536	6157.76
537	6109.00
538	6059.74
539	6012.98
540	5971.74
541	5939.03
542	5917.55
543	5908.42
544	5909.90
545	5918.86
546	5931.91
547	5945.65
548	5956.69
549	5961.66
550	5957.30
551	5941.54
552	5915.10
553	5880.59
554	5841.08
555	5799.66
556	5759.41
557	5723.42
558	5694.71
559	5675.82
560	5667.65
561	5669.58
562	5680.55
563	5699.47
564	5725.23
565	5756.73
566	5792.87
567	5832.57
568	5874.76
569	5918.42
570	5962.53
571	6006.10
572	6048.11
573	6087.55
574	6123.43
575	6154.87
576	6181.69
577	6204.81
578	6225.71
579	6245.91
580	6266.96
581	6290.41
582	6317.77
583	6350.51
584	6389.37
585	6433.73
586	6482.14
587	6533.01
588	6584.71
589	6635.62
590	6684.15
591	6728.73
592	6768.28
593	6802.90
594	6833.55
595	6861.42
596	6887.71
597	6913.60
598	6940.28
599	6968.90
600	7000.06
601	7032.80
602	7064.71
603	7092.99
604	7114.80
605	7127.31
606	7127.67
607	7113.11
608	7081.52
609	7033.16
610	6970.86
611	6898.30
612	6819.22
613	6737.38
614	6656.53
615	6580.41
616	6512.31
617	6453.89
618	6404.70
619	6363.47
620	6328.87
621	6299.53
622	6274.12
623	6251.28
624	6229.79
625	6208.85
626	6188.31
627	6168.32
628	6149.05
629	6130.70
630	6113.42
631	6097.40
632	6082.77
633	6069.36
634	6056.60
635	6043.68
636	6029.77
637	6014.03
638	5995.65
639	5973.80
640	5947.76
641	5917.52
642	5884.22
643	5849.66
644	5815.71
645	5784.25
646	5757.17
647	5736.33
648	5723.48
649	5719.47
650	5723.53
651	5733.96
652	5748.93
653	5766.58
654	5785.05
655	5802.50
656	5817.19
657	5827.95
658	5834.88
659	5838.72
660	5840.39
661	5840.78
662	5840.80
663	5841.36
664	5843.28
665	5847.07
666	5852.44
667	5858.69
668	5865.03
669	5870.66
670	5874.77
671	5876.59
672	5875.44
673	5871.44
674	5866.35
675	5862.93
676	5864.09
677	5872.78
678	5891.93
679	5924.48
680	5973.08
681	6038.80
682	6119.33
683	6210.43
684	6307.47
685	6405.83
686	6500.87
687	6587.97
688	6662.84
689	6723.17
690	6770.69
691	6809.35
692	6843.52
693	6877.59
694	6915.96
695	6963.00
696	7022.81
697	7097.99
698	7188.15
699	7291.39
700	7405.52
701	7528.35
702	7657.66
703	7791.27
704	7927.07
705	8063.45
706	8199.62
707	8335.23
708	8470.00
709	8603.64
710	8735.88
711	8866.42
712	8994.90
713	9120.63
714	9242.32
715	9358.46
716	9467.49
717	9567.84
718	9657.96
719	9736.29
720	9801.50
721	9853.13
722	9891.98
723	9919.36
724	9936.64
725	9945.21
726	9946.45
727	9941.71
728	9932.18
729	9918.28
730	9899.52
731	9875.08
732	9844.10
733	9805.75
734	9759.17
735	9703.53
736	9638.50
737	9565.31
738	9486.80
739	9406.33
740	9327.29
741	9253.10
742	9187.14
743	9132.74
744	9092.46
745	9066.67
746	9053.87
747	9052.08
748	9059.25
749	9073.35
750	9092.37
751	9114.34
752	9137.80
753	9162.57
754	9189.29
755	9218.82
756	9252.00
757	9289.69
758	9332.76
759	9381.93
760	9437.27
761	9497.51
762	9560.62
763	9624.49
764	9686.96
765	9745.87
766	9799.10
767	9844.65
768	9881.21
769	9908.54
770	9926.83
771	9936.38
772	9937.46
773	9930.34
774	9915.32
775	9892.87
776	9864.15
777	9831.07
778	9795.87
779	9760.77
780	9728.00
781	9699.82
782	9678.46
783	9666.33
784	9666.17
785	9681.09
786	9714.29
787	9768.97
788	9848.30
789	9955.50
790	10093.46
791	10263.29
792	10461.97
793	10683.98
794	10923.23
795	11173.62
796	11429.05
797	11683.42
798	11931.23
799	12169.58
800	12399.90
801	12625.58
802	12850.30
803	13077.75
804	13311.63
805	13555.58
806	13812.54
807	14083.00
808	14364.70
809	14654.41
810	14948.82
811	15244.61
812	15538.49
813	15827.37
814	16110.02
815	16390.08
816	16674.89
817	16972.72
818	17291.88
819	17640.67
820	18027.37
821	18459.34
822	18938.89
823	19459.07
824	20008.20
825	20573.77
826	21143.25
827	21704.12
828	22243.96
829	22752.15
830	23224.78
831	23665.99
832	24082.81
833	24482.58
834	24872.62
835	25260.26
836	25652.48
837	26053.35
838	26459.25
839	26860.81
840	27247.17
841	27607.42
842	27930.64
843	28205.96
844	28423.69
845	28580.14
846	28682.05
847	28741.14
848	28769.93
849	28780.99
850	28786.86
851	28799.96
852	28830.99
853	28884.81
854	28960.20
855	29053.94
856	29162.66
857	29282.99
858	29411.55
859	29545.00
860	29680.26
861	29814.77
862	29946.35
863	30072.86
864	30192.18
865	30302.20
866	30400.76
867	30485.55
868	30553.39
869	30600.03
870	30620.80
871	30610.97
872	30565.81
873	30480.61
874	30350.96
875	30175.00
876	29957.53
877	29708.32
878	29438.39
879	29158.81
880	28880.64
881	28614.91
882	28371.34
883	28153.75
884	27956.95
885	27771.77
886	27588.52
887	27397.47
888	27188.93
889	26953.52
890	26685.39
891	26388.36
892	26074.33
893	25757.37
894	25451.68
895	25171.45
896	24930.84
897	24742.60
898	24612.91
899	24537.15
900	24505.88
901	24508.88
902	24535.91
903	24576.75
904	24621.32
905	24660.99
906	24691.26
907	24711.07
908	24720.30
909	24718.92
910	24706.86
911	24684.07
912	24650.30
913	24604.51
914	24544.33
915	24466.82
916	24368.98
917	24247.76
918	24100.17
919	23923.45
920	23717.02
921	23486.21
922	23240.96
923	22992.32
924	22751.47
925	22529.54
926	22337.62
927	22185.35
928	22076.37
929	22005.84
930	21965.59
931	21946.97
932	21941.36
933	21940.11
934	21934.87
935	21919.28
936	21891.64
937	21853.33
938	21806.44
939	21753.06
940	21695.30
941	21635.26
942	21574.84
943	21515.28
944	21457.03
945	21400.30
946	21345.27
947	21292.12
948	21241.03
949	21192.31
950	21146.98
951	21107.38
952	21076.56
953	21057.66
954	21053.86
955	21068.31
956	21104.05
957	21162.89
958	21243.21
959	21340.46
960	21449.35
961	21564.50
962	21680.55
963	21792.14
964	21893.87
965	21980.27
966	22045.74
967	22084.62
968	22091.27
969	22060.03
970	21985.24
971	21861.64
972	21686.10
973	21460.03
974	21187.41
975	20872.72
976	20520.49
977	20135.23
978	19721.54
979	19285.10
980	18834.61
981	18381.43
982	17937.70
983	17515.56
984	17127.20
985	16784.68
986	16498.55
987	16273.22
988	16104.96
989	15986.98
990	15912.13
991	15873.22
992	15863.11
993	15874.92
994	15903.38
995	15946.30
996	16003.11
997	16073.53
998	16157.26
999	16254.04
1000	16363.56
1001	16485.35
1002	16618.45
1003	16761.57
1004	16913.34
1005	17072.35
1006	17237.24
1007	17406.60
1008	17579.21
1009	17754.18
1010	17931.07
1011	18109.57
1012	18289.39
1013	18470.21
1014	18651.73
1015	18833.28
1016	19012.80
1017	19186.12
1018	19348.25
1019	19494.09
1020	19618.53
1021	19716.49
1022	19783.45
1023	19818.22
1024	19825.85
1025	19814.68
1026	19793.68
1027	19771.80
1028	19758.00
1029	19760.87
1030	19786.22
1031	19833.23
1032	19896.52
1033	19969.69
1034	20046.28
1035	20119.83
1036	20184.02
1037	20233.85
1038	20268.17
1039	20289.22
1040	20300.18
1041	20304.29
1042	20304.81
1043	20305.01
1044	20308.50
1045	20320.04
1046	20345.69
1047	20391.92
1048	20465.27
1049	20572.23
1050	20719.31
1051	20912.27
1052	21154.04
1053	21443.69
1054	21778.73
1055	22156.52
1056	22574.41
1057	23029.72
1058	23519.09
1059	24036.00
1060	24568.71
1061	25103.18
1062	25624.99
1063	26119.73
1064	26573.02
1065	26971.74
1066	27309.72
1067	27593.85
1068	27837.85
1069	28056.66
1070	28265.23
1071	28478.50
1072	28710.44
1073	28968.89
1074	29248.60
1075	29536.57
1076	29818.23
1077	30078.98
1078	30304.19
1079	30479.61
1080	30593.51
1081	30640.17
1082	30617.82
1083	30525.56
1084	30362.55
1085	30127.96
1086	29821.04
1087	29441.82
1088	28992.29
1089	28475.89
1090	27896.38
1091	27257.57
1092	26563.24
1093	25817.49
1094	25026.98
1095	24205.27
1096	23371.27
1097	22545.30
1098	21747.77
1099	20999.02
1100	20318.99
1101	19723.24
1102	19215.25
1103	18788.56
1104	18434.09
1105	18142.58
1106	17904.75
1107	17711.41
1108	17553.81
1109	17424.50
1110	17317.20
1111	17225.88
1112	17144.56
1113	17067.25
1114	16987.96
1115	16900.63
1116	16799.03
1117	16676.76
1118	16527.41
1119	16344.53
1120	16121.72
1121	15852.80
1122	15534.08
1123	15168.82
1124	14766.09
1125	14336.52
1126	13890.83
1127	13439.74
1128	12993.84
1129	12562.63
1130	12152.50
1131	11767.40
1132	11410.63
1133	11085.46
1134	10795.16
1135	10542.80
1136	10330.00
1137	10154.53
1138	10011.25
1139	9894.34
1140	9797.91
1141	9716.08
1142	9643.10
1143	9574.22
1144	9507.13
1145	9441.18
1146	9376.11
1147	9311.70
1148	9247.71
1149	9183.92
1150	9120.27
1151	9056.97
1152	8994.44
1153	8933.12
1154	8873.47
1155	8815.94
1156	8761.00
1157	8709.16
1158	8661.09
1159	8617.52
1160	8579.18
1161	8546.81
1162	8521.15
1163	8502.83
1164	8491.90
1165	8487.42
1166	8487.97
1167	8492.05
1168	8498.16
1169	8504.80
1170	8510.53
1171	8514.05
1172	8514.40
1173	8510.68
1174	8502.04
1175	8487.60
1176	8466.56
1177	8438.54
1178	8405.00
1179	8369.57
1180	8336.66
1181	8310.75
1182	8296.33
1183	8297.79
1184	8318.19
1185	8356.46
1186	8407.50
1187	8464.97
1188	8522.47
1189	8573.56
1190	8612.03
1191	8633.39
1192	8637.74
1193	8628.61
1194	8610.46
1195	8587.77
1196	8565.01
1197	8546.48
1198	8535.34
1199	8532.24
1200	8536.42
1201	8546.80
1202	8562.30
1203	8581.85
1204	8604.48
1205	8629.76
1206	8658.19
1207	8690.63
1208	8728.05
1209	8771.40
1210	8821.60
1211	8879.29
1212	8943.95
1213	9013.71
1214	9086.20
1215	9158.99
1216	9229.65
1217	9295.88
1218	9356.44
1219	9413.32
1220	9471.27
1221	9535.80
1222	9612.48
1223	9706.88
1224	9824.17
1225	9967.01
1226	10132.54
1227	10314.49
1228	10505.90
1229	10699.76
1230	10889.12
1231	11067.92
1232	11234.27
1233	11392.81
1234	11551.04
1235	11716.86
1236	11898.21
1237	12102.92
1238	12338.04
1239	12607.76
1240	12913.32
1241	13255.02
1242	13633.05
1243	14047.63
1244	14498.89
1245	14986.66
1246	15509.89
1247	16066.99
1248	16656.18
1249	17275.72
1250	17923.83
1251	18598.18
1252	19293.80
1253	20001.39
1254	20709.62
1255	21406.85
1256	22081.45
1257	22721.89
1258	23318.07
1259	23864.65
1260	24361.25
1261	24809.08
1262	25209.48
1263	25563.80
1264	25873.08
1265	26136.42
1266	26348.41
1267	26500.75
1268	26584.53
1269	26590.81
1270	26510.76
1271	26337.71
1272	26074.40
1273	25736.98
1274	25347.14
1275	24927.27
1276	24499.74
1277	24086.63
1278	23706.71
1279	23369.35
1280	23076.08
1281	22826.26
1282	22619.12
1283	22453.93
1284	22330.83
1285	22254.65
1286	22238.55
1287	22299.86
1288	22456.58
1289	22726.73
1290	23127.86
1291	23671.57
1292	24349.95
1293	25135.34
1294	25993.88
1295	26891.18
1296	27792.86
1297	28665.14
1298	29477.77
1299	30207.65
1300	30835.76
1301	31343.81
1302	31713.58
1303	31927.07
1304	31969.41
1305	31836.85
1306	31538.07
1307	31085.92
1308	30493.66
1309	29774.58
1310	28942.55
1311	28015.11
1312	27017.60
1313	25979.97
1314	24933.10
1315	23907.90
1316	22934.95
1317	22039.81
1318	21230.37
1319	20494.62
1320	19813.78
1321	19168.42
1322	18539.14
1323	17907.61
1324	17262.08
1325	16604.31
1326	15943.80
1327	15291.53
1328	14658.54
1329	14055.76
1330	13492.51
1331	12972.81
1332	12495.21
1333	12056.48
1334	11653.25
1335	11282.14
1336	10939.94
1337	10624.11
1338	10333.43
1339	10067.38
1340	9825.52
1341	9607.42
1342	9412.59
1343	9239.97
1344	9086.79
1345	8948.77
1346	8821.25
1347	8699.52
1348	8578.91
1349	8455.39
1350	8327.87
1351	8199.63
1352	8075.79
1353	7961.71
1354	7862.77
1355	7784.07
1356	7728.54
1357	7694.10
1358	7675.24
1359	7665.69
1360	7659.15
1361	7649.36
1362	7630.96
1363	7601.60
1364	7562.30
1365	7515.20
1366	7462.52
1367	7406.49
1368	7349.07
1369	7290.85
1370	7229.98
1371	7163.49
1372	7088.18
1373	7000.86
1374	6898.50
1375	6779.43
1376	6645.46
1377	6500.99
1378	6351.04
1379	6200.69
1380	6054.94
1381	5918.34
1382	5793.62
1383	5681.46
1384	5581.86
1385	5494.74
1386	5420.05
1387	5357.80
1388	5308.56
1389	5273.73
1390	5255.18
1391	5254.80
1392	5274.48
1393	5315.94
1394	5379.38
1395	5461.51
1396	5556.68
1397	5658.70
1398	5761.37
1399	5858.62
1400	5945.85
1401	6023.11
1402	6094.93
1403	6167.15
1404	6245.73
1405	6336.58
1406	6444.87
1407	6572.64
1408	6717.80
1409	6876.61
1410	7045.16
1411	7219.55
1412	7396.55
1413	7576.63
1414	7766.92
1415	7977.94
1416	8220.78
1417	8506.53
1418	8846.06
1419	9248.50
1420	9718.94
1421	10259.75
1422	10872.72
1423	11559.61
1424	12322.47
1425	13166.11
1426	14103.44
1427	15154.35
1428	16340.72
1429	17684.49
1430	19206.99
1431	20920.14
1432	22803.01
1433	24798.11
1434	26835.62
1435	28844.62
1436	30754.36
1437	32498.82
1438	34031.61
1439	35333.72
1440	36397.12
1441	37215.13
1442	37781.25
1443	38091.12
1444	38151.39
1445	37987.33
1446	37633.00
1447	37123.87
1448	36495.41
1449	35782.43
1450	35015.91
1451	34219.02
1452	33410.67
1453	32608.94
1454	31831.80
1455	31096.04
1456	30409.51
1457	29759.79
1458	29121.35
1459	28465.83
1460	27764.77
1461	26990.80
1462	26125.62
1463	25174.05
1464	24158.01
1465	23103.53
1466	22036.85
1467	20983.79
1468	19965.68
1469	18991.50
1470	18060.00
1471	17167.19
1472	16308.92
1473	15481.17
1474	14681.30
1475	13910.83
1476	13174.99
1477	12480.13
1478	11832.66
1479	11238.80
1480	10702.78
1481	10222.53
1482	9789.84
1483	9394.63
1484	9026.70
1485	8675.99
1486	8334.39
1487	8000.07
1488	7677.62
1489	7373.65
1490	7094.91
1491	6848.04
1492	6637.81
1493	6462.82
1494	6315.25
1495	6185.23
1496	6062.70
1497	5937.75
1498	5802.30
1499	5654.36
1500	5498.27
1501	5340.45
1502	5187.46
1503	5045.76
1504	4920.39
1505	4811.79
1506	4715.60
1507	4626.01
1508	4537.06
1509	4442.93
1510	4339.13
1511	4225.50
1512	4106.10
1513	3986.30
1514	3871.53
1515	3767.18
1516	3677.72
1517	3604.90
1518	3547.96
1519	3505.43
1520	3475.79
1521	3457.45
1522	3448.42
1523	3445.55
1524	3444.66
1525	3441.34
1526	3431.13
1527	3409.76
1528	3374.24
1529	3324.94
1530	3264.79
1531	3197.35
1532	3126.20
1533	3054.87
1534	2986.47
1535	2923.14
1536	2866.35
1537	2817.43
1538	2777.71
1539	2748.37
1540	2729.70
1541	2720.17
1542	2717.19
1543	2717.99
1544	2719.79
1545	2719.92
1546	2716.29
1547	2707.80
1548	2693.87
1549	2673.97
1550	2647.63
1551	2614.75
1552	2577.00
1553	2538.58
1554	2504.74
1555	2480.85
1556	2472.21
1557	2482.69
1558	2510.98
1559	2549.77
1560	2589.65
1561	2621.04
1562	2634.55
1563	2623.30
1564	2587.86
1565	2535.60
1566	2475.84
1567	2418.03
1568	2371.31
1569	2342.39
1570	2332.04
1571	2336.91
1572	2352.65
1573	2374.90
1574	2399.33
1575	2421.87
1576	2438.99
1577	2447.44
1578	2443.99
1579	2425.48
1580	2389.75
1581	2338.81
1582	2280.69
1583	2225.86
1584	2185.09
1585	2168.99
1586	2185.65
1587	2235.05
1588	2308.80
1589	2395.89
1590	2485.09
1591	2565.49
1592	2628.49
1593	2671.39
1594	2695.67
1595	2703.84
1596	2698.45
1597	2682.24
1598	2658.98
1599	2634.27
1600	2614.62
1601	2606.72
1602	2617.16
1603	2651.07
1604	2708.16
1605	2781.41
1606	2861.38
1607	2938.36
1608	3003.02
1609	3049.27
1610	3079.92
1611	3104.92
1612	3136.11
1613	3185.40
1614	3263.78
1615	3377.03
1616	3521.14
1617	3686.95
1618	3864.41
1619	4043.52
1620	4216.19
1621	4381.37
1622	4546.47
1623	4721.96
1624	4918.57
1625	5146.81
1626	5414.95
1627	5725.60
1628	6077.20
1629	6467.16
1630	6892.84
1631	7352.21
1632	7845.91
1633	8379.06
1634	8958.84
1635	9592.72
1636	10288.35
1637	11055.30
1638	11909.13
1639	12871.20
1640	13964.61
1641	15212.56
1642	16637.03
1643	18252.73
1644	20059.67
1645	22049.64
1646	24212.87
1647	26538.96
1648	29008.70
1649	31571.09
1650	34138.41
1651	36610.20
1652	38884.82
1653	40861.96
1654	42451.17
1655	43584.12
1656	44206.56
1657	44267.29
1658	43716.18
1659	42519.27
1660	40705.17
1661	38381.79
1662	35686.44
1663	32759.64
1664	29739.68
1665	26747.81
1666	23865.39
1667	21147.22
1668	18642.19
1669	16398.40
1670	14455.94
1671	12823.61
1672	11470.62
1673	10351.42
1674	9418.89
1675	8626.87
1676	7936.34
1677	7324.40
1678	6778.44
1679	6288.07
1680	5843.10
1681	5434.83
1682	5060.00
1683	4721.64
1684	4424.99
1685	4175.45
1686	3977.69
1687	3831.76
1688	3728.39
1689	3653.07
1690	3590.31
1691	3524.82
1692	3444.34
1693	3346.11
1694	3236.64
1695	3125.21
1696	3021.31
1697	2933.78
1698	2868.22
1699	2824.95
1700	2801.84
1701	2796.36
1702	2805.88
1703	2826.83
1704	2853.29
1705	2877.53
1706	2891.41
1707	2886.92
1708	2858.29
1709	2808.27
1710	2749.95
1711	2700.13
1712	2675.97
1713	2693.29
1714	2760.46
1715	2871.57
1716	3013.15
1717	3170.42
1718	3328.87
1719	3477.31
1720	3613.66
1721	3743.23
1722	3873.30
1723	4011.24
1724	4164.07
1725	4337.43
1726	4535.26
1727	4760.89
1728	5017.53
1729	5308.10
1730	5633.66
1731	5991.96
1732	6379.01
1733	6790.56
1734	7222.17
1735	7668.05
1736	8119.02
1737	8563.43
1738	8989.00
1739	9383.52
1740	9735.39
1741	10035.24
1742	10275.96
1743	10451.17
1744	10554.59
1745	10580.71
1746	10527.33
1747	10397.08
1748	10194.55
1749	9924.62
1750	9592.22
1751	9202.46
1752	8760.95
1753	8273.48
1754	7745.93
1755	7184.52
1756	6598.27
1757	6003.22
1758	5420.32
1759	4871.73
1760	4379.26
1761	3960.37
1762	3619.24
1763	3347.73
1764	3134.06
1765	2966.24
1766	2832.72
1767	2723.66
1768	2631.22
1769	2548.28
1770	2467.81
1771	2383.52
1772	2292.25
1773	2195.49
1774	2096.72
1775	1999.64
1776	1907.90
1777	1824.75
1778	1752.70
1779	1693.88
1780	1650.37
1781	1623.97
1782	1614.81
1783	1619.46
1784	1632.45
1785	1647.90
1786	1660.06
1787	1664.43
1788	1659.45
1789	1645.57
1790	1623.68
1791	1594.74
1792	1560.18
1793	1522.52
1794	1485.21
1795	1451.92
1796	1426.20
1797	1410.65
1798	1404.97
1799	1406.36
1800	1411.33
1801	1416.43
1802	1418.83
1803	1417.73
1804	1414.21
1805	1409.95
1806	1406.63
1807	1405.83
1808	1408.68
1809	1415.88
1810	1427.99
1811	1445.52
1812	1468.29
1813	1493.80
1814	1517.15
1815	1532.61
1816	1534.53
1817	1518.66
1818	1485.69
1819	1441.62
1820	1394.16
1821	1351.15
1822	1319.32
1823	1301.76
1824	1297.60
1825	1304.70
1826	1320.75
1827	1343.24
1828	1368.89
1829	1393.63
1830	1413.12
1831	1423.08
1832	1420.07
1833	1403.42
1834	1375.20
1835	1338.37
1836	1296.00
1837	1251.64
1838	1210.36
1839	1178.63
1840	1163.34
1841	1171.12
1842	1205.83
1843	1263.33
1844	1332.62
1845	1400.79
1846	1455.19
1847	1486.25
1848	1492.53
1849	1478.84
1850	1451.56
1851	1416.99
1852	1380.12
1853	1342.93
1854	1305.32
1855	1266.75
1856	1226.91
1857	1187.02
1858	1151.51
1859	1126.63
1860	1118.96
1861	1134.11
1862	1172.42
1863	1225.00
1864	1278.42
1865	1318.58
1866	1333.26
1867	1318.51
1868	1282.42
1869	1238.05
1870	1199.02
1871	1176.72
1872	1174.57
1873	1186.68
1874	1203.89
1875	1216.91
1876	1218.37
1877	1206.65
1878	1185.36
1879	1159.64
1880	1134.72
1881	1115.70
1882	1107.37
1883	1114.30
1884	1140.96
1885	1190.80
1886	1261.28
1887	1338.55
1888	1402.78
1889	1433.26
1890	1413.10
1891	1341.69
1892	1241.48
1893	1144.28
1894	1082.46
1895	1080.85
1896	1139.61
1897	1233.96
1898	1331.35
1899	1399.85
1900	1417.60
1901	1387.55
1902	1330.20
1903	1270.10
1904	1230.12
1905	1223.13
1906	1244.20
1907	1279.56
1908	1314.14
1909	1334.77
1910	1335.67
1911	1319.88
1912	1293.63
1913	1263.41
1914	1235.06
1915	1212.72
1916	1199.20
1917	1196.95
1918	1207.82
1919	1230.67
1920	1258.79
1921	1282.61
1922	1292.25
1923	1280.26
1924	1248.10
1925	1207.69
1926	1174.58
1927	1163.91
1928	1184.59
1929	1230.07
1930	1282.71
1931	1322.36
1932	1331.15
1933	1302.38
1934	1247.22
1935	1184.71
1936	1134.71
1937	1112.86
1938	1121.89
1939	1152.52
1940	1191.96
1941	1227.93
1942	1252.47
1943	1266.01
1944	1273.54
1945	1280.75
1946	1292.14
1947	1307.85
1948	1323.22
1949	1331.97
1950	1328.01
1951	1307.52
1952	1271.59
1953	1224.28
1954	1170.28
1955	1114.65
1956	1063.70
1957	1025.21
1958	1007.49
1959	1018.17
1960	1060.05
1961	1124.97
1962	1197.86
1963	1262.32
1964	1304.25
1965	1318.29
1966	1309.52
1967	1286.78
1968	1259.03
1969	1233.72
1970	1214.95
1971	1204.79
1972	1204.88
1973	1216.00
1974	1236.20
1975	1260.51
1976	1282.97
1977	1297.94
1978	1302.12
1979	1296.68
1980	1285.12
1981	1271.36
1982	1258.82
1983	1249.49
1984	1244.05
1985	1242.80
1986	1245.72
1987	1251.61
1988	1257.36
1989	1259.06
1990	1252.99
1991	1237.73
1992	1217.49
1993	1200.34
1994	1195.09
1995	1208.28
1996	1238.19
1997	1273.81
1998	1301.06
1999	1307.18
2000	1287.96
2001	1254.33
2002	1224.73
2003	1217.85
2004	1244.60
2005	1295.59
2006	1346.20
2007	1368.49
2008	1340.68
2009	1263.72
2010	1164.52
2011	1078.76
2012	1039.39
2013	1061.43
2014	1129.61
2015	1214.41
2016	1285.27
2017	1320.25
2018	1317.87
2019	1290.23
2020	1252.30
2021	1216.85
2022	1189.54
2023	1169.22
2024	1152.77
2025	1137.56
2026	1123.44
2027	1113.58
2028	1112.37
2029	1123.67
2030	1147.77
2031	1178.63
2032	1207.07
2033	1223.90
2034	1223.51
2035	1208.51
2036	1186.79
2037	1167.21
2038	1157.27
2039	1160.35
2040	1176.40
2041	1204.39
2042	1241.97
2043	1282.68
2044	1315.67
2045	1328.76
2046	1312.29
2047	1267.05
2048	1207.74
2049	1154.34
2050	1125.15
2051	1127.64
2052	1151.81
2053	1179.82
2054	1194.02
2055	1184.37
2056	1155.33
2057	1118.95
2058	1088.00
2059	1071.27
2060	1068.75
2061	1075.15
2062	1084.23
2063	1090.72
2064	1091.84
2065	1086.55
2066	1074.40
2067	1057.02
2068	1041.41
2069	1038.64
2070	1060.27
2071	1112.47
2072	1186.19
2073	1259.80
2074	1308.96
2075	1316.59
2076	1287.65
2077	1246.51
2078	1222.34
2079	1236.33
2080	1284.40
2081	1339.23
2082	1367.47
2083	1344.74
2084	1275.52
2085	1191.50
2086	1131.49
2087	1124.58
2088	1168.29
2089	1230.59
2090	1271.64
2091	1261.12
2092	1199.25
2093	1114.09
2094	1040.95
2095	1007.47
2096	1017.42
2097	1053.82
2098	1094.53
2099	1122.59
2100	1136.42
2101	1146.79
2102	1167.02
2103	1204.48
2104	1250.85
2105	1286.29
2106	1289.67
2107	1250.68
2108	1184.63
2109	1123.58
2110	1100.85
2111	1134.55
2112	1210.75
2113	1297.21
2114	1360.63
2115	1380.97
2116	1362.42
2117	1321.18
2118	1273.84
2119	1229.86
2120	1187.76
2121	1141.53
2122	1087.23
2123	1030.99
2124	991.48
2125	991.25
2126	1045.44
2127	1144.13
2128	1252.75
2129	1330.69
2130	1349.93
2131	1317.00
2132	1264.87
2133	1230.93
2134	1238.95
2135	1283.13
2136	1340.41
2137	1386.43
2138	1406.93
2139	1404.23
2140	1388.08
2141	1368.65
2142	1353.58
2143	1347.51
2144	1353.73
2145	1372.53
2146	1396.08
2147	1409.80
2148	1398.66
2149	1356.52
2150	1296.35
2151	1242.21
2152	1216.72
2153	1226.40
2154	1253.69
2155	1271.47
2156	1258.59
2157	1217.36
2158	1173.25
2159	1157.01
2160	1186.11
2161	1246.35
2162	1303.21
2163	1322.37
2164	1290.45
2165	1226.42
2166	1162.64
2167	1126.65
2168	1124.94
2169	1143.87
2170	1164.51
2171	1172.36
2172	1163.05
2173	1138.27
2174	1101.45
2175	1058.51
2176	1018.43
2177	991.06
2178	983.61
2179	996.17
2180	1023.48
2181	1058.85
2182	1095.20
2183	1124.98
2184	1140.62
2185	1137.17
2186	1117.47
2187	1091.25
2188	1069.01
2189	1055.11
2190	1042.65
2191	1019.57
2192	978.01
2193	925.98
2194	886.78
2195	885.20
2196	929.23
2197	995.12
2198	1043.82
2199	1044.32
2200	999.08
2201	942.44
2202	914.52
2203	936.54
2204	995.19
2205	1060.84
2206	1106.39
2207	1119.68
2208	1101.67
2209	1058.26
2210	1001.84
2211	954.27
2212	940.18
2213	974.03
2214	1043.51
2215	1117.52
2216	1165.02
2217	1172.08
2218	1145.80
2219	1100.44
2220	1048.63
2221	998.31
2222	954.84
2223	923.32
2224	909.46
2225	919.37
2226	956.06
2227	1009.02
2228	1049.04
2229	1042.71
2230	977.32
2231	885.50
2232	824.71
2233	839.53
2234	921.78
2235	1017.10
2236	1067.58
2237	1052.79
2238	1002.40
2239	961.73
2240	958.76
2241	984.84
2242	1013.21
2243	1021.42
2244	1006.11
2245	977.70
2246	948.64
2247	927.09
2248	916.78
2249	919.56
2250	935.35
2251	961.50
2252	993.92
2253	1026.21
2254	1047.96
2255	1047.71
2256	1020.30
2257	975.53
2258	932.06
2259	904.87
2260	893.50
2261	885.32
2262	869.43
2263	850.56
2264	848.95
2265	883.35
2266	949.03
2267	1012.62
2268	1036.71
2269	1010.25
2270	961.46
2271	929.69
2272	931.32
2273	941.34
2274	920.48
2275	855.17
2276	785.02
2277	771.38
2278	843.06
2279	952.50
2280	1014.46
2281	976.89
2282	879.07
2283	811.69
2284	839.69
2285	941.57
2286	1042.23
2287	1079.40
2288	1050.66
2289	993.40
2290	944.60
2291	918.09
2292	911.13
2293	914.63
2294	913.24
2295	888.79
2296	832.67
2297	760.90
2298	704.77
2299	690.95
2300	727.50
2301	809.14
2302	918.28
2303	1016.75
2304	1058.32
2305	1018.47
2306	919.51
2307	806.70
2308	717.71
2309	668.90
2310	664.38
2311	698.18
2312	751.65
2313	803.33
2314	841.92
2315	870.13
2316	893.90
2317	912.32
2318	917.01
2319	903.19
2320	883.91
2321	886.17
2322	925.95
2323	981.87
2324	1010.16
2325	984.57
2326	925.12
2327	872.98
2328	853.81
2329	862.42
2330	880.57
2331	889.32
2332	872.28
2333	826.21
2334	783.07
2335	798.21
2336	896.94
2337	1025.39
2338	1095.57
2339	1070.48
2340	1003.21
2341	967.96
2342	983.55
2343	1009.03
2344	1005.86
2345	987.48
2346	996.83
2347	1048.06
2348	1095.25
2349	1080.60
2350	997.87
2351	897.53
2352	832.97
2353	821.38
2354	852.91
2355	902.19
2356	930.11
2357	908.03
2358	855.35
2359	828.40
2360	859.89
2361	916.68
2362	942.54
2363	916.41
2364	860.98
2365	807.59
2366	775.42
2367	772.82
2368	796.21
2369	829.75
2370	856.56
2371	867.49
2372	860.63
2373	843.16
2374	831.31
2375	838.10
2376	861.22
2377	887.74
2378	900.38
2379	882.29
2380	835.98
2381	804.70
2382	836.33
2383	919.13
2384	982.37
2385	968.74
2386	879.50
2387	751.27
2388	642.51
2389	612.51
2390	669.44
2391	753.57
2392	807.06
2393	830.60
2394	853.14
2395	887.20
2396	923.71
2397	944.97
2398	931.41
2399	875.54
2400	797.27
2401	727.73
2402	686.88
2403	680.89
2404	705.74
2405	749.16
2406	798.48
2407	845.14
2408	881.06
2409	895.19
2410	880.96
2411	851.40
2412	832.89
2413	840.00
2414	865.93
2415	886.55
2416	867.43
2417	804.10
2418	754.82
2419	772.90
2420	827.32
2421	846.28
2422	793.18
2423	685.17
2424	602.95
2425	640.06
2426	773.71
2427	871.07
2428	859.79
2429	783.24
2430	704.98
2431	658.46
2432	652.65
2433	677.63
2434	717.81
2435	762.14
2436	814.17
2437	887.37
2438	948.24
2439	902.55
2440	751.02
2441	662.59
2442	718.58
2443	776.45
2444	750.39
2445	752.36
2446	833.78
2447	876.15
2448	819.38
2449	744.47
2450	711.97
