150	4179.55
151	4164.80
152	4155.06
153	4158.08
154	4173.89
155	4200.46
156	4235.09
157	4275.06
158	4317.63
159	4360.05
160	4399.60
161	4433.54
162	4459.57
163	4476.85
164	4486.42
165	4489.96
166	4489.24
167	4486.02
168	4482.07
169	4479.17
170	4479.05
171	4483.21
172	4492.08
173	4504.85
174	4520.20
175	4536.77
176	4553.21
177	4568.16
178	4580.26
179	4588.17
180	4590.87
181	4588.55
182	4582.89
183	4576.12
184	4570.51
185	4568.34
186	4571.90
187	4583.47
188	4605.29
189	4639.14
190	4684.98
191	4740.65
192	4803.24
193	4869.75
194	4937.17
195	5002.52
196	5062.80
197	5115.03
198	5156.70
199	5186.80
200	5206.10
201	5215.94
202	5217.71
203	5212.82
204	5202.67
205	5188.65
206	5172.18
207	5154.65
208	5137.53
209	5122.30
210	5110.47
211	5103.52
212	5102.97
213	5110.32
214	5127.07
215	5154.67
216	5193.99
217	5244.12
218	5302.49
219	5366.01
220	5431.59
221	5496.10
222	5556.44
223	5609.49
224	5652.25
225	5682.54
226	5700.65
227	5708.87
228	5710.02
229	5706.96
230	5702.58
231	5699.72
232	5701.25
233	5709.92
234	5727.53
235	5753.57
236	5785.84
237	5821.74
238	5858.64
239	5893.93
240	5924.98
241	5949.18
242	5964.06
243	5968.20
244	5962.40
245	5948.83
246	5929.95
247	5908.22
248	5886.12
249	5866.11
250	5850.66
251	5842.05
252	5841.60
253	5848.82
254	5862.32
255	5880.55
256	5901.95
257	5924.95
258	5948.01
259	5969.56
260	5988.21
261	6003.25
262	6015.02
263	6024.32
264	6031.98
265	6038.86
266	6045.81
267	6053.68
268	6063.32
269	6075.44
270	6090.24
271	6107.36
272	6126.21
273	6146.17
274	6166.63
275	6186.99
276	6206.63
277	6224.96
278	6241.48
279	6256.02
280	6268.71
281	6279.77
282	6289.43
283	6297.92
284	6305.45
285	6312.25
286	6318.53
287	6324.35
288	6329.44
289	6333.25
290	6335.21
291	6334.73
292	6331.22
293	6324.09
294	6312.76
295	6296.74
296	6275.97
297	6251.33
298	6224.14
299	6195.79
300	6167.71
301	6141.29
302	6117.96
303	6099.10
304	6085.91
305	6078.74
306	6076.77
307	6078.69
308	6083.12
309	6088.72
310	6094.11
311	6097.93
312	6098.84
313	6095.85
314	6089.02
315	6079.51
316	6068.78
317	6058.31
318	6049.60
319	6044.14
320	6043.42
321	6048.85
322	6061.26
323	6080.12
324	6103.94
325	6131.03
326	6159.67
327	6188.16
328	6214.79
329	6237.85
330	6255.78
331	6267.69
332	6273.85
333	6275.07
334	6272.27
335	6266.35
336	6258.21
337	6248.77
338	6238.93
339	6229.50
340	6220.94
341	6213.34
342	6206.66
343	6200.82
344	6195.78
345	6191.48
346	6187.85
347	6184.81
348	6182.13
349	6179.13
350	6174.85
351	6168.25
352	6158.28
353	6143.89
354	6124.03
355	6097.66
356	6063.94
357	6022.92
358	5976.26
359	5926.39
360	5875.84
361	5827.15
362	5782.87
363	5745.54
364	5717.67
365	5701.30
366	5696.87
367	5703.13
368	5718.27
369	5740.45
370	5767.78
371	5798.42
372	5830.51
373	5862.25
374	5892.25
375	5920.04
376	5945.76
377	5969.69
378	5992.12
379	6013.32
380	6033.57
381	6053.16
382	6072.32
383	6091.09
384	6109.23
385	6126.42
386	6142.29
387	6156.48
388	6168.64
389	6178.41
390	6185.46
391	6189.65
392	6191.40
393	6191.58
394	6191.17
395	6191.19
396	6192.63
397	6196.49
398	6203.76
399	6215.31
400	6231.35
401	6250.96
402	6272.66
403	6294.92
404	6316.16
405	6334.83
406	6349.38
407	6358.28
408	6360.37
409	6355.58
410	6344.92
411	6329.72
412	6311.33
413	6291.10
414	6270.39
415	6250.54
416	6232.84
417	6218.22
418	6206.90
419	6198.77
420	6193.63
421	6191.29
422	6191.56
423	6194.24
424	6199.14
425	6206.02
426	6214.54
427	6224.24
428	6234.63
429	6245.20
430	6255.46
431	6264.90
432	6273.03
433	6279.43
434	6284.14
435	6288.07
436	6292.62
437	6299.26
438	6309.47
439	6324.72
440	6346.50
441	6376.24
442	6414.78
443	6461.12
444	6512.36
445	6565.07
446	6615.75
447	6660.89
448	6697.00
449	6720.58
450	6728.48
451	6719.19
452	6694.27
453	6656.80
454	6610.14
455	6557.63
456	6502.65
457	6448.54
458	6398.62
459	6355.74
460	6321.36
461	6295.73
462	6278.75
463	6270.30
464	6270.27
465	6278.53
466	6294.94
467	6319.30
468	6350.90
469	6388.32
470	6429.83
471	6473.65
472	6517.99
473	6561.06
474	6601.09
475	6636.34
476	6665.56
477	6688.66
478	6706.39
479	6719.73
480	6729.64
481	6737.09
482	6743.06
483	6748.52
484	6754.27
485	6760.60
486	6767.11
487	6773.15
488	6778.06
489	6781.18
490	6781.84
491	6779.39
492	6773.24
493	6763.28
494	6750.33
495	6735.72
496	6720.88
497	6707.23
498	6696.19
499	6689.19
500	6687.60
501	6692.30
502	6702.74
503	6717.08
504	6733.18
505	6748.82
506	6761.84
507	6770.03
508	6771.24
509	6763.65
510	6746.99
511	6723.08
512	6694.54
513	6664.12
514	6634.54
515	6608.56
516	6588.90
517	6578.11
518	6577.69
519	6586.92
520	6603.82
521	6626.18
522	6651.74
523	6678.30
524	6703.61
525	6725.48
526	6742.05
527	6752.40
528	6756.42
529	6754.24
530	6745.98
531	6731.78
532	6711.78
533	6686.10
534	6654.96
535	6618.79
536	6578.35
537	6534.52
538	6488.16
539	6440.18
540	6391.44
541	6342.83
542	6295.18
543	6249.07
544	6204.65
545	6161.81
546	6120.43
547	6080.39
548	6041.54
549	6003.77
550	5966.97
551	5931.30
552	5897.45
553	5866.56
554	5839.81
555	5818.43
556	5803.60
557	5796.55
558	5798.44
559	5810.04
560	5830.88
561	5859.32
562	5893.36
563	5930.98
564	5970.18
565	6008.92
566	6045.21
567	6077.31
568	6104.51
569	6127.44
570	6147.21
571	6164.97
572	6181.90
573	6199.17
574	6217.93
575	6239.29
576	6264.01
577	6292.33
578	6324.24
579	6359.66
580	6398.55
581	6440.85
582	6486.49
583	6535.41
584	6587.55
585	6642.82
586	6701.14
587	6762.41
588	6826.55
589	6893.46
590	6963.06
591	7035.19
592	7109.30
593	7183.78
594	7256.25
595	7324.15
596	7384.89
597	7435.90
598	7474.60
599	7498.50
600	7505.86
601	7497.31
602	7475.56
603	7443.91
604	7405.73
605	7364.38
606	7323.20
607	7285.52
608	7254.02
609	7229.24
610	7209.39
611	7191.89
612	7174.11
613	7153.41
614	7127.15
615	7092.72
616	7047.92
617	6992.19
618	6927.05
619	6854.83
620	6777.93
621	6698.76
622	6619.71
623	6543.20
624	6471.47
625	6406.09
626	6347.64
627	6296.29
628	6252.14
629	6215.30
630	6185.87
631	6163.97
632	6149.57
633	6142.14
634	6140.24
635	6142.04
636	6145.62
637	6149.07
638	6150.50
639	6147.99
640	6139.86
641	6125.45
642	6106.04
643	6083.87
644	6061.34
645	6040.86
646	6024.85
647	6015.69
648	6015.54
649	6025.15
650	6042.55
651	6064.28
652	6086.63
653	6105.88
654	6118.28
655	6120.15
656	6108.04
657	6080.40
658	6039.36
659	5989.18
660	5934.49
661	5879.98
662	5830.30
663	5790.13
664	5763.87
665	5754.50
666	5761.92
667	5784.25
668	5819.28
669	5864.78
670	5918.50
671	5978.22
672	6041.73
673	6107.07
674	6172.75
675	6237.56
676	6300.33
677	6359.92
678	6415.17
679	6464.94
680	6508.20
681	6544.71
682	6575.86
683	6603.99
684	6631.60
685	6661.22
686	6695.36
687	6736.55
688	6787.15
689	6848.73
690	6921.19
691	7003.52
692	7094.52
693	7192.99
694	7297.74
695	7407.57
696	7521.26
697	7637.48
698	7754.72
699	7871.34
700	7985.68
701	8096.10
702	8200.95
703	8298.58
704	8387.63
705	8468.09
706	8542.44
707	8614.33
708	8687.63
709	8766.21
710	8853.94
711	8954.68
712	9071.66
713	9205.31
714	9351.50
715	9504.07
716	9656.55
717	9802.46
718	9935.32
719	10048.69
720	10136.90
721	10197.51
722	10232.68
723	10246.45
724	10243.08
725	10226.86
726	10202.07
727	10172.95
728	10143.29
729	10115.07
730	10088.08
731	10061.32
732	10033.70
733	10004.14
734	9971.54
735	9934.84
736	9893.34
737	9847.53
738	9799.09
739	9750.13
740	9702.76
741	9659.12
742	9621.31
743	9591.41
744	9571.01
745	9560.30
746	9558.29
747	9563.66
748	9575.10
749	9591.25
750	9610.78
751	9632.41
752	9655.09
753	9678.43
754	9702.47
755	9727.37
756	9753.26
757	9780.30
758	9808.63
759	9838.37
760	9869.44
761	9901.37
762	9933.47
763	9965.03
764	9995.33
765	10023.63
766	10049.23
767	10071.45
768	10089.87
769	10104.41
770	10115.17
771	10122.28
772	10125.83
773	10125.97
774	10122.81
775	10116.67
776	10108.56
777	10100.27
778	10093.88
779	10091.50
780	10095.22
781	10107.17
782	10129.41
783	10163.77
784	10211.33
785	10272.53
786	10347.63
787	10436.89
788	10540.54
789	10658.85
790	10792.06
791	10940.44
792	11104.30
793	11283.96
794	11479.75
795	11692.00
796	11921.03
797	12167.18
798	12430.51
799	12710.00
800	13002.79
801	13305.19
802	13613.38
803	13923.55
804	14231.87
805	14534.57
806	14828.53
807	15112.90
808	15389.44
809	15660.77
810	15929.59
811	16198.62
812	16470.55
813	16748.11
814	17034.18
815	17331.97
816	17645.00
817	17976.85
818	18331.10
819	18711.33
820	19121.09
821	19563.49
822	20038.96
823	20543.18
824	21069.29
825	21610.07
826	22158.24
827	22706.55
828	23247.80
829	23775.58
830	24286.48
831	24780.73
832	25259.83
833	25725.44
834	26179.19
835	26622.73
836	27057.56
837	27483.96
838	27898.99
839	28297.29
840	28672.92
841	29019.86
842	29332.14
843	29603.78
844	29829.54
845	30007.86
846	30143.52
847	30244.35
848	30318.71
849	30374.92
850	30421.35
851	30466.26
852	30516.96
853	30577.44
854	30648.29
855	30728.94
856	30818.75
857	30917.08
858	31023.28
859	31136.63
860	31256.00
861	31379.28
862	31503.78
863	31626.68
864	31745.15
865	31856.37
866	31957.52
867	32045.64
868	32117.37
869	32168.71
870	32195.49
871	32193.47
872	32158.43
873	32086.14
874	31972.66
875	31816.19
876	31620.57
877	31393.87
878	31145.20
879	30883.72
880	30618.59
881	30358.93
882	30112.80
883	29883.37
884	29666.37
885	29454.29
886	29239.16
887	29012.97
888	28767.75
889	28495.84
890	28192.73
891	27862.72
892	27517.39
893	27170.30
894	26835.12
895	26525.54
896	26255.19
897	26036.37
898	25875.19
899	25767.57
900	25704.84
901	25677.63
902	25676.54
903	25692.19
904	25715.30
905	25737.77
906	25754.82
907	25764.45
908	25765.40
909	25756.48
910	25736.50
911	25704.25
912	25658.59
913	25598.48
914	25523.15
915	25431.95
916	25324.21
917	25199.27
918	25056.48
919	24895.32
920	24716.34
921	24522.98
922	24320.94
923	24116.47
924	23915.90
925	23725.50
926	23551.56
927	23399.57
928	23271.87
929	23166.35
930	23079.12
931	23006.06
932	22943.03
933	22885.92
934	22830.74
935	22774.46
936	22716.35
937	22657.16
938	22597.97
939	22539.91
940	22484.06
941	22431.52
942	22382.97
943	22337.75
944	22293.63
945	22247.87
946	22197.65
947	22140.19
948	22072.69
949	21992.89
950	21901.39
951	21804.17
952	21710.03
953	21628.25
954	21568.14
955	21538.98
956	21549.78
957	21606.44
958	21706.23
959	21839.16
960	21993.27
961	22156.46
962	22316.65
963	22461.78
964	22580.70
965	22665.87
966	22714.66
967	22726.32
968	22700.37
969	22636.30
970	22533.65
971	22391.97
972	22211.27
973	21992.42
974	21736.79
975	21445.85
976	21121.06
977	20763.91
978	20376.02
979	19960.47
980	19524.70
981	19079.92
982	18638.39
983	18212.44
984	17814.41
985	17456.56
986	17149.71
987	16899.03
988	16702.19
989	16553.99
990	16448.93
991	16381.47
992	16346.09
993	16337.51
994	16351.71
995	16387.15
996	16443.58
997	16520.97
998	16619.31
999	16738.57
1000	16878.71
1001	17039.26
1002	17218.83
1003	17415.25
1004	17626.21
1005	17849.38
1006	18082.40
1007	18322.95
1008	18568.46
1009	18815.71
1010	19060.77
1011	19299.50
1012	19527.71
1013	19741.24
1014	19935.93
1015	20107.96
1016	20254.96
1017	20376.65
1018	20473.60
1019	20546.49
1020	20596.01
1021	20622.87
1022	20628.07
1023	20614.45
1024	20588.27
1025	20557.59
1026	20530.81
1027	20516.35
1028	20522.57
1029	20557.43
1030	20625.38
1031	20722.63
1032	20839.69
1033	20965.80
1034	21090.12
1035	21201.84
1036	21290.37
1037	21347.85
1038	21374.23
1039	21376.32
1040	21362.85
1041	21342.70
1042	21324.72
1043	21317.74
1044	21329.90
1045	21366.98
1046	21432.19
1047	21527.84
1048	21656.21
1049	21819.54
1050	22020.06
1051	22259.77
1052	22539.62
1053	22859.21
1054	23217.55
1055	23613.63
1056	24046.40
1057	24514.81
1058	25016.97
1059	25547.13
1060	26093.27
1061	26640.48
1062	27173.48
1063	27676.95
1064	28135.62
1065	28535.61
1066	28870.74
1067	29149.35
1068	29387.35
1069	29601.96
1070	29810.47
1071	30030.12
1072	30277.02
1073	30560.06
1074	30872.69
1075	31199.24
1076	31522.21
1077	31824.02
1078	32087.09
1079	32294.29
1080	32431.67
1081	32492.71
1082	32475.82
1083	32380.55
1084	32206.45
1085	31953.11
1086	31620.24
1087	31208.53
1088	30721.20
1089	30163.28
1090	29540.28
1091	28857.70
1092	28121.06
1093	27336.09
1094	26510.37
1095	25656.45
1096	24790.76
1097	23930.74
1098	23093.87
1099	22297.61
1100	21559.11
1101	20892.19
1102	20301.57
1103	19784.41
1104	19335.94
1105	18951.19
1106	18625.25
1107	18353.17
1108	18129.95
1109	17950.44
1110	17809.34
1111	17701.32
1112	17621.05
1113	17563.19
1114	17522.28
1115	17491.54
1116	17460.52
1117	17415.62
1118	17342.39
1119	17226.32
1120	17052.91
1121	16808.17
1122	16483.08
1123	16082.45
1124	15622.69
1125	15123.33
1126	14604.08
1127	14084.65
1128	13584.39
1129	13119.27
1130	12696.09
1131	12314.27
1132	11971.31
1133	11664.62
1134	11391.57
1135	11149.55
1136	10935.82
1137	10747.32
1138	10580.81
1139	10432.95
1140	10300.42
1141	10179.89
1142	10068.15
1143	9962.79
1144	9863.40
1145	9770.92
1146	9686.62
1147	9611.78
1148	9547.68
1149	9495.46
1150	9455.35
1151	9425.57
1152	9403.05
1153	9384.46
1154	9366.47
1155	9345.74
1156	9319.16
1157	9284.87
1158	9243.53
1159	9197.21
1160	9148.23
1161	9098.92
1162	9051.62
1163	9008.53
1164	8971.31
1165	8940.60
1166	8916.57
1167	8899.32
1168	8888.93
1169	8885.49
1170	8888.99
1171	8899.03
1172	8914.65
1173	8934.64
1174	8957.75
1175	8982.74
1176	9008.36
1177	9033.36
1178	9056.46
1179	9076.33
1180	9091.65
1181	9101.06
1182	9103.25
1183	9096.91
1184	9081.37
1185	9057.81
1186	9029.25
1187	8999.27
1188	8971.47
1189	8949.47
1190	8936.76
1191	8935.71
1192	8945.80
1193	8964.27
1194	8987.81
1195	9013.08
1196	9036.75
1197	9055.65
1198	9067.80
1199	9073.70
1200	9075.30
1201	9074.86
1202	9074.62
1203	9076.86
1204	9083.71
1205	9096.69
1206	9116.38
1207	9142.88
1208	9176.23
1209	9216.46
1210	9263.62
1211	9317.60
1212	9377.85
1213	9443.22
1214	9512.41
1215	9584.05
1216	9656.79
1217	9729.33
1218	9800.88
1219	9872.15
1220	9945.13
1221	10022.17
1222	10105.66
1223	10197.97
1224	10301.35
1225	10417.23
1226	10545.20
1227	10683.75
1228	10831.12
1229	10985.57
1230	11145.35
1231	11309.12
1232	11477.41
1233	11653.65
1234	11842.57
1235	12049.06
1236	12278.05
1237	12534.35
1238	12821.92
1239	13141.65
1240	13491.26
1241	13867.44
1242	14266.79
1243	14685.90
1244	15121.61
1245	15572.57
1246	16041.76
1247	16535.21
1248	17059.63
1249	17621.79
1250	18228.38
1251	18884.71
1252	19589.45
1253	20330.25
1254	21089.68
1255	21849.57
1256	22591.69
1257	23298.00
1258	23952.66
1259	24547.15
1260	25080.60
1261	25554.58
1262	25970.88
1263	26331.28
1264	26637.37
1265	26889.49
1266	27085.13
1267	27219.89
1268	27289.01
1269	27287.69
1270	27211.21
1271	27056.24
1272	26825.51
1273	26530.38
1274	26185.76
1275	25807.01
1276	25409.53
1277	25008.58
1278	24618.42
1279	24250.47
1280	23913.68
1281	23616.38
1282	23366.84
1283	23173.35
1284	23044.28
1285	22988.54
1286	23015.97
1287	23136.86
1288	23361.61
1289	23700.59
1290	24163.83
1291	24757.09
1292	25472.08
1293	26286.32
1294	27172.84
1295	28104.32
1296	29053.41
1297	29992.63
1298	30893.77
1299	31727.00
1300	32461.65
1301	33066.87
1302	33511.81
1303	33766.03
1304	33805.10
1305	33625.59
1306	33247.63
1307	32699.31
1308	32009.47
1309	31206.93
1310	30320.15
1311	29375.15
1312	28392.76
1313	27390.75
1314	26386.27
1315	25396.45
1316	24438.22
1317	23525.91
1318	22664.53
1319	21848.61
1320	21069.12
1321	20316.71
1322	19582.03
1323	18856.33
1324	18134.52
1325	17419.04
1326	16716.64
1327	16034.89
1328	15381.41
1329	14763.66
1330	14187.60
1331	13653.94
1332	13158.06
1333	12693.59
1334	12254.03
1335	11832.90
1336	11424.41
1337	11026.45
1338	10643.72
1339	10284.35
1340	9957.07
1341	9670.63
1342	9433.47
1343	9251.04
1344	9119.99
1345	9029.35
1346	8965.98
1347	8916.60
1348	8868.02
1349	8808.34
1350	8731.59
1351	8640.59
1352	8541.95
1353	8442.73
1354	8350.03
1355	8270.62
1356	8208.84
1357	8163.28
1358	8128.67
1359	8098.85
1360	8067.63
1361	8028.88
1362	7977.60
1363	7912.61
1364	7837.00
1365	7755.26
1366	7672.00
1367	7591.82
1368	7518.78
1369	7453.98
1370	7393.47
1371	7330.79
1372	7259.09
1373	7171.53
1374	7061.56
1375	6925.36
1376	6766.06
1377	6591.91
1378	6412.46
1379	6237.32
1380	6075.99
1381	5936.77
1382	5823.50
1383	5735.01
1384	5668.39
1385	5620.58
1386	5588.51
1387	5569.27
1388	5560.76
1389	5562.22
1390	5573.52
1391	5594.65
1392	5625.59
1393	5666.33
1394	5716.89
1395	5777.33
1396	5847.79
1397	5928.39
1398	6019.26
1399	6120.50
1400	6231.87
1401	6352.00
1402	6478.47
1403	6608.55
1404	6739.49
1405	6868.56
1406	6993.63
1407	7115.03
1408	7236.42
1409	7362.70
1410	7498.95
1411	7650.26
1412	7821.54
1413	8016.94
1414	8239.15
1415	8490.12
1416	8771.70
1417	9085.73
1418	9434.38
1419	9822.20
1420	10259.27
1421	10759.41
1422	11337.20
1423	12007.31
1424	12784.31
1425	13682.10
1426	14712.58
1427	15885.92
1428	17211.81
1429	18699.89
1430	20359.28
1431	22191.42
1432	24170.92
1433	26242.56
1434	28341.05
1435	30400.18
1436	32353.92
1437	34140.34
1438	35714.66
1439	37056.00
1440	38153.07
1441	38995.76
1442	39574.11
1443	39880.95
1444	39922.95
1445	39730.35
1446	39344.48
1447	38808.42
1448	38165.27
1449	37456.71
1450	36716.10
1451	35960.09
1452	35196.04
1453	34429.60
1454	33666.32
1455	32911.21
1456	32165.47
1457	31421.63
1458	30666.62
1459	29886.15
1460	29065.89
1461	28192.10
1462	27256.06
1463	26261.82
1464	25222.80
1465	24154.73
1466	23073.47
1467	21994.70
1468	20932.58
1469	19897.00
1470	18894.32
1471	17929.96
1472	17009.28
1473	16137.53
1474	15318.67
1475	14552.93
1476	13837.09
1477	13166.95
1478	12538.28
1479	11946.85
1480	11388.91
1481	10862.20
1482	10365.89
1483	9899.59
1484	9462.94
1485	9055.59
1486	8677.19
1487	8327.39
1488	8005.91
1489	7712.42
1490	7446.62
1491	7208.16
1492	6995.92
1493	6806.27
1494	6632.99
1495	6468.99
1496	6307.15
1497	6140.44
1498	5963.41
1499	5775.81
1500	5582.82
1501	5391.39
1502	5208.57
1503	5041.36
1504	4895.38
1505	4771.85
1506	4667.48
1507	4577.55
1508	4497.24
1509	4421.77
1510	4346.96
1511	4270.65
1512	4192.58
1513	4113.09
1514	4032.57
1515	3951.43
1516	3870.43
1517	3791.35
1518	3716.89
1519	3650.03
1520	3593.77
1521	3550.95
1522	3522.93
1523	3506.92
1524	3496.62
1525	3484.76
1526	3464.05
1527	3427.52
1528	3371.15
1529	3298.52
1530	3218.95
1531	3143.20
1532	3082.08
1533	3045.81
1534	3040.25
1535	3061.15
1536	3097.55
1537	3136.97
1538	3166.91
1539	3175.62
1540	3156.01
1541	3110.58
1542	3047.30
1543	2975.18
1544	2903.27
1545	2840.00
1546	2790.58
1547	2754.63
1548	2729.02
1549	2710.18
1550	2694.55
1551	2678.98
1552	2662.10
1553	2645.13
1554	2630.35
1555	2620.20
1556	2617.05
1557	2622.60
1558	2636.02
1559	2653.55
1560	2670.41
1561	2681.75
1562	2682.79
1563	2669.96
1564	2643.30
1565	2606.10
1566	2562.59
1567	2517.09
1568	2473.78
1569	2436.12
1570	2405.72
1571	2382.89
1572	2367.63
1573	2359.95
1574	2359.72
1575	2366.10
1576	2376.92
1577	2389.29
1578	2400.18
1579	2406.61
1580	2406.06
1581	2398.16
1582	2385.55
1583	2372.08
1584	2361.81
1585	2358.68
1586	2365.85
1587	2383.76
1588	2410.08
1589	2441.62
1590	2475.12
1591	2507.39
1592	2536.01
1593	2560.40
1594	2581.31
1595	2599.80
1596	2616.97
1597	2633.82
1598	2651.06
1599	2668.82
1600	2686.91
1601	2705.11
1602	2723.20
1603	2741.16
1604	2759.63
1605	2780.06
1606	2804.25
1607	2833.98
1608	2871.00
1609	2916.38
1610	2969.44
1611	3028.04
1612	3089.70
1613	3151.91
1614	3212.69
1615	3272.78
1616	3338.19
1617	3417.67
1618	3520.45
1619	3655.65
1620	3830.71
1621	4046.66
1622	4296.82
1623	4571.77
1624	4861.82
1625	5157.70
1626	5453.78
1627	5753.70
1628	6067.93
1629	6408.61
1630	6787.95
1631	7217.28
1632	7703.84
1633	8248.12
1634	8847.50
1635	9498.93
1636	10199.71
1637	10951.95
1638	11772.69
1639	12693.43
1640	13750.07
1641	14978.71
1642	16413.26
1643	18074.29
1644	19955.47
1645	22035.41
1646	24289.89
1647	26694.12
1648	29216.81
1649	31803.17
1650	34371.25
1651	36829.66
1652	39086.14
1653	41049.31
1654	42634.02
1655	43769.32
1656	44393.26
1657	44445.82
1658	43868.16
1659	42619.56
1660	40729.64
1661	38317.11
1662	35533.77
1663	32534.93
1664	29472.95
1665	26477.26
1666	23623.66
1667	20952.27
1668	18495.25
1669	16284.06
1670	14344.81
1671	12682.79
1672	11276.97
1673	10096.47
1674	9109.38
1675	8284.13
1676	7591.95
1677	7010.36
1678	6520.90
1679	6105.95
1680	5748.07
1681	5431.31
1682	5145.24
1683	4885.78
1684	4651.11
1685	4439.59
1686	4249.62
1687	4079.62
1688	3928.04
1689	3793.37
1690	3674.12
1691	3568.80
1692	3476.01
1693	3394.75
1694	3324.36
1695	3264.29
1696	3213.98
1697	3172.60
1698	3138.10
1699	3106.29
1700	3072.04
1701	3030.11
1702	2975.58
1703	2906.58
1704	2829.03
1705	2754.67
1706	2696.66
1707	2668.06
1708	2679.58
1709	2732.94
1710	2818.96
1711	2924.55
1712	3036.22
1713	3141.25
1714	3231.22
1715	3305.94
1716	3369.58
1717	3427.08
1718	3483.48
1719	3544.31
1720	3616.53
1721	3708.23
1722	3827.80
1723	3983.56
1724	4182.54
1725	4426.71
1726	4711.79
1727	5031.18
1728	5378.09
1729	5745.85
1730	6128.85
1731	6523.28
1732	6926.29
1733	7335.18
1734	7747.23
1735	8159.48
1736	8568.31
1737	8969.67
1738	9359.39
1739	9733.20
1740	10085.69
1741	10407.64
1742	10685.86
1743	10905.90
1744	11053.28
1745	11114.86
1746	11083.38
1747	10960.12
1748	10749.90
1749	10458.01
1750	10090.10
1751	9653.80
1752	9160.62
1753	8624.15
1754	8058.37
1755	7477.19
1756	6894.01
1757	6320.91
1758	5769.04
1759	5249.32
1760	4772.47
1761	4347.10
1762	3975.32
1763	3653.23
1764	3375.16
1765	3135.32
1766	2927.95
1767	2747.45
1768	2588.38
1769	2445.35
1770	2313.03
1771	2186.96
1772	2066.42
1773	1956.31
1774	1863.86
1775	1796.58
1776	1760.95
1777	1757.88
1778	1778.36
1779	1808.41
1780	1833.27
1781	1839.06
1782	1817.68
1783	1773.23
1784	1716.89
1785	1661.24
1786	1618.44
1787	1596.94
1788	1596.31
1789	1610.11
1790	1630.54
1791	1649.86
1792	1661.50
1793	1662.02
1794	1650.35
1795	1626.08
1796	1588.95
1797	1540.10
1798	1484.72
1799	1431.49
1800	1390.06
1801	1369.90
1802	1377.61
1803	1411.00
1804	1459.52
1805	1510.15
1806	1549.89
1807	1568.29
1808	1563.24
1809	1541.03
1810	1510.60
1811	1480.99
1812	1459.90
1813	1450.51
1814	1451.19
1815	1458.79
1816	1469.99
1817	1481.23
1818	1488.12
1819	1485.35
1820	1467.32
1821	1428.61
1822	1366.16
1823	1285.19
1824	1199.77
1825	1126.90
1826	1083.52
1827	1082.61
1828	1123.72
1829	1192.31
1830	1269.28
1831	1335.42
1832	1375.29
1833	1385.62
1834	1375.37
1835	1357.31
1836	1344.28
1837	1346.04
1838	1362.99
1839	1386.73
1840	1406.22
1841	1410.60
1842	1392.45
1843	1354.26
1844	1307.01
1845	1264.04
1846	1238.35
1847	1238.96
1848	1264.28
1849	1304.65
1850	1348.34
1851	1383.98
1852	1403.60
1853	1407.20
1854	1400.18
1855	1389.14
1856	1380.39
1857	1378.06
1858	1381.76
1859	1388.51
1860	1394.82
1861	1397.38
1862	1393.86
1863	1383.73
1864	1367.30
1865	1345.06
1866	1317.61
1867	1286.21
1868	1252.98
1869	1220.44
1870	1191.15
1871	1167.58
1872	1151.92
1873	1146.01
1874	1151.59
1875	1170.24
1876	1202.11
1877	1243.06
1878	1285.07
1879	1318.97
1880	1336.00
1881	1331.00
1882	1307.61
1883	1275.57
1884	1246.00
1885	1229.31
1886	1231.31
1887	1249.13
1888	1275.29
1889	1301.52
1890	1320.26
1891	1327.06
1892	1321.83
1893	1306.30
1894	1282.40
1895	1252.28
1896	1218.59
1897	1184.56
1898	1153.60
1899	1129.06
1900	1113.80
1901	1109.47
1902	1116.90
1903	1136.68
1904	1168.97
1905	1211.73
1906	1259.00
1907	1302.85
1908	1335.14
1909	1349.32
1910	1344.70
1911	1327.69
1912	1307.20
1913	1292.12
1914	1288.76
1915	1296.44
1916	1308.99
1917	1318.89
1918	1319.24
1919	1307.22
1920	1287.51
1921	1268.62
1922	1259.56
1923	1267.34
1924	1291.51
1925	1322.85
1926	1349.12
1927	1358.41
1928	1343.75
1929	1310.48
1930	1272.78
1931	1246.82
1932	1246.97
1933	1278.51
1934	1332.29
1935	1392.79
1936	1443.79
1937	1471.88
1938	1472.32
1939	1448.42
1940	1405.85
1941	1350.59
1942	1289.27
1943	1229.82
1944	1180.87
1945	1151.01
1946	1146.39
1947	1164.73
1948	1194.38
1949	1220.60
1950	1229.35
1951	1213.17
1952	1178.97
1953	1142.36
1954	1120.56
1955	1127.87
1956	1167.45
1957	1229.02
1958	1297.48
1959	1357.83
1960	1398.81
1961	1417.73
1962	1417.27
1963	1401.28
1964	1373.90
1965	1340.22
1966	1306.40
1967	1278.96
1968	1264.00
1969	1264.25
1970	1275.31
1971	1288.48
1972	1294.29
1973	1285.18
1974	1260.27
1975	1225.94
1976	1190.98
1977	1163.87
1978	1150.24
1979	1150.23
1980	1161.05
1981	1179.42
1982	1202.34
1983	1227.67
1984	1254.07
1985	1280.41
1986	1305.54
1987	1328.09
1988	1346.38
1989	1358.56
1990	1362.83
1991	1357.76
1992	1342.84
1993	1318.21
1994	1284.24
1995	1242.37
1996	1197.83
1997	1160.13
1998	1140.19
1999	1147.72
2000	1185.46
2001	1243.74
2002	1306.79
2003	1358.31
2004	1386.04
2005	1388.24
2006	1371.06
2007	1342.55
2008	1310.48
2009	1281.18
2010	1259.30
2011	1248.88
2012	1253.26
2013	1272.35
2014	1300.30
2015	1328.57
2016	1348.43
2017	1352.81
2018	1338.55
2019	1305.16
2020	1252.88
2021	1184.06
2022	1107.47
2023	1037.93
2024	991.90
2025	983.22
2026	1014.65
2027	1074.32
2028	1144.81
2029	1209.07
2030	1255.52
2031	1282.29
2032	1292.31
2033	1289.28
2034	1276.78
2035	1258.02
2036	1235.97
2037	1213.51
2038	1192.97
2039	1175.15
2040	1159.58
2041	1145.49
2042	1132.46
2043	1121.35
2044	1114.39
2045	1114.23
2046	1122.90
2047	1139.87
2048	1161.18
2049	1181.58
2050	1196.18
2051	1202.58
2052	1202.38
2053	1198.96
2054	1195.68
2055	1194.28
2056	1193.32
2057	1189.76
2058	1180.77
2059	1166.78
2060	1155.34
2061	1158.30
2062	1187.43
2063	1247.47
2064	1326.10
2065	1399.30
2066	1441.34
2067	1434.49
2068	1382.44
2069	1305.15
2070	1226.35
2071	1166.34
2072	1135.21
2073	1134.58
2074	1163.50
2075	1217.63
2076	1283.16
2077	1337.92
2078	1358.10
2079	1327.60
2080	1254.38
2081	1168.51
2082	1105.70
2083	1092.86
2084	1128.33
2085	1183.65
2086	1223.22
2087	1219.93
2088	1174.54
2089	1113.85
2090	1071.63
2091	1073.95
2092	1122.12
2093	1194.82
2094	1264.73
2095	1309.48
2096	1322.32
2097	1310.09
2098	1283.34
2099	1251.98
2100	1223.57
2101	1203.75
2102	1197.36
2103	1206.90
2104	1228.94
2105	1255.73
2106	1278.61
2107	1290.33
2108	1286.99
2109	1266.93
2110	1229.63
2111	1178.74
2112	1126.50
2113	1090.01
2114	1085.29
2115	1117.46
2116	1171.97
2117	1224.61
2118	1252.60
2119	1246.89
2120	1219.32
2121	1190.48
2122	1179.25
2123	1193.40
2124	1226.93
2125	1268.87
2126	1308.08
2127	1334.63
2128	1339.81
2129	1316.03
2130	1262.49
2131	1196.02
2132	1146.87
2133	1146.03
2134	1207.73
2135	1310.43
2136	1411.80
2137	1470.64
2138	1470.74
2139	1436.56
2140	1410.40
2141	1428.55
2142	1495.66
2143	1578.84
2144	1633.26
2145	1625.60
2146	1558.69
2147	1465.67
2148	1385.87
2149	1345.99
2150	1344.82
2151	1364.81
2152	1386.77
2153	1398.50
2154	1398.47
2155	1389.61
2156	1375.13
2157	1357.23
2158	1337.09
2159	1315.49
2160	1292.63
2161	1267.43
2162	1238.02
2163	1203.34
2164	1166.91
2165	1139.19
2166	1133.24
2167	1157.59
2168	1205.30
2169	1254.74
2170	1281.59
2171	1272.18
2172	1236.03
2173	1195.96
2174	1173.29
2175	1172.98
2176	1178.67
2177	1167.00
2178	1122.72
2179	1053.84
2180	985.78
2181	945.32
2182	945.33
2183	976.11
2184	1018.23
2185	1054.68
2186	1079.79
2187	1098.07
2188	1116.04
2189	1136.03
2190	1152.47
2191	1156.15
2192	1140.29
2193	1107.91
2194	1071.40
2195	1044.60
2196	1034.00
2197	1032.03
2198	1024.36
2199	1000.06
2200	962.58
2201	929.05
2202	918.90
2203	942.46
2204	993.51
2205	1057.85
2206	1120.83
2207	1170.24
2208	1196.11
2209	1190.77
2210	1154.47
2211	1099.44
2212	1042.65
2213	997.98
2214	969.89
2215	956.14
2216	953.69
2217	962.39
2218	985.63
2219	1026.85
2220	1082.18
2221	1133.01
2222	1153.65
2223	1126.74
2224	1063.51
2225	1000.01
2226	973.17
2227	994.69
2228	1040.49
2229	1074.28
2230	1071.71
2231	1037.13
2232	991.31
2233	954.14
2234	933.30
2235	925.56
2236	924.94
2237	926.31
2238	926.06
2239	921.83
2240	915.49
2241	916.61
2242	937.63
2243	982.20
2244	1030.17
2245	1045.15
2246	999.76
2247	909.04
2248	830.36
2249	822.56
2250	896.39
2251	995.70
2252	1045.39
2253	1007.64
2254	917.12
2255	841.40
2256	830.96
2257	884.27
2258	967.26
2259	1044.21
2260	1094.01
2261	1107.71
2262	1082.46
2263	1024.93
2264	951.17
2265	880.07
2266	830.39
2267	820.24
2268	862.11
2269	944.84
2270	1023.63
2271	1046.94
2272	997.22
2273	916.04
2274	866.48
2275	881.53
2276	930.43
2277	953.83
2278	915.73
2279	839.60
2280	779.79
2281	775.06
2282	815.71
2283	863.63
2284	887.25
2285	884.26
2286	871.07
2287	863.21
2288	864.14
2289	869.12
2290	872.28
2291	869.49
2292	858.39
2293	840.36
2294	825.18
2295	827.19
2296	853.52
2297	891.41
2298	916.08
2299	908.90
2300	871.62
2301	818.76
2302	765.75
2303	724.23
2304	703.04
2305	707.68
2306	738.03
2307	789.91
2308	853.40
2309	909.53
2310	937.86
2311	930.55
2312	900.05
2313	865.80
2314	841.37
2315	831.05
2316	835.48
2317	854.28
2318	886.07
2319	925.19
2320	954.12
2321	947.30
2322	894.64
2323	830.63
2324	815.04
2325	879.29
2326	984.84
2327	1061.69
2328	1065.25
2329	1000.68
2330	896.27
2331	788.69
2332	719.34
2333	716.39
2334	765.52
2335	820.04
2336	843.69
2337	841.69
2338	840.45
2339	854.58
2340	873.69
2341	881.40
2342	876.32
2343	873.14
2344	884.93
2345	908.18
2346	928.54
2347	933.17
2348	916.26
2349	878.73
2350	833.68
2351	805.03
2352	809.13
2353	835.68
2354	858.43
2355	854.97
2356	815.00
2357	740.99
2358	659.11
2359	611.90
2360	624.66
2361	680.01
2362	742.26
2363	786.40
2364	803.48
2365	792.16
2366	756.87
2367	707.28
2368	661.78
2369	646.01
2370	669.91
2371	700.30
2372	690.35
2373	645.32
2374	637.42
2375	720.55
2376	849.29
2377	930.02
2378	920.24
2379	853.02
2380	781.99
2381	748.62
2382	773.57
2383	834.09
2384	870.75
2385	842.83
2386	764.61
2387	678.32
2388	631.94
2389	663.00
2390	760.10
2391	852.43
2392	882.69
2393	870.27
2394	866.43
2395	886.98
2396	909.89
2397	911.84
2398	885.24
2399	840.77
2400	813.53
2401	833.06
2402	874.53
2403	879.94
2404	838.14
2405	803.08
2406	811.74
2407	831.87
2408	824.84
2409	813.59
2410	844.63
2411	913.14
2412	966.42
2413	956.96
2414	868.71
2415	735.75
2416	646.17
2417	656.04
2418	718.61
2419	762.99
2420	782.54
2421	807.04
2422	847.76
2423	893.66
2424	925.87
2425	928.79
2426	905.91
2427	876.72
2428	848.93
2429	814.72
2430	783.53
2431	787.81
2432	830.86
2433	866.92
2434	870.34
2435	871.48
2436	888.77
2437	888.05
2438	842.87
2439	776.77
2440	726.55
2441	711.79
2442	731.83
2443	769.60
2444	816.10
2445	879.16
2446	952.87
2447	1005.94
2448	1014.11
2449	977.49
2450	926.64
