150	3994.25
151	3981.07
152	3969.55
153	3965.36
154	3968.73
155	3978.77
156	3994.27
157	4014.00
158	4036.71
159	4061.16
160	4086.12
161	4110.35
162	4132.75
163	4152.65
164	4169.98
165	4184.85
166	4197.41
167	4207.80
168	4216.16
169	4222.64
170	4227.37
171	4230.58
172	4232.71
173	4234.52
174	4236.87
175	4240.64
176	4246.71
177	4255.95
178	4269.25
179	4287.47
180	4311.28
181	4340.69
182	4374.79
183	4412.42
184	4452.34
185	4493.32
186	4534.15
187	4573.60
188	4610.46
189	4643.64
190	4672.59
191	4697.37
192	4718.26
193	4735.57
194	4749.59
195	4760.64
196	4769.00
197	4774.99
198	4778.93
199	4781.25
200	4782.46
201	4783.11
202	4783.76
203	4784.95
204	4787.26
205	4791.22
206	4797.39
207	4806.25
208	4818.02
209	4832.69
210	4850.14
211	4870.28
212	4892.97
213	4918.12
214	4945.61
215	4975.32
216	5007.02
217	5040.15
218	5073.83
219	5107.09
220	5138.95
221	5168.44
222	5194.58
223	5216.39
224	5232.93
225	5243.62
226	5248.82
227	5249.74
228	5247.77
229	5244.35
230	5240.88
231	5238.79
232	5239.51
233	5244.39
234	5254.40
235	5269.51
236	5288.94
237	5311.76
238	5337.02
239	5363.76
240	5391.05
241	5417.92
242	5443.45
243	5466.84
244	5487.54
245	5505.17
246	5519.40
247	5529.87
248	5536.25
249	5538.19
250	5535.36
251	5527.51
252	5514.91
253	5498.80
254	5480.91
255	5463.02
256	5446.96
257	5434.53
258	5427.54
259	5427.78
260	5436.86
261	5455.43
262	5482.70
263	5517.32
264	5557.83
265	5602.77
266	5650.68
267	5700.09
268	5749.57
269	5797.70
270	5843.33
271	5885.56
272	5923.59
273	5956.63
274	5983.90
275	6004.60
276	6017.96
277	6023.21
278	6020.01
279	6009.18
280	5992.67
281	5972.74
282	5951.69
283	5931.79
284	5915.34
285	5904.63
286	5901.81
287	5908.13
288	5922.52
289	5942.34
290	5964.56
291	5986.12
292	6004.00
293	6015.14
294	6016.51
295	6005.34
296	5980.42
297	5943.42
298	5897.58
299	5846.39
300	5793.34
301	5741.95
302	5695.71
303	5658.11
304	5632.19
305	5619.14
306	5617.56
307	5625.05
308	5639.05
309	5657.01
310	5676.38
311	5694.61
312	5709.18
313	5717.98
314	5720.22
315	5716.40
316	5707.41
317	5694.19
318	5677.66
319	5658.74
320	5638.38
321	5617.47
322	5596.91
323	5577.41
324	5559.64
325	5544.21
326	5531.76
327	5522.91
328	5518.29
329	5518.53
330	5524.17
331	5535.40
332	5551.74
333	5572.45
334	5596.70
335	5623.68
336	5652.58
337	5682.58
338	5712.88
339	5742.70
340	5771.41
341	5798.53
342	5823.64
343	5846.31
344	5866.13
345	5882.67
346	5895.53
347	5904.29
348	5908.68
349	5908.76
350	5904.85
351	5897.30
352	5886.48
353	5872.76
354	5856.51
355	5838.10
356	5817.91
357	5796.40
358	5774.18
359	5751.90
360	5730.24
361	5709.88
362	5691.48
363	5675.72
364	5663.27
365	5654.65
366	5649.95
367	5648.76
368	5650.52
369	5654.67
370	5660.61
371	5667.79
372	5675.63
373	5683.57
374	5691.18
375	5698.31
376	5705.01
377	5711.34
378	5717.39
379	5723.23
380	5728.96
381	5734.64
382	5740.36
383	5746.28
384	5752.57
385	5759.48
386	5767.24
387	5776.07
388	5786.20
389	5797.87
390	5811.30
391	5826.57
392	5843.43
393	5861.34
394	5879.68
395	5897.82
396	5915.15
397	5931.03
398	5944.85
399	5956.04
400	5964.38
401	5970.15
402	5973.94
403	5976.35
404	5978.01
405	5979.51
406	5981.48
407	5984.51
408	5989.03
409	5994.94
410	6001.65
411	6008.40
412	6014.41
413	6018.93
414	6021.20
415	6020.44
416	6015.97
417	6007.61
418	5996.06
419	5982.51
420	5968.24
421	5954.54
422	5942.69
423	5933.97
424	5929.64
425	5930.63
426	5936.89
427	5947.28
428	5960.36
429	5974.65
430	5988.68
431	6000.98
432	6010.05
433	6014.57
434	6013.81
435	6008.39
436	5999.58
437	5988.79
438	5977.41
439	5966.88
440	5958.58
441	5953.92
442	5953.94
443	5958.69
444	5967.16
445	5978.04
446	5989.99
447	6001.66
448	6011.72
449	6018.82
450	6021.75
451	6019.87
452	6013.63
453	6004.04
454	5992.20
455	5979.18
456	5966.10
457	5954.05
458	5944.10
459	5937.17
460	5933.71
461	5933.71
462	5937.05
463	5943.63
464	5953.31
465	5965.97
466	5981.49
467	5999.74
468	6020.58
469	6043.84
470	6069.31
471	6096.83
472	6126.20
473	6157.22
474	6189.71
475	6223.47
476	6258.13
477	6292.97
478	6326.97
479	6359.06
480	6388.18
481	6413.24
482	6433.18
483	6446.93
484	6453.65
485	6453.36
486	6447.09
487	6436.26
488	6422.30
489	6406.69
490	6390.86
491	6376.26
492	6364.26
493	6355.82
494	6350.99
495	6349.39
496	6350.55
497	6353.97
498	6359.18
499	6365.70
500	6373.04
501	6380.84
502	6389.01
503	6397.69
504	6407.10
505	6417.47
506	6429.02
507	6441.97
508	6456.54
509	6472.81
510	6490.32
511	6507.83
512	6523.84
513	6536.77
514	6545.08
515	6547.21
516	6541.59
517	6526.82
518	6502.39
519	6469.60
520	6430.82
521	6388.60
522	6345.52
523	6304.14
524	6267.03
525	6236.69
526	6215.01
527	6202.07
528	6196.46
529	6196.30
530	6199.74
531	6204.89
532	6209.88
533	6212.83
534	6212.08
535	6206.66
536	6196.56
537	6182.07
538	6163.54
539	6141.31
540	6115.73
541	6087.13
542	6055.89
543	6022.43
544	5987.30
545	5951.15
546	5914.59
547	5878.28
548	5842.85
549	5808.93
550	5777.15
551	5748.06
552	5721.99
553	5699.15
554	5679.72
555	5663.87
556	5651.78
557	5643.60
558	5639.53
559	5639.65
560	5643.91
561	5652.05
562	5663.77
563	5678.77
564	5696.76
565	5717.44
566	5740.49
567	5765.59
568	5792.35
569	5820.25
570	5848.73
571	5877.26
572	5905.27
573	5932.21
574	5957.54
575	5980.81
576	6002.18
577	6022.75
578	6044.07
579	6067.78
580	6095.49
581	6128.83
582	6169.42
583	6218.74
584	6277.41
585	6344.22
586	6416.89
587	6492.95
588	6569.88
589	6645.20
590	6716.41
591	6781.09
592	6837.36
593	6884.75
594	6923.84
595	6955.42
596	6980.32
597	6999.37
598	7013.37
599	7023.15
600	7029.30
601	7031.79
602	7030.07
603	7023.41
604	7011.06
605	6992.29
606	6966.37
607	6932.57
608	6890.46
609	6840.51
610	6784.26
611	6723.55
612	6660.28
613	6596.31
614	6533.55
615	6473.85
616	6418.89
617	6369.48
618	6325.37
619	6285.90
620	6250.38
621	6218.11
622	6188.38
623	6160.50
624	6133.79
625	6107.70
626	6081.86
627	6055.95
628	6029.67
629	6002.73
630	5974.84
631	5945.70
632	5915.11
633	5883.31
634	5851.28
635	5820.35
636	5791.89
637	5767.28
638	5747.89
639	5735.10
640	5730.07
641	5732.93
642	5741.90
643	5754.24
644	5767.05
645	5777.42
646	5782.45
647	5779.25
648	5765.18
649	5739.22
650	5703.38
651	5661.35
652	5617.11
653	5574.63
654	5537.92
655	5510.95
656	5497.44
657	5499.49
658	5515.96
659	5543.85
660	5579.83
661	5620.52
662	5662.56
663	5702.61
664	5737.46
665	5764.89
666	5784.70
667	5797.89
668	5805.67
669	5809.27
670	5809.93
671	5808.87
672	5807.34
673	5806.61
674	5808.06
675	5813.13
676	5823.25
677	5839.87
678	5864.44
679	5898.39
680	5943.03
681	5998.76
682	6064.21
683	6136.92
684	6214.25
685	6293.55
686	6372.15
687	6447.42
688	6516.90
689	6579.41
690	6636.24
691	6690.09
692	6743.92
693	6800.70
694	6863.39
695	6934.95
696	7018.10
697	7114.13
698	7221.62
699	7337.72
700	7459.35
701	7583.38
702	7706.73
703	7826.28
704	7939.23
705	8044.31
706	8142.90
707	8237.73
708	8331.75
709	8427.90
710	8529.14
711	8638.39
712	8758.08
713	8888.30
714	9025.38
715	9163.93
716	9298.35
717	9422.99
718	9532.22
719	9620.46
720	9682.91
721	9718.15
722	9729.58
723	9722.54
724	9702.64
725	9675.47
726	9646.64
727	9621.70
728	9605.29
729	9598.67
730	9598.97
731	9601.79
732	9602.57
733	9596.78
734	9579.85
735	9547.33
736	9495.85
737	9425.76
738	9341.20
739	9247.49
740	9150.09
741	9054.44
742	8966.00
743	8890.07
744	8830.89
745	8789.43
746	8763.98
747	8752.06
748	8751.15
749	8758.73
750	8772.28
751	8789.37
752	8808.25
753	8828.78
754	8851.97
755	8879.05
756	8911.30
757	8949.97
758	8996.31
759	9051.37
760	9114.99
761	9184.66
762	9256.55
763	9326.59
764	9390.71
765	9444.84
766	9484.93
767	9507.43
768	9511.13
769	9498.41
770	9473.21
771	9439.73
772	9402.14
773	9364.63
774	9331.35
775	9305.92
776	9290.06
777	9283.25
778	9284.19
779	9291.50
780	9303.78
781	9319.66
782	9337.83
783	9357.71
784	9380.79
785	9410.37
786	9450.27
787	9504.31
788	9576.32
789	9670.13
790	9789.33
791	9935.79
792	10107.66
793	10300.72
794	10510.28
795	10731.61
796	10959.99
797	11190.71
798	11419.46
799	11643.88
800	11864.71
801	12084.17
802	12304.66
803	12528.60
804	12758.42
805	12996.49
806	13244.75
807	13503.53
808	13771.35
809	14046.13
810	14325.70
811	14607.93
812	14890.67
813	15171.94
814	15451.17
815	15731.51
816	16018.93
817	16320.09
818	16641.70
819	16990.46
820	17373.05
821	17795.50
822	18260.28
823	18763.28
824	19297.07
825	19853.62
826	20424.91
827	21002.89
828	21579.54
829	22147.42
830	22701.10
831	23237.59
832	23754.79
833	24250.67
834	24723.22
835	25170.43
836	25590.30
837	25980.94
838	26340.79
839	26668.53
840	26962.88
841	27222.60
842	27446.41
843	27633.07
844	27781.71
845	27893.38
846	27972.45
847	28024.89
848	28056.94
849	28074.83
850	28084.78
851	28093.01
852	28105.26
853	28125.78
854	28157.21
855	28201.71
856	28261.36
857	28338.26
858	28434.50
859	28551.89
860	28690.32
861	28845.52
862	29010.54
863	29177.94
864	29340.21
865	29489.88
866	29619.46
867	29722.06
868	29792.96
869	29830.38
870	29833.66
871	29802.31
872	29735.81
873	29633.66
874	29495.51
875	29322.38
876	29118.82
877	28892.02
878	28649.82
879	28400.10
880	28150.74
881	27909.57
882	27683.49
883	27475.12
884	27280.46
885	27092.69
886	26904.55
887	26708.80
888	26498.18
889	26265.76
890	26007.44
891	25727.22
892	25435.77
893	25145.55
894	24869.14
895	24619.12
896	24408.01
897	24247.00
898	24140.87
899	24084.03
900	24066.11
901	24076.07
902	24102.83
903	24135.32
904	24162.67
905	24176.12
906	24172.77
907	24154.70
908	24125.31
909	24088.12
910	24046.62
911	24004.30
912	23964.11
913	23926.61
914	23888.55
915	23845.00
916	23790.79
917	23720.74
918	23629.67
919	23512.65
920	23366.93
921	23195.50
922	23005.88
923	22806.72
924	22606.75
925	22414.69
926	22239.22
927	22088.10
928	21965.21
929	21869.07
930	21795.98
931	21741.99
932	21703.12
933	21675.43
934	21655.02
935	21638.55
936	21623.93
937	21609.93
938	21595.48
939	21579.54
940	21561.06
941	21538.99
942	21512.34
943	21480.26
944	21442.08
945	21397.21
946	21345.05
947	21285.00
948	21216.47
949	21139.26
950	21055.26
951	20970.26
952	20892.12
953	20829.05
954	20789.27
955	20781.00
956	20812.16
957	20887.87
958	21005.28
959	21154.87
960	21325.30
961	21505.11
962	21682.86
963	21847.13
964	21987.21
965	22095.29
966	22167.49
967	22201.46
968	22195.04
969	22146.06
970	22052.36
971	21911.98
972	21724.20
973	21490.74
974	21214.82
975	20899.92
976	20549.51
977	20167.10
978	19756.27
979	19321.65
980	18870.87
981	18414.16
982	17962.52
983	17526.98
984	17118.58
985	16748.29
986	16425.84
987	16156.08
988	15937.44
989	15765.86
990	15637.00
991	15546.53
992	15490.09
993	15463.45
994	15462.89
995	15485.75
996	15529.89
997	15593.26
998	15673.84
999	15769.59
1000	15878.50
1001	15998.76
1002	16129.07
1003	16268.51
1004	16416.26
1005	16571.52
1006	16733.45
1007	16901.23
1008	17073.97
1009	17250.55
1010	17429.60
1011	17609.66
1012	17789.28
1013	17966.99
1014	18141.33
1015	18310.62
1016	18472.24
1017	18622.27
1018	18756.22
1019	18869.56
1020	18957.72
1021	19016.18
1022	19041.08
1023	19032.31
1024	18996.90
1025	18945.62
1026	18889.92
1027	18841.28
1028	18811.17
1029	18810.50
1030	18846.21
1031	18915.61
1032	19009.46
1033	19117.00
1034	19227.45
1035	19329.96
1036	19414.00
1037	19471.49
1038	19501.71
1039	19510.33
1040	19504.83
1041	19492.81
1042	19481.87
1043	19479.55
1044	19492.84
1045	19526.69
1046	19583.79
1047	19666.11
1048	19775.54
1049	19913.98
1050	20083.31
1051	20285.37
1052	20521.72
1053	20793.62
1054	21102.15
1055	21448.43
1056	21833.54
1057	22258.51
1058	22723.46
1059	23223.93
1060	23748.10
1061	24280.80
1062	24806.37
1063	25309.13
1064	25773.46
1065	26184.96
1066	26536.08
1067	26832.25
1068	27085.61
1069	27309.49
1070	27517.28
1071	27722.32
1072	27937.14
1073	28168.96
1074	28413.69
1075	28660.54
1076	28897.38
1077	29112.02
1078	29292.29
1079	29426.28
1080	29504.14
1081	29520.89
1082	29474.68
1083	29364.44
1084	29189.09
1085	28947.56
1086	28638.97
1087	28263.69
1088	27825.36
1089	27329.98
1090	26784.14
1091	26194.43
1092	25567.46
1093	24909.92
1094	24229.05
1095	23533.66
1096	22833.80
1097	22139.81
1098	21462.04
1099	20810.87
1100	20196.48
1101	19627.59
1102	19108.73
1103	18641.05
1104	18224.75
1105	17860.01
1106	17546.98
1107	17285.69
1108	17074.90
1109	16909.72
1110	16782.22
1111	16683.63
1112	16605.13
1113	16537.89
1114	16473.12
1115	16402.21
1116	16317.16
1117	16210.49
1118	16074.83
1119	15902.84
1120	15687.18
1121	15420.81
1122	15099.70
1123	14728.21
1124	14317.73
1125	13881.53
1126	13432.99
1127	12985.49
1128	12552.17
1129	12143.85
1130	11765.11
1131	11415.52
1132	11093.31
1133	10796.66
1134	10523.73
1135	10272.74
1136	10042.39
1137	9832.58
1138	9644.11
1139	9478.03
1140	9335.38
1141	9217.22
1142	9124.40
1143	9056.42
1144	9009.39
1145	8977.15
1146	8952.95
1147	8930.04
1148	8901.67
1149	8861.46
1150	8805.35
1151	8734.51
1152	8653.42
1153	8567.21
1154	8481.04
1155	8400.10
1156	8329.31
1157	8272.31
1158	8230.06
1159	8202.08
1160	8187.61
1161	8185.88
1162	8196.12
1163	8217.38
1164	8248.02
1165	8285.04
1166	8324.86
1167	8363.77
1168	8398.06
1169	8424.05
1170	8438.48
1171	8439.96
1172	8429.86
1173	8410.71
1174	8385.17
1175	8355.93
1176	8325.66
1177	8296.89
1178	8271.64
1179	8251.33
1180	8237.13
1181	8230.20
1182	8231.69
1183	8242.72
1184	8263.87
1185	8293.99
1186	8330.33
1187	8369.58
1188	8408.44
1189	8443.59
1190	8471.82
1191	8490.93
1192	8501.35
1193	8505.53
1194	8506.40
1195	8506.95
1196	8510.14
1197	8518.76
1198	8534.46
1199	8556.46
1200	8582.55
1201	8610.23
1202	8636.98
1203	8660.31
1204	8678.07
1205	8689.78
1206	8697.67
1207	8705.26
1208	8716.24
1209	8734.30
1210	8763.10
1211	8805.66
1212	8862.50
1213	8931.21
1214	9008.30
1215	9090.17
1216	9173.22
1217	9253.94
1218	9329.84
1219	9401.35
1220	9471.43
1221	9543.76
1222	9622.06
1223	9710.05
1224	9811.23
1225	9927.78
1226	10058.89
1227	10201.96
1228	10353.99
1229	10511.98
1230	10672.95
1231	10834.48
1232	10996.81
1233	11164.31
1234	11343.18
1235	11539.86
1236	11760.80
1237	12012.37
1238	12299.67
1239	12623.64
1240	12980.79
1241	13366.19
1242	13774.83
1243	14201.67
1244	14642.01
1245	15093.57
1246	15560.00
1247	16049.05
1248	16569.41
1249	17129.82
1250	17738.94
1251	18403.74
1252	19122.96
1253	19881.70
1254	20658.80
1255	21432.17
1256	22179.66
1257	22879.38
1258	23512.69
1259	24071.75
1260	24559.98
1261	24984.43
1262	25352.43
1263	25671.29
1264	25947.86
1265	26185.46
1266	26379.43
1267	26519.97
1268	26596.19
1269	26597.15
1270	26512.00
1271	26332.31
1272	26059.89
1273	25711.25
1274	25308.93
1275	24876.23
1276	24436.50
1277	24012.66
1278	23623.89
1279	23278.61
1280	22976.24
1281	22713.73
1282	22487.88
1283	22295.51
1284	22134.69
1285	22009.78
1286	21936.50
1287	21936.17
1288	22031.07
1289	22243.48
1290	22595.15
1291	23101.01
1292	23753.74
1293	24523.43
1294	25373.05
1295	26265.01
1296	27161.73
1297	28026.36
1298	28826.48
1299	29538.74
1300	30144.85
1301	30627.50
1302	30969.42
1303	31153.57
1304	31166.28
1305	31005.64
1306	30682.95
1307	30213.94
1308	29614.76
1309	28901.60
1310	28090.95
1311	27201.27
1312	26255.24
1313	25278.02
1314	24295.27
1315	23332.66
1316	22415.58
1317	21565.19
1318	20787.69
1319	20072.41
1320	19403.00
1321	18762.53
1322	18134.11
1323	17501.84
1324	16855.88
1325	16198.87
1326	15540.57
1327	14892.13
1328	14264.75
1329	13669.49
1330	13115.78
1331	12607.53
1332	12142.98
1333	11718.51
1334	11330.39
1335	10974.87
1336	10648.30
1337	10347.67
1338	10071.09
1339	9817.25
1340	9584.92
1341	9372.89
1342	9179.95
1343	9004.84
1344	8846.24
1345	8702.72
1346	8572.86
1347	8455.22
1348	8348.35
1349	8250.79
1350	8160.89
1351	8076.74
1352	7996.34
1353	7917.67
1354	7838.71
1355	7757.56
1356	7673.23
1357	7586.88
1358	7501.08
1359	7418.76
1360	7342.87
1361	7276.28
1362	7221.33
1363	7178.37
1364	7145.61
1365	7120.51
1366	7100.45
1367	7082.85
1368	7064.97
1369	7043.53
1370	7014.26
1371	6972.40
1372	6913.09
1373	6831.52
1374	6723.16
1375	6586.19
1376	6425.64
1377	6251.64
1378	6075.60
1379	5908.97
1380	5763.07
1381	5647.24
1382	5563.77
1383	5506.90
1384	5468.14
1385	5438.73
1386	5409.94
1387	5373.95
1388	5327.50
1389	5275.01
1390	5224.57
1391	5184.83
1392	5164.42
1393	5171.65
1394	5212.14
1395	5285.17
1396	5385.81
1397	5508.17
1398	5646.28
1399	5794.24
1400	5946.41
1401	6098.06
1402	6245.31
1403	6384.56
1404	6512.20
1405	6624.72
1406	6719.65
1407	6798.92
1408	6870.38
1409	6944.17
1410	7030.70
1411	7140.36
1412	7282.95
1413	7465.05
1414	7687.41
1415	7947.77
1416	8243.43
1417	8571.63
1418	8930.03
1419	9319.10
1420	9745.91
1421	10221.90
1422	10759.52
1423	11371.23
1424	12069.54
1425	12867.21
1426	13777.77
1427	14815.39
1428	15994.42
1429	17329.23
1430	18833.62
1431	20513.45
1432	22346.79
1433	24280.77
1434	26252.10
1435	28196.55
1436	30050.05
1437	31752.34
1438	33259.11
1439	34548.30
1440	35606.79
1441	36422.49
1442	36983.54
1443	37280.89
1444	37319.56
1445	37128.59
1446	36748.30
1447	36220.80
1448	35588.19
1449	34891.39
1450	34163.98
1451	33424.91
1452	32685.02
1453	31953.62
1454	31239.92
1455	30552.23
1456	29892.53
1457	29248.22
1458	28597.39
1459	27916.05
1460	27180.18
1461	26366.82
1462	25462.01
1463	24474.79
1464	23431.10
1465	22361.01
1466	21294.79
1467	20262.05
1468	19285.88
1469	18371.31
1470	17508.42
1471	16683.31
1472	15881.83
1473	15090.22
1474	14298.78
1475	13509.96
1476	12737.25
1477	11997.28
1478	11306.87
1479	10682.57
1480	10136.99
1481	9670.47
1482	9271.47
1483	8924.83
1484	8615.11
1485	8327.04
1486	8047.35
1487	7769.41
1488	7493.27
1489	7221.12
1490	6955.31
1491	6698.21
1492	6452.30
1493	6220.50
1494	6006.15
1495	5812.75
1496	5643.78
1497	5502.64
1498	5391.16
1499	5306.10
1500	5238.86
1501	5179.16
1502	5116.57
1503	5040.81
1504	4943.73
1505	4824.10
1506	4687.77
1507	4542.83
1508	4397.56
1509	4260.13
1510	4137.45
1511	4032.48
1512	3944.26
1513	3870.66
1514	3809.43
1515	3758.32
1516	3714.76
1517	3675.26
1518	3635.47
1519	3590.82
1520	3536.71
1521	3468.77
1522	3384.75
1523	3288.48
1524	3188.87
1525	3096.22
1526	3020.88
1527	2972.77
1528	2957.89
1529	2972.06
1530	3003.48
1531	3038.42
1532	3063.07
1533	3064.30
1534	3033.75
1535	2974.29
1536	2896.20
1537	2811.41
1538	2731.91
1539	2669.05
1540	2630.19
1541	2614.56
1542	2616.70
1543	2630.28
1544	2648.91
1545	2666.56
1546	2678.94
1547	2684.83
1548	2684.48
1549	2678.39
1550	2667.08
1551	2651.09
1552	2631.07
1553	2607.90
1554	2582.48
1555	2555.76
1556	2528.68
1557	2502.08
1558	2476.63
1559	2452.67
1560	2430.49
1561	2410.36
1562	2392.54
1563	2377.36
1564	2365.32
1565	2357.08
1566	2353.33
1567	2354.78
1568	2362.03
1569	2374.95
1570	2391.63
1571	2408.91
1572	2423.33
1573	2431.45
1574	2430.12
1575	2418.11
1576	2397.71
1577	2373.16
1578	2348.99
1579	2329.76
1580	2319.41
1581	2319.38
1582	2327.56
1583	2340.36
1584	2354.00
1585	2364.78
1586	2370.00
1587	2370.15
1588	2369.05
1589	2371.57
1590	2382.62
1591	2406.88
1592	2446.84
1593	2499.58
1594	2558.27
1595	2615.19
1596	2662.60
1597	2693.49
1598	2704.98
1599	2701.63
1600	2691.70
1601	2684.08
1602	2687.62
1603	2709.55
1604	2751.18
1605	2806.48
1606	2866.81
1607	2923.20
1608	2967.09
1609	2993.18
1610	3005.21
1611	3014.14
1612	3032.85
1613	3074.27
1614	3150.32
1615	3267.09
1616	3419.66
1617	3597.38
1618	3788.57
1619	3981.64
1620	4167.25
1621	4344.42
1622	4522.21
1623	4713.30
1624	4930.71
1625	5187.05
1626	5491.50
1627	5844.35
1628	6239.43
1629	6668.95
1630	7125.09
1631	7601.20
1632	8096.36
1633	8619.01
1634	9181.87
1635	9798.33
1636	10481.82
1637	11246.11
1638	12106.04
1639	13077.42
1640	14176.41
1641	15419.14
1642	16820.89
1643	18391.72
1644	20131.24
1645	22033.19
1646	24090.19
1647	26294.31
1648	28629.99
1649	31054.17
1650	33491.91
1651	35857.25
1652	38063.18
1653	40023.14
1654	41654.08
1655	42880.79
1656	43633.09
1657	43841.87
1658	43439.15
1659	42375.02
1660	40669.62
1661	38431.86
1662	35803.61
1663	32930.28
1664	29954.80
1665	27001.11
1666	24148.52
1667	21446.72
1668	18938.81
1669	16667.14
1670	14667.70
1671	12951.60
1672	11498.44
1673	10276.10
1674	9251.19
1675	8390.78
1676	7665.37
1677	7053.26
1678	6537.73
1679	6103.11
1680	5733.87
1681	5415.30
1682	5135.84
1683	4887.56
1684	4663.76
1685	4457.92
1686	4263.90
1687	4078.10
1688	3902.02
1689	3740.01
1690	3596.98
1691	3477.70
1692	3385.46
1693	3318.76
1694	3271.46
1695	3236.01
1696	3204.78
1697	3170.64
1698	3128.96
1699	3079.23
1700	3022.85
1701	2961.49
1702	2896.93
1703	2831.56
1704	2769.35
1705	2715.48
1706	2675.42
1707	2654.57
1708	2657.22
1709	2683.44
1710	2728.15
1711	2784.44
1712	2845.23
1713	2903.95
1714	2956.92
1715	3006.09
1716	3056.32
1717	3112.99
1718	3181.43
1719	3266.01
1720	3368.50
1721	3488.56
1722	3625.32
1723	3777.88
1724	3946.07
1725	4132.45
1726	4342.96
1727	4584.79
1728	4865.20
1729	5190.48
1730	5561.50
1731	5969.22
1732	6399.55
1733	6837.55
1734	7268.58
1735	7680.78
1736	8069.19
1737	8433.96
1738	8776.43
1739	9097.89
1740	9398.13
1741	9671.97
1742	9909.00
1743	10097.17
1744	10224.35
1745	10279.32
1746	10255.02
1747	10150.35
1748	9966.71
1749	9705.83
1750	9369.98
1751	8964.52
1752	8500.78
1753	7993.34
1754	7457.37
1755	6907.98
1756	6359.85
1757	5826.57
1758	5320.90
1759	4855.43
1760	4442.40
1761	4090.44
1762	3797.11
1763	3549.73
1764	3332.59
1765	3129.92
1766	2928.43
1767	2723.94
1768	2523.06
1769	2336.25
1770	2174.26
1771	2046.42
1772	1955.63
1773	1895.30
1774	1854.82
1775	1823.10
1776	1789.95
1777	1750.05
1778	1706.81
1779	1668.02
1780	1642.12
1781	1636.85
1782	1654.98
1783	1688.97
1784	1725.21
1785	1748.93
1786	1746.06
1787	1708.12
1788	1640.12
1789	1556.16
1790	1472.41
1791	1404.72
1792	1365.04
1793	1355.09
1794	1368.61
1795	1397.34
1796	1433.00
1797	1468.52
1798	1500.23
1799	1527.43
1800	1550.25
1801	1568.82
1802	1582.93
1803	1591.28
1804	1591.50
1805	1580.93
1806	1557.00
1807	1518.57
1808	1469.14
1809	1416.92
1810	1371.60
1811	1342.81
1812	1337.95
1813	1356.94
1814	1391.78
1815	1431.90
1816	1466.63
1817	1486.84
1818	1488.61
1819	1473.71
1820	1445.75
1821	1408.55
1822	1366.32
1823	1324.57
1824	1290.30
1825	1270.91
1826	1273.72
1827	1303.55
1828	1357.07
1829	1422.27
1830	1484.36
1831	1528.55
1832	1542.86
1833	1524.44
1834	1479.65
1835	1417.70
1836	1347.99
1837	1279.26
1838	1218.19
1839	1169.58
1840	1137.61
1841	1126.29
1842	1137.78
1843	1169.09
1844	1212.78
1845	1260.18
1846	1302.76
1847	1333.78
1848	1351.25
1849	1356.84
1850	1353.12
1851	1342.74
1852	1328.47
1853	1313.41
1854	1300.84
1855	1294.08
1856	1296.07
1857	1307.32
1858	1323.30
1859	1336.55
1860	1339.10
1861	1324.04
1862	1290.00
1863	1245.53
1864	1203.98
1865	1179.43
1866	1183.77
1867	1219.46
1868	1275.13
1869	1333.72
1870	1377.57
1871	1391.94
1872	1372.63
1873	1327.76
1874	1269.73
1875	1211.21
1876	1162.82
1877	1129.18
1878	1109.39
1879	1100.99
1880	1101.46
1881	1108.83
1882	1122.53
1883	1142.91
1884	1170.52
1885	1205.65
1886	1246.89
1887	1289.62
1888	1327.49
1889	1353.94
1890	1363.19
1891	1352.96
1892	1325.97
1893	1286.90
1894	1240.71
1895	1192.29
1896	1146.28
1897	1107.09
1898	1079.03
1899	1066.16
1900	1070.60
1901	1089.69
1902	1117.38
1903	1146.85
1904	1171.63
1905	1187.44
1906	1193.83
1907	1192.28
1908	1184.58
1909	1172.99
1910	1161.32
1911	1155.33
1912	1161.39
1913	1185.61
1914	1230.66
1915	1290.08
1916	1350.20
1917	1395.61
1918	1412.18
1919	1393.63
1920	1348.13
1921	1291.26
1922	1239.67
1923	1207.37
1924	1198.41
1925	1205.20
1926	1216.14
1927	1219.72
1928	1208.57
1929	1185.63
1930	1161.24
1931	1147.40
1932	1154.50
1933	1185.04
1934	1228.97
1935	1270.63
1936	1294.00
1937	1287.70
1938	1254.75
1939	1211.50
1940	1178.15
1941	1173.44
1942	1206.22
1943	1265.91
1944	1331.56
1945	1380.64
1946	1395.05
1947	1372.52
1948	1328.29
1949	1283.41
1950	1258.20
1951	1264.38
1952	1295.06
1953	1331.99
1954	1354.85
1955	1347.12
1956	1306.88
1957	1249.77
1958	1197.65
1959	1171.80
1960	1184.77
1961	1229.50
1962	1286.51
1963	1333.93
1964	1353.10
1965	1337.85
1966	1296.98
1967	1244.61
1968	1194.80
1969	1157.88
1970	1135.98
1971	1126.29
1972	1125.06
1973	1128.88
1974	1135.69
1975	1144.93
1976	1156.54
1977	1170.41
1978	1185.95
1979	1201.68
1980	1215.62
1981	1225.77
1982	1230.99
1983	1232.59
1984	1234.15
1985	1239.89
1986	1253.39
1987	1275.22
1988	1301.27
1989	1325.43
1990	1341.43
1991	1344.24
1992	1331.77
1993	1304.02
1994	1261.50
1995	1205.94
1996	1143.26
1997	1084.04
1998	1040.45
1999	1023.48
2000	1037.44
2001	1074.70
2002	1121.77
2003	1164.54
2004	1191.99
2005	1201.15
2006	1195.11
2007	1178.44
2008	1156.15
2009	1134.45
2010	1120.95
2011	1123.63
2012	1149.16
2013	1197.22
2014	1255.72
2015	1307.07
2016	1333.70
2017	1324.67
2018	1284.67
2019	1228.76
2020	1174.09
2021	1134.82
2022	1115.70
2023	1112.53
2024	1118.46
2025	1127.01
2026	1133.92
2027	1137.84
2028	1138.54
2029	1135.96
2030	1130.26
2031	1121.90
2032	1111.55
2033	1100.07
2034	1089.68
2035	1085.63
2036	1095.16
2037	1125.47
2038	1179.80
2039	1250.06
2040	1318.69
2041	1365.96
2042	1376.69
2043	1351.81
2044	1309.32
2045	1272.62
2046	1261.81
2047	1281.75
2048	1317.11
2049	1344.87
2050	1344.00
2051	1307.13
2052	1248.96
2053	1194.09
2054	1166.69
2055	1180.51
2056	1229.38
2057	1296.72
2058	1364.56
2059	1417.88
2060	1448.28
2061	1451.37
2062	1424.10
2063	1367.70
2064	1293.50
2065	1219.77
2066	1165.66
2067	1144.30
2068	1152.83
2069	1176.17
2070	1196.57
2071	1200.08
2072	1183.79
2073	1153.97
2074	1119.34
2075	1088.44
2076	1068.90
2077	1067.49
2078	1090.43
2079	1140.25
2080	1208.31
2081	1275.69
2082	1320.97
2083	1327.78
2084	1296.11
2085	1241.32
2086	1182.99
2087	1137.92
2088	1113.22
2089	1106.94
2090	1114.46
2091	1131.13
2092	1152.74
2093	1175.48
2094	1195.72
2095	1210.46
2096	1218.51
2097	1220.20
2098	1216.34
2099	1207.84
2100	1195.97
2101	1182.19
2102	1168.04
2103	1154.94
2104	1143.93
2105	1135.87
2106	1131.64
2107	1133.14
2108	1144.55
2109	1171.54
2110	1219.12
2111	1286.13
2112	1358.54
2113	1415.05
2114	1435.24
2115	1411.17
2116	1357.46
2117	1299.85
2118	1262.96
2119	1258.02
2120	1275.91
2121	1298.96
2122	1311.22
2123	1307.63
2124	1296.65
2125	1291.43
2126	1302.43
2127	1330.04
2128	1364.70
2129	1394.11
2130	1408.26
2131	1403.78
2132	1382.42
2133	1347.57
2134	1305.02
2135	1265.57
2136	1242.78
2137	1248.39
2138	1282.62
2139	1327.09
2140	1355.34
2141	1345.27
2142	1295.12
2143	1227.26
2144	1171.79
2145	1152.39
2146	1172.28
2147	1217.40
2148	1269.60
2149	1314.02
2150	1343.35
2151	1354.79
2152	1346.86
2153	1320.12
2154	1278.08
2155	1225.53
2156	1167.70
2157	1110.70
2158	1061.57
2159	1027.45
2160	1014.60
2161	1027.12
2162	1067.64
2163	1136.44
2164	1224.44
2165	1308.24
2166	1358.99
2167	1355.09
2168	1300.18
2169	1221.98
2170	1153.78
2171	1118.85
2172	1118.23
2173	1139.93
2174	1169.88
2175	1195.78
2176	1207.80
2177	1197.69
2178	1162.80
2179	1114.88
2180	1076.24
2181	1068.34
2182	1095.83
2183	1136.43
2184	1156.72
2185	1131.59
2186	1065.48
2187	989.08
2188	937.71
2189	931.86
2190	964.61
2191	1015.64
2192	1064.91
2193	1100.31
2194	1117.44
2195	1114.93
2196	1095.35
2197	1068.22
2198	1046.38
2199	1040.14
2200	1050.06
2201	1067.49
2202	1082.07
2203	1088.87
2204	1092.88
2205	1103.52
2206	1126.91
2207	1157.51
2208	1179.78
2209	1178.25
2210	1150.24
2211	1112.86
2212	1090.41
2213	1097.16
2214	1119.58
2215	1124.76
2216	1083.23
2217	996.03
2218	901.24
2219	846.70
2220	860.07
2221	926.48
2222	1008.33
2223	1069.88
2224	1093.09
2225	1075.69
2226	1021.96
2227	945.34
2228	871.59
2229	829.19
2230	833.10
2231	868.61
2232	904.43
2233	914.47
2234	897.74
2235	875.30
2236	871.06
2237	895.69
2238	941.96
2239	995.84
2240	1042.56
2241	1067.49
2242	1057.32
2243	1008.91
2244	944.75
2245	904.97
2246	922.75
2247	994.46
2248	1079.50
2249	1131.70
2250	1129.03
2251	1083.65
2252	1020.52
2253	962.31
2254	924.59
2255	918.22
2256	944.91
2257	987.16
2258	1016.26
2259	1010.42
2260	973.68
2261	930.60
2262	906.72
2263	913.65
2264	948.63
2265	1003.05
2266	1062.59
2267	1106.56
2268	1115.08
2269	1081.68
2270	1019.47
2271	948.99
2272	888.62
2273	851.41
2274	846.73
2275	876.62
2276	930.18
2277	989.98
2278	1038.82
2279	1062.27
2280	1048.79
2281	995.75
2282	919.43
2283	846.70
2284	799.16
2285	780.58
2286	783.57
2287	802.33
2288	840.85
2289	908.35
2290	1003.53
2291	1096.23
2292	1139.36
2293	1105.08
2294	1022.66
2295	957.15
2296	956.78
2297	1009.44
2298	1065.04
2299	1081.57
2300	1055.12
2301	1005.84
2302	956.71
2303	925.76
2304	925.37
2305	951.51
2306	969.69
2307	936.08
2308	841.07
2309	739.64
2310	706.29
2311	765.30
2312	857.43
2313	901.40
2314	868.30
2315	802.84
2316	765.75
2317	778.68
2318	818.27
2319	852.96
2320	869.88
2321	873.57
2322	872.91
2323	875.60
2324	887.43
2325	908.43
2326	927.91
2327	931.24
2328	911.98
2329	877.77
2330	841.57
2331	814.34
2332	803.64
2333	814.08
2334	845.13
2335	891.20
2336	939.72
2337	965.91
2338	943.51
2339	871.26
2340	787.40
2341	738.21
2342	741.94
2343	784.93
2344	839.16
2345	865.74
2346	827.41
2347	728.25
2348	641.67
2349	649.30
2350	754.88
2351	878.73
2352	942.41
2353	933.83
2354	884.84
2355	831.97
2356	803.39
2357	814.70
2358	853.87
2359	887.75
2360	892.42
2361	873.63
2362	851.08
2363	841.04
2364	851.84
2365	880.39
2366	903.86
2367	895.07
2368	853.52
2369	812.00
2370	799.55
2371	808.53
2372	812.48
2373	802.62
2374	796.88
2375	807.74
2376	812.65
2377	776.24
2378	697.31
2379	618.73
2380	585.97
2381	616.70
2382	702.82
2383	803.01
2384	853.94
2385	828.43
2386	776.24
2387	762.95
2388	798.06
2389	845.47
2390	872.95
2391	871.71
2392	854.15
2393	857.84
2394	910.13
2395	965.83
2396	934.13
2397	805.47
2398	700.06
2399	717.40
2400	804.22
2401	851.08
2402	837.53
2403	820.49
2404	830.78
2405	842.53
2406	830.98
2407	808.98
2408	797.70
2409	795.65
2410	791.26
2411	789.22
2412	805.29
2413	836.63
2414	857.77
2415	854.39
2416	839.10
2417	818.94
2418	771.90
2419	691.28
2420	638.86
2421	683.16
2422	795.92
2423	886.94
2424	908.02
2425	871.64
2426	823.06
2427	810.54
2428	828.10
2429	817.60
2430	774.86
2431	777.70
2432	852.29
2433	915.91
2434	916.49
2435	906.48
2436	914.67
2437	874.70
2438	762.56
2439	680.06
2440	704.86
2441	789.02
2442	860.70
2443	897.32
2444	896.80
2445	859.20
2446	803.96
2447	771.86
2448	784.01
2449	826.85
2450	870.32
