150	3677.44
151	3673.30
152	3669.22
153	3666.80
154	3666.39
155	3668.31
156	3672.89
157	3680.47
158	3691.39
159	3705.98
160	3724.59
161	3747.55
162	3775.02
163	3806.59
164	3841.13
165	3877.22
166	3913.44
167	3948.35
168	3980.52
169	4008.52
170	4030.92
171	4046.55
172	4055.17
173	4057.70
174	4055.50
175	4049.97
176	4042.50
177	4034.49
178	4027.34
179	4022.44
180	4021.09
181	4024.18
182	4032.13
183	4045.18
184	4063.56
185	4087.49
186	4117.19
187	4152.89
188	4194.80
189	4242.89
190	4296.32
191	4353.26
192	4411.52
193	4468.86
194	4523.07
195	4571.91
196	4613.17
197	4644.65
198	4664.57
199	4672.62
200	4670.18
201	4659.15
202	4641.53
203	4619.30
204	4594.43
205	4568.90
206	4544.68
207	4523.52
208	4506.41
209	4493.59
210	4485.07
211	4480.82
212	4480.81
213	4485.01
214	4493.41
215	4505.96
216	4522.58
217	4542.95
218	4566.60
219	4592.97
220	4621.52
221	4651.70
222	4682.95
223	4714.73
224	4746.49
225	4777.62
226	4807.43
227	4835.12
228	4859.87
229	4880.85
230	4897.26
231	4908.25
232	4913.03
233	4910.81
234	4901.33
235	4885.46
236	4864.97
237	4841.81
238	4817.94
239	4795.32
240	4775.91
241	4761.69
242	4754.51
243	4755.67
244	4765.17
245	4782.25
246	4805.96
247	4835.38
248	4869.56
249	4907.56
250	4948.44
251	4991.24
252	5034.89
253	5078.14
254	5119.64
255	5158.00
256	5191.86
257	5219.85
258	5240.58
259	5252.70
260	5255.09
261	5247.68
262	5232.05
263	5210.46
264	5185.26
265	5158.81
266	5133.47
267	5111.59
268	5095.50
269	5087.17
270	5087.16
271	5094.37
272	5107.10
273	5123.58
274	5142.06
275	5160.79
276	5177.99
277	5191.95
278	5201.38
279	5206.30
280	5207.96
281	5207.94
282	5207.87
283	5209.36
284	5214.03
285	5223.50
286	5239.28
287	5262.13
288	5290.89
289	5323.11
290	5356.00
291	5386.78
292	5412.66
293	5430.85
294	5438.56
295	5433.33
296	5414.33
297	5383.92
298	5346.13
299	5305.27
300	5265.68
301	5231.69
302	5207.62
303	5197.77
304	5205.72
305	5232.05
306	5273.16
307	5323.79
308	5378.46
309	5431.68
310	5477.97
311	5511.86
312	5527.97
313	5522.26
314	5494.95
315	5450.43
316	5394.40
317	5332.63
318	5270.91
319	5215.03
320	5170.77
321	5143.67
322	5137.37
323	5151.04
324	5180.76
325	5221.93
326	5269.91
327	5320.05
328	5367.70
329	5408.24
330	5437.40
331	5452.77
332	5455.04
333	5446.43
334	5429.37
335	5406.29
336	5379.65
337	5351.88
338	5325.42
339	5302.39
340	5283.94
341	5270.03
342	5260.27
343	5254.21
344	5251.39
345	5251.38
346	5253.71
347	5257.94
348	5263.55
349	5269.87
350	5276.10
351	5281.46
352	5285.11
353	5286.24
354	5284.05
355	5277.72
356	5266.57
357	5250.50
358	5230.49
359	5207.98
360	5184.51
361	5161.61
362	5140.82
363	5123.67
364	5111.68
365	5106.04
366	5106.86
367	5113.08
368	5123.29
369	5136.01
370	5149.78
371	5163.15
372	5174.65
373	5182.88
374	5186.93
375	5186.97
376	5183.89
377	5178.73
378	5172.54
379	5166.36
380	5161.23
381	5158.21
382	5158.24
383	5161.89
384	5169.18
385	5179.88
386	5193.78
387	5210.62
388	5230.17
389	5252.19
390	5276.43
391	5302.55
392	5330.00
393	5358.00
394	5385.73
395	5412.38
396	5437.12
397	5459.13
398	5477.59
399	5491.78
400	5501.42
401	5507.01
402	5509.43
403	5509.60
404	5508.48
405	5506.99
406	5506.07
407	5506.63
408	5509.34
409	5514.02
410	5519.73
411	5525.31
412	5529.54
413	5531.25
414	5529.22
415	5522.28
416	5509.36
417	5490.21
418	5466.04
419	5438.87
420	5410.83
421	5384.08
422	5360.79
423	5343.09
424	5333.10
425	5332.40
426	5340.84
427	5356.51
428	5376.90
429	5399.51
430	5421.79
431	5441.21
432	5455.25
433	5461.58
434	5458.95
435	5448.20
436	5431.31
437	5410.44
438	5387.79
439	5365.54
440	5345.87
441	5330.93
442	5322.51
443	5321.19
444	5326.36
445	5337.04
446	5352.22
447	5370.89
448	5392.04
449	5414.66
450	5437.77
451	5460.51
452	5482.23
453	5502.43
454	5520.60
455	5536.25
456	5548.87
457	5557.96
458	5563.05
459	5563.95
460	5561.25
461	5556.29
462	5550.58
463	5545.67
464	5543.10
465	5544.39
466	5551.09
467	5564.51
468	5584.95
469	5611.18
470	5641.26
471	5673.15
472	5704.83
473	5734.27
474	5759.42
475	5778.34
476	5789.69
477	5793.73
478	5791.83
479	5785.65
480	5776.86
481	5767.12
482	5758.11
483	5751.49
484	5748.68
485	5750.27
486	5755.81
487	5764.46
488	5775.36
489	5787.65
490	5800.46
491	5812.92
492	5824.22
493	5833.84
494	5841.87
495	5848.70
496	5854.79
497	5860.61
498	5866.60
499	5873.24
500	5880.96
501	5890.00
502	5899.96
503	5909.94
504	5918.87
505	5925.68
506	5929.30
507	5928.66
508	5922.69
509	5910.58
510	5892.43
511	5869.66
512	5844.21
513	5818.08
514	5793.26
515	5771.75
516	5755.54
517	5746.48
518	5745.52
519	5751.78
520	5763.32
521	5778.03
522	5793.74
523	5808.33
524	5819.64
525	5825.59
526	5824.59
527	5816.46
528	5802.27
529	5783.41
530	5761.28
531	5737.29
532	5712.86
533	5689.39
534	5668.04
535	5649.18
536	5632.07
537	5615.61
538	5598.66
539	5580.06
540	5558.66
541	5533.32
542	5503.05
543	5467.66
544	5428.38
545	5387.20
546	5346.18
547	5307.43
548	5273.02
549	5245.05
550	5225.48
551	5215.51
552	5214.38
553	5220.03
554	5230.07
555	5242.13
556	5253.81
557	5262.73
558	5266.56
559	5263.64
560	5254.40
561	5241.24
562	5227.13
563	5215.09
564	5208.15
565	5209.33
566	5221.62
567	5247.43
568	5286.97
569	5337.62
570	5395.70
571	5457.42
572	5518.97
573	5576.56
574	5626.41
575	5665.14
576	5691.33
577	5706.84
578	5715.06
579	5719.61
580	5724.12
581	5732.24
582	5747.57
583	5773.55
584	5812.23
585	5862.90
586	5923.15
587	5990.30
588	6061.62
589	6134.39
590	6205.90
591	6273.48
592	6334.90
593	6389.00
594	6435.46
595	6474.11
596	6504.82
597	6527.44
598	6541.84
599	6547.88
600	6545.58
601	6535.40
602	6518.15
603	6494.78
604	6466.24
605	6433.47
606	6397.43
607	6359.06
608	6319.21
609	6278.37
610	6236.70
611	6194.23
612	6150.97
613	6106.93
614	6062.13
615	6016.59
616	5970.39
617	5923.81
618	5877.45
619	5831.97
620	5788.09
621	5746.49
622	5707.88
623	5672.94
624	5642.23
625	5615.67
626	5592.28
627	5570.70
628	5549.51
629	5527.29
630	5502.62
631	5474.08
632	5440.51
633	5401.86
634	5359.94
635	5317.46
636	5277.21
637	5242.04
638	5214.77
639	5198.21
640	5194.88
641	5205.67
642	5228.57
643	5260.09
644	5296.51
645	5334.09
646	5369.07
647	5397.74
648	5416.59
649	5423.49
650	5418.93
651	5404.83
652	5383.36
653	5356.71
654	5327.07
655	5296.61
656	5267.42
657	5241.08
658	5218.09
659	5198.32
660	5181.56
661	5167.57
662	5156.12
663	5146.99
664	5139.99
665	5135.21
666	5133.27
667	5135.15
668	5141.87
669	5154.48
670	5173.99
671	5201.45
672	5237.76
673	5283.17
674	5336.47
675	5395.64
676	5458.47
677	5522.75
678	5586.27
679	5646.81
680	5702.34
681	5751.69
682	5795.61
683	5835.93
684	5874.71
685	5913.99
686	5955.83
687	6002.29
688	6055.27
689	6115.88
690	6183.56
691	6256.84
692	6334.09
693	6413.64
694	6493.86
695	6573.09
696	6649.87
697	6723.60
698	6795.47
699	6867.55
700	6942.10
701	7021.37
702	7107.60
703	7203.05
704	7309.66
705	7427.83
706	7555.22
707	7688.14
708	7822.68
709	7954.92
710	8080.94
711	8196.85
712	8299.19
713	8386.57
714	8460.93
715	8525.73
716	8584.62
717	8641.29
718	8699.41
719	8762.61
720	8833.90
721	8913.50
722	8997.70
723	9081.21
724	9158.52
725	9224.13
726	9272.52
727	9298.26
728	9296.88
729	9267.68
730	9214.55
731	9143.04
732	9058.85
733	8967.73
734	8875.39
735	8787.51
736	8708.89
737	8641.55
738	8584.61
739	8536.30
740	8494.75
741	8458.09
742	8424.46
743	8392.02
744	8359.41
745	8326.43
746	8293.98
747	8263.22
748	8235.32
749	8211.47
750	8192.84
751	8180.59
752	8175.70
753	8178.67
754	8189.74
755	8209.04
756	8236.71
757	8272.89
758	8317.71
759	8371.19
760	8432.50
761	8499.24
762	8568.15
763	8635.80
764	8698.75
765	8753.57
766	8796.82
767	8825.51
768	8838.44
769	8837.30
770	8825.02
771	8804.70
772	8779.45
773	8752.36
774	8726.54
775	8704.71
776	8688.36
777	8677.49
778	8671.61
779	8670.13
780	8672.52
781	8678.20
782	8686.66
783	8697.87
784	8713.19
785	8735.14
786	8766.61
787	8810.49
788	8869.68
789	8947.06
790	9045.35
791	9166.11
792	9308.32
793	9469.34
794	9646.19
795	9835.88
796	10035.41
797	10241.81
798	10452.29
799	10665.02
800	10879.78
801	11097.02
802	11317.31
803	11541.25
804	11769.40
805	12002.35
806	12240.63
807	12484.63
808	12734.61
809	12990.73
810	13253.18
811	13522.13
812	13797.78
813	14080.32
814	14370.26
815	14668.90
816	14978.10
817	15299.86
818	15636.22
819	15989.19
820	16360.79
821	16752.79
822	17165.60
823	17597.20
824	18044.29
825	18503.36
826	18970.90
827	19443.38
828	19917.30
829	20389.36
830	20857.01
831	21318.64
832	21772.94
833	22218.64
834	22654.48
835	23079.20
836	23491.43
837	23889.02
838	24267.75
839	24621.85
840	24945.14
841	25231.42
842	25474.51
843	25668.26
844	25807.46
845	25891.84
846	25929.57
847	25932.93
848	25914.83
849	25888.21
850	25866.01
851	25861.02
852	25883.93
853	25938.45
854	26020.95
855	26125.44
856	26245.73
857	26375.62
858	26508.92
859	26639.65
860	26763.34
861	26878.84
862	26987.05
863	27089.32
864	27187.01
865	27281.48
866	27374.05
867	27465.30
868	27552.80
869	27630.12
870	27689.31
871	27722.21
872	27720.68
873	27676.57
874	27582.15
875	27433.08
876	27233.83
877	26995.48
878	26730.73
879	26452.38
880	26173.21
881	25905.97
882	25662.07
883	25446.92
884	25256.70
885	25083.55
886	24919.08
887	24754.87
888	24582.51
889	24393.85
890	24183.43
891	23953.23
892	23711.42
893	23467.85
894	23232.46
895	23015.20
896	22825.96
897	22673.64
898	22562.25
899	22487.88
900	22443.03
901	22419.64
902	22409.65
903	22405.00
904	22397.78
905	22381.67
906	22354.86
907	22319.30
908	22277.95
909	22233.87
910	22190.09
911	22149.63
912	22114.89
913	22085.46
914	22056.48
915	22021.12
916	21972.25
917	21902.74
918	21805.47
919	21673.68
920	21503.74
921	21300.43
922	21075.04
923	20840.54
924	20609.99
925	20396.46
926	20212.92
927	20070.66
928	19973.83
929	19916.58
930	19889.03
931	19880.83
932	19881.58
933	19880.93
934	19868.92
935	19838.83
936	19791.42
937	19732.39
938	19668.53
939	19606.70
940	19553.74
941	19516.42
942	19500.00
943	19504.47
944	19523.82
945	19550.01
946	19574.78
947	19589.87
948	19587.07
949	19559.03
950	19503.19
951	19426.05
952	19338.80
953	19253.45
954	19182.05
955	19136.65
956	19128.95
957	19167.33
958	19250.83
959	19370.62
960	19515.73
961	19675.07
962	19837.54
963	19992.06
964	20128.13
965	20237.58
966	20315.38
967	20357.72
968	20360.94
969	20321.40
970	20235.45
971	20099.79
972	19913.20
973	19678.74
974	19401.96
975	19088.87
976	18745.51
977	18377.93
978	17992.18
979	17594.68
980	17192.75
981	16794.58
982	16408.55
983	16043.09
984	15706.62
985	15407.48
986	15152.94
987	14945.84
988	14783.27
989	14660.08
990	14570.87
991	14510.24
992	14472.79
993	14453.39
994	14448.33
995	14456.62
996	14478.74
997	14515.40
998	14567.33
999	14635.27
1000	14719.88
1001	14821.42
1002	14939.04
1003	15071.05
1004	15215.58
1005	15370.75
1006	15534.66
1007	15705.44
1008	15881.19
1009	16060.09
1010	16240.32
1011	16420.10
1012	16597.61
1013	16771.09
1014	16938.71
1015	17098.61
1016	17248.50
1017	17385.57
1018	17506.76
1019	17609.00
1020	17689.20
1021	17744.31
1022	17771.76
1023	17771.77
1024	17749.89
1025	17714.44
1026	17674.25
1027	17638.18
1028	17615.06
1029	17613.36
1030	17638.62
1031	17689.42
1032	17759.61
1033	17841.91
1034	17929.03
1035	18013.66
1036	18088.63
1037	18148.24
1038	18191.00
1039	18219.14
1040	18235.94
1041	18244.73
1042	18248.87
1043	18251.70
1044	18256.84
1045	18268.84
1046	18293.20
1047	18335.78
1048	18402.46
1049	18499.13
1050	18631.66
1051	18805.38
1052	19023.54
1053	19286.54
1054	19593.64
1055	19944.02
1056	20336.80
1057	20771.09
1058	21245.04
1059	21752.23
1060	22278.81
1061	22807.61
1062	23320.93
1063	23801.07
1064	24230.39
1065	24592.84
1066	24881.30
1067	25105.43
1068	25283.65
1069	25435.94
1070	25582.29
1071	25742.70
1072	25935.80
1073	26171.79
1074	26442.80
1075	26730.27
1076	27013.52
1077	27271.76
1078	27484.23
1079	27630.89
1080	27697.06
1081	27680.61
1082	27587.70
1083	27426.36
1084	27204.70
1085	26930.85
1086	26612.71
1087	26256.61
1088	25864.90
1089	25436.99
1090	24971.61
1091	24467.45
1092	23923.19
1093	23337.81
1094	22712.72
1095	22055.95
1096	21380.63
1097	20701.23
1098	20032.27
1099	19388.30
1100	18783.59
1101	18229.88
1102	17731.99
1103	17288.97
1104	16898.39
1105	16557.70
1106	16264.35
1107	16015.77
1108	15809.00
1109	15640.08
1110	15504.16
1111	15396.16
1112	15310.99
1113	15243.56
1114	15188.65
1115	15140.05
1116	15088.63
1117	15022.79
1118	14930.26
1119	14798.73
1120	14615.89
1121	14369.92
1122	14053.67
1123	13673.06
1124	13244.95
1125	12789.15
1126	12325.62
1127	11874.34
1128	11454.80
1129	11082.09
1130	10759.32
1131	10479.96
1132	10235.01
1133	10015.30
1134	9811.66
1135	9615.21
1136	9419.58
1137	9224.84
1138	9035.91
1139	8858.93
1140	8700.10
1141	8565.62
1142	8461.33
1143	8390.40
1144	8349.49
1145	8330.76
1146	8325.32
1147	8324.24
1148	8318.58
1149	8299.85
1150	8262.54
1151	8207.69
1152	8140.49
1153	8066.98
1154	7993.26
1155	7925.41
1156	7869.17
1157	7828.38
1158	7803.02
1159	7790.99
1160	7789.76
1161	7796.78
1162	7809.52
1163	7825.49
1164	7842.50
1165	7858.83
1166	7873.00
1167	7883.56
1168	7889.07
1169	7888.11
1170	7879.44
1171	7862.76
1172	7839.11
1173	7810.09
1174	7777.38
1175	7742.66
1176	7707.62
1177	7673.94
1178	7643.38
1179	7617.77
1180	7598.95
1181	7588.78
1182	7589.10
1183	7601.70
1184	7627.58
1185	7665.28
1186	7710.92
1187	7759.91
1188	7807.58
1189	7849.29
1190	7880.54
1191	7898.23
1192	7902.88
1193	7897.79
1194	7886.98
1195	7874.47
1196	7864.32
1197	7860.35
1198	7865.16
1199	7878.68
1200	7899.25
1201	7924.92
1202	7953.72
1203	7983.67
1204	8013.01
1205	8040.93
1206	8068.19
1207	8096.28
1208	8126.79
1209	8161.31
1210	8201.42
1211	8248.23
1212	8301.23
1213	8357.89
1214	8414.98
1215	8469.18
1216	8517.18
1217	8555.81
1218	8583.33
1219	8602.17
1220	8618.38
1221	8639.00
1222	8671.16
1223	8721.97
1224	8798.19
1225	8904.28
1226	9039.65
1227	9200.62
1228	9382.84
1229	9581.96
1230	9793.62
1231	10013.74
1232	10239.49
1233	10469.95
1234	10705.11
1235	10945.04
1236	11189.83
1237	11439.59
1238	11694.74
1239	11956.77
1240	12228.24
1241	12512.08
1242	12811.27
1243	13128.75
1244	13467.58
1245	13831.35
1246	14224.98
1247	14654.35
1248	15125.54
1249	15644.65
1250	16217.68
1251	16849.05
1252	17535.31
1253	18260.02
1254	19000.76
1255	19734.22
1256	20437.05
1257	21086.21
1258	21662.48
1259	22159.49
1260	22584.22
1261	22947.92
1262	23262.22
1263	23538.72
1264	23788.29
1265	24016.66
1266	24217.82
1267	24378.22
1268	24482.70
1269	24516.00
1270	24463.04
1271	24311.50
1272	24061.21
1273	23729.28
1274	23339.98
1275	22918.46
1276	22489.89
1277	22079.07
1278	21706.79
1279	21382.61
1280	21106.62
1281	20876.34
1282	20689.11
1283	20542.29
1284	20434.16
1285	20367.53
1286	20353.38
1287	20406.78
1288	20543.46
1289	20779.18
1290	21129.28
1291	21604.17
1292	22198.06
1293	22888.74
1294	23648.83
1295	24450.54
1296	25266.06
1297	26067.71
1298	26828.45
1299	27522.63
1300	28125.35
1301	28611.87
1302	28957.46
1303	29137.71
1304	29133.21
1305	28941.93
1306	28581.37
1307	28075.62
1308	27449.35
1309	26727.28
1310	25933.84
1311	25091.72
1312	24219.93
1313	23335.28
1314	22454.15
1315	21592.90
1316	20767.71
1317	19992.05
1318	19269.86
1319	18594.34
1320	17955.04
1321	17341.16
1322	16741.93
1323	16147.18
1324	15550.46
1325	14953.04
1326	14360.56
1327	13779.50
1328	13216.40
1329	12677.73
1330	12169.15
1331	11693.64
1332	11251.43
1333	10841.87
1334	10464.21
1335	10117.71
1336	9801.56
1337	9514.51
1338	9254.54
1339	9019.22
1340	8806.06
1341	8612.56
1342	8436.26
1343	8274.83
1344	8126.44
1345	7989.67
1346	7863.22
1347	7745.78
1348	7636.08
1349	7532.93
1350	7435.58
1351	7343.98
1352	7258.36
1353	7178.99
1354	7106.14
1355	7040.09
1356	6981.26
1357	6930.35
1358	6888.26
1359	6855.94
1360	6834.32
1361	6824.30
1362	6825.88
1363	6836.06
1364	6848.49
1365	6855.72
1366	6850.19
1367	6824.38
1368	6771.46
1369	6688.36
1370	6578.54
1371	6448.61
1372	6305.73
1373	6157.04
1374	6009.56
1375	5869.06
1376	5738.11
1377	5616.94
1378	5505.18
1379	5402.43
1380	5308.32
1381	5222.51
1382	5144.92
1383	5075.74
1384	5015.25
1385	4963.73
1386	4921.47
1387	4888.81
1388	4866.25
1389	4854.62
1390	4854.88
1391	4868.04
1392	4895.07
1393	4936.88
1394	4993.70
1395	5064.15
1396	5145.80
1397	5235.95
1398	5331.92
1399	5431.03
1400	5530.73
1401	5628.92
1402	5723.90
1403	5814.12
1404	5898.02
1405	5974.08
1406	6041.52
1407	6102.45
1408	6162.93
1409	6230.54
1410	6313.05
1411	6418.22
1412	6553.42
1413	6723.90
1414	6931.13
1415	7174.62
1416	7453.56
1417	7767.15
1418	8114.84
1419	8498.01
1420	8922.56
1421	9397.39
1422	9932.05
1423	10536.15
1424	11219.34
1425	11991.96
1426	12866.25
1427	13856.13
1428	14975.98
1429	16240.19
1430	17662.62
1431	19249.25
1432	20978.56
1433	22798.40
1434	24646.32
1435	26458.91
1436	28172.98
1437	29729.61
1438	31087.95
1439	32232.29
1440	33156.97
1441	33857.60
1442	34329.93
1443	34571.69
1444	34590.63
1445	34411.55
1446	34067.27
1447	33591.86
1448	33019.42
1449	32383.14
1450	31710.85
1451	31019.57
1452	30320.39
1453	29623.26
1454	28938.06
1455	28273.88
1456	27634.34
1457	27010.45
1458	26385.14
1459	25739.57
1460	25054.85
1461	24312.87
1462	23502.19
1463	22628.30
1464	21709.18
1465	20765.87
1466	19819.55
1467	18890.99
1468	17996.95
1469	17143.05
1470	16325.71
1471	15538.89
1472	14776.40
1473	14032.23
1474	13302.36
1475	12588.72
1476	11898.61
1477	11240.88
1478	10624.49
1479	10058.19
1480	9548.61
1481	9095.55
1482	8692.20
1483	8329.77
1484	7999.31
1485	7691.94
1486	7399.96
1487	7119.39
1488	6850.06
1489	6593.03
1490	6349.41
1491	6120.33
1492	5906.76
1493	5709.17
1494	5527.50
1495	5361.51
1496	5210.96
1497	5075.59
1498	4954.78
1499	4846.79
1500	4748.68
1501	4657.16
1502	4568.89
1503	4480.57
1504	4389.51
1505	4294.99
1506	4198.26
1507	4101.24
1508	4005.89
1509	3914.13
1510	3827.45
1511	3745.93
1512	3668.32
1513	3592.94
1514	3518.07
1515	3442.06
1516	3363.87
1517	3284.36
1518	3206.12
1519	3132.23
1520	3065.81
1521	3009.86
1522	2966.25
1523	2933.61
1524	2907.84
1525	2884.12
1526	2857.60
1527	2823.63
1528	2779.47
1529	2727.34
1530	2673.19
1531	2623.90
1532	2586.37
1533	2567.09
1534	2569.31
1535	2588.86
1536	2616.60
1537	2642.28
1538	2655.64
1539	2647.12
1540	2611.46
1541	2552.24
1542	2478.08
1543	2398.60
1544	2323.42
1545	2261.49
1546	2218.27
1547	2193.14
1548	2182.49
1549	2182.24
1550	2188.30
1551	2196.99
1552	2206.26
1553	2216.49
1554	2229.07
1555	2245.49
1556	2267.23
1557	2295.14
1558	2327.79
1559	2361.17
1560	2390.33
1561	2410.24
1562	2416.00
1563	2404.24
1564	2376.07
1565	2336.72
1566	2292.59
1567	2250.16
1568	2215.68
1569	2193.50
1570	2183.35
1571	2181.77
1572	2184.51
1573	2187.33
1574	2186.31
1575	2179.50
1576	2168.64
1577	2157.46
1578	2150.04
1579	2150.45
1580	2162.03
1581	2185.10
1582	2215.63
1583	2247.83
1584	2275.68
1585	2293.26
1586	2295.99
1587	2283.61
1588	2260.36
1589	2231.86
1590	2203.85
1591	2181.91
1592	2170.29
1593	2169.99
1594	2179.62
1595	2197.27
1596	2220.95
1597	2248.81
1598	2279.36
1599	2311.88
1600	2345.99
1601	2381.41
1602	2417.85
1603	2455.08
1604	2493.16
1605	2532.46
1606	2573.49
1607	2616.75
1608	2662.80
1609	2712.41
1610	2767.05
1611	2828.71
1612	2899.54
1613	2981.68
1614	3077.02
1615	3186.14
1616	3307.10
1617	3436.64
1618	3571.25
1619	3707.53
1620	3843.17
1621	3980.16
1622	4125.61
1623	4288.47
1624	4477.89
1625	4702.69
1626	4969.36
1627	5278.25
1628	5625.22
1629	6005.05
1630	6412.48
1631	6843.09
1632	7296.41
1633	7778.54
1634	8298.56
1635	8866.01
1636	9490.57
1637	10183.39
1638	10960.26
1639	11841.44
1640	12848.54
1641	14003.19
1642	15325.72
1643	16828.22
1644	18506.28
1645	20346.25
1646	22332.72
1647	24449.83
1648	26675.67
1649	28966.62
1650	31253.94
1651	33460.15
1652	35506.96
1653	37316.45
1654	38813.62
1655	39930.04
1656	40601.43
1657	40764.45
1658	40356.77
1659	39333.04
1660	37713.61
1661	35602.05
1662	33132.90
1663	30443.97
1664	27670.58
1665	24928.95
1666	22290.46
1667	19796.71
1668	17482.63
1669	15382.54
1670	13525.75
1671	11922.11
1672	10556.83
1673	9405.92
1674	8444.41
1675	7647.39
1676	6990.62
1677	6451.47
1678	6008.27
1679	5639.60
1680	5324.16
1681	5042.51
1682	4781.98
1683	4537.75
1684	4307.74
1685	4090.13
1686	3883.42
1687	3687.94
1688	3507.76
1689	3349.00
1690	3218.20
1691	3121.68
1692	3063.00
1693	3037.07
1694	3030.33
1695	3026.72
1696	3010.04
1697	2966.02
1698	2889.89
1699	2792.54
1700	2692.08
1701	2607.68
1702	2557.80
1703	2554.48
1704	2593.24
1705	2657.35
1706	2727.05
1707	2782.61
1708	2807.47
1709	2796.90
1710	2760.58
1711	2713.37
1712	2670.62
1713	2646.89
1714	2652.04
1715	2686.93
1716	2747.68
1717	2829.58
1718	2927.94
1719	3038.79
1720	3160.14
1721	3291.60
1722	3433.18
1723	3584.98
1724	3747.59
1725	3923.57
1726	4117.93
1727	4336.55
1728	4585.39
1729	4869.79
1730	5191.69
1731	5546.76
1732	5927.50
1733	6325.89
1734	6733.88
1735	7143.55
1736	7547.31
1737	7937.82
1738	8307.77
1739	8649.86
1740	8956.56
1741	9219.63
1742	9430.08
1743	9578.66
1744	9656.20
1745	9654.78
1746	9572.06
1747	9413.77
1748	9188.96
1749	8907.14
1750	8577.62
1751	8208.66
1752	7806.39
1753	7375.81
1754	6921.76
1755	6449.15
1756	5964.01
1757	5475.01
1758	4992.74
1759	4528.22
1760	4092.42
1761	3695.19
1762	3343.00
1763	3039.23
1764	2786.32
1765	2586.54
1766	2440.35
1767	2341.56
1768	2276.14
1769	2227.23
1770	2177.80
1771	2112.84
1772	2026.26
1773	1925.20
1774	1822.34
1775	1731.08
1776	1663.68
1777	1626.18
1778	1613.56
1779	1615.29
1780	1619.91
1781	1616.57
1782	1598.25
1783	1566.01
1784	1525.65
1785	1483.90
1786	1447.29
1787	1420.55
1788	1404.17
1789	1395.70
1790	1392.07
1791	1390.23
1792	1387.88
1793	1384.65
1794	1381.64
1795	1380.37
1796	1382.29
1797	1388.33
1798	1397.78
1799	1408.58
1800	1418.25
1801	1424.35
1802	1424.96
1803	1419.70
1804	1409.70
1805	1396.53
1806	1381.78
1807	1366.93
1808	1353.07
1809	1340.94
1810	1331.14
1811	1324.25
1812	1320.82
1813	1321.22
1814	1325.63
1815	1334.20
1816	1347.00
1817	1363.63
1818	1381.92
1819	1397.81
1820	1406.66
1821	1403.81
1822	1385.74
1823	1352.78
1824	1309.33
1825	1261.20
1826	1214.23
1827	1173.52
1828	1141.64
1829	1118.49
1830	1103.10
1831	1094.44
1832	1091.46
1833	1093.13
1834	1098.40
1835	1106.22
1836	1115.53
1837	1125.08
1838	1133.02
1839	1136.93
1840	1134.25
1841	1122.54
1842	1100.85
1843	1072.49
1844	1044.45
1845	1024.70
1846	1020.95
1847	1038.00
1848	1072.99
1849	1117.17
1850	1160.31
1851	1192.50
1852	1206.59
1853	1202.00
1854	1182.60
1855	1153.22
1856	1118.73
1857	1083.86
1858	1052.97
1859	1030.26
1860	1019.86
1861	1025.27
1862	1046.85
1863	1079.29
1864	1114.54
1865	1144.15
1866	1160.76
1867	1161.80
1868	1151.71
1869	1137.84
1870	1127.82
1871	1128.05
1872	1140.43
1873	1161.54
1874	1186.14
1875	1208.90
1876	1225.35
1877	1233.73
1878	1234.70
1879	1229.63
1880	1219.92
1881	1206.80
1882	1191.11
1883	1173.41
1884	1154.18
1885	1134.00
1886	1113.83
1887	1095.40
1888	1080.86
1889	1072.42
1890	1071.84
1891	1079.09
1892	1091.62
1893	1105.80
1894	1117.97
1895	1125.06
1896	1126.07
1897	1122.11
1898	1114.90
1899	1106.23
1900	1097.76
1901	1090.85
1902	1086.66
1903	1086.29
1904	1090.63
1905	1099.45
1906	1110.54
1907	1120.70
1908	1126.66
1909	1126.16
1910	1120.86
1911	1117.12
1912	1122.96
1913	1146.11
1914	1190.40
1915	1248.99
1916	1306.74
1917	1346.44
1918	1352.50
1919	1318.90
1920	1257.33
1921	1188.51
1922	1134.48
1923	1113.53
1924	1130.08
1925	1172.33
1926	1222.85
1927	1264.19
1928	1283.40
1929	1278.78
1930	1256.67
1931	1225.30
1932	1192.60
1933	1164.54
1934	1144.05
1935	1132.68
1936	1131.68
1937	1141.29
1938	1158.62
1939	1177.88
1940	1192.44
1941	1196.12
1942	1185.56
1943	1162.97
1944	1133.52
1945	1102.90
1946	1076.60
1947	1059.29
1948	1054.74
1949	1066.38
1950	1097.03
1951	1145.55
1952	1202.26
1953	1252.27
1954	1279.80
1955	1271.87
1956	1226.16
1957	1153.18
1958	1067.98
1959	985.80
1960	919.52
1961	876.79
1962	861.93
1963	878.45
1964	927.68
1965	1003.11
1966	1088.84
1967	1165.62
1968	1215.01
1969	1225.95
1970	1203.28
1971	1161.47
1972	1116.75
1973	1082.96
1974	1065.46
1975	1060.31
1976	1060.52
1977	1059.41
1978	1053.73
1979	1046.73
1980	1045.15
1981	1056.05
1982	1083.80
1983	1124.52
1984	1166.86
1985	1197.42
1986	1204.56
1987	1185.51
1988	1151.16
1989	1118.34
1990	1103.83
1991	1117.69
1992	1153.66
1993	1194.16
1994	1219.28
1995	1213.29
1996	1175.53
1997	1122.36
1998	1075.82
1999	1056.24
2000	1072.07
2001	1110.65
2002	1148.93
2003	1163.13
2004	1137.64
2005	1078.21
2006	1006.55
2007	948.06
2008	923.89
2009	939.41
2010	981.89
2011	1032.48
2012	1073.34
2013	1094.53
2014	1099.54
2015	1098.19
2016	1100.66
2017	1112.77
2018	1130.05
2019	1141.14
2020	1133.47
2021	1098.03
2022	1037.04
2023	963.32
2024	892.79
2025	840.03
2026	813.42
2027	813.10
2028	836.06
2029	878.66
2030	935.71
2031	999.41
2032	1060.65
2033	1110.48
2034	1142.67
2035	1157.15
2036	1157.89
2037	1149.64
2038	1136.83
2039	1122.87
2040	1110.27
2041	1101.32
2042	1098.21
2043	1102.90
2044	1117.14
2045	1142.48
2046	1179.30
2047	1223.06
2048	1262.76
2049	1284.96
2050	1277.84
2051	1238.50
2052	1178.51
2053	1115.87
2054	1068.29
2055	1046.42
2056	1047.39
2057	1061.30
2058	1077.28
2059	1086.47
2060	1084.35
2061	1069.08
2062	1039.70
2063	997.73
2064	950.68
2065	910.13
2066	888.17
2067	893.07
2068	922.98
2069	968.32
2070	1017.76
2071	1061.34
2072	1093.38
2073	1111.69
2074	1115.26
2075	1105.04
2076	1087.71
2077	1074.97
2078	1079.53
2079	1109.73
2080	1160.26
2081	1213.25
2082	1247.72
2083	1248.46
2084	1218.92
2085	1180.07
2086	1157.46
2087	1170.25
2088	1216.83
2089	1276.17
2090	1322.01
2091	1333.58
2092	1307.77
2093	1257.61
2094	1200.54
2095	1151.61
2096	1118.01
2097	1100.09
2098	1096.27
2099	1104.33
2100	1120.74
2101	1140.89
2102	1159.99
2103	1174.01
2104	1180.90
2105	1180.11
2106	1171.60
2107	1156.60
2108	1139.23
2109	1125.50
2110	1121.22
2111	1128.35
2112	1140.81
2113	1147.96
2114	1139.56
2115	1112.41
2116	1075.98
2117	1045.98
2118	1036.87
2119	1052.81
2120	1082.33
2121	1107.47
2122	1112.51
2123	1093.70
2124	1062.14
2125	1034.08
2126	1023.52
2127	1035.54
2128	1066.40
2129	1109.57
2130	1157.46
2131	1200.31
2132	1226.73
2133	1226.11
2134	1195.67
2135	1149.16
2136	1109.88
2137	1100.11
2138	1128.08
2139	1179.20
2140	1228.85
2141	1254.79
2142	1249.13
2143	1220.95
2144	1185.08
2145	1154.55
2146	1135.55
2147	1128.56
2148	1132.36
2149	1144.77
2150	1161.76
2151	1178.26
2152	1189.50
2153	1193.02
2154	1189.83
2155	1182.36
2156	1173.23
2157	1164.92
2158	1159.81
2159	1159.69
2160	1162.68
2161	1158.48
2162	1131.46
2163	1068.38
2164	972.18
2165	870.60
2166	801.23
2167	792.76
2168	841.56
2169	913.24
2170	966.64
2171	975.94
2172	948.98
2173	913.11
2174	895.23
2175	905.20
2176	930.72
2177	951.71
2178	952.82
2179	933.31
2180	903.39
2181	874.94
2182	854.84
2183	841.79
2184	830.95
2185	818.55
2186	805.37
2187	796.27
2188	796.72
2189	809.32
2190	831.41
2191	857.80
2192	883.87
2193	908.07
2194	931.88
2195	957.18
2196	983.24
2197	1004.45
2198	1012.86
2199	1002.44
2200	974.53
2201	937.47
2202	901.55
2203	876.61
2204	871.30
2205	893.18
2206	944.20
2207	1010.38
2208	1064.20
2209	1078.37
2210	1043.62
2211	978.59
2212	913.07
2213	870.79
2214	856.35
2215	860.69
2216	872.49
2217	883.87
2218	891.40
2219	893.53
2220	890.55
2221	886.12
2222	885.54
2223	892.40
2224	904.43
2225	914.21
2226	914.46
2227	904.29
2228	891.84
2229	887.52
2230	893.56
2231	894.06
2232	863.67
2233	786.91
2234	683.31
2235	602.75
2236	594.19
2237	668.59
2238	786.60
2239	892.97
2240	949.17
2241	952.12
2242	917.15
2243	862.91
2244	808.36
2245	772.26
2246	768.61
2247	795.95
2248	837.38
2249	873.10
2250	891.14
2251	890.67
2252	875.59
2253	851.76
2254	827.62
2255	812.45
2256	812.42
2257	826.24
2258	847.90
2259	870.71
2260	888.77
2261	897.02
2262	892.20
2263	876.28
2264	856.35
2265	839.77
2266	828.94
2267	820.17
2268	808.77
2269	795.10
2270	787.03
2271	793.80
2272	816.66
2273	842.90
2274	855.17
2275	845.66
2276	826.14
2277	817.06
2278	831.28
2279	862.55
2280	894.49
2281	914.61
2282	923.45
2283	929.00
2284	935.97
2285	937.70
2286	920.95
2287	877.98
2288	818.12
2289	761.40
2290	723.59
2291	703.82
2292	690.44
2293	675.11
2294	663.68
2295	670.73
2296	705.09
2297	756.86
2298	804.70
2299	831.87
2300	838.24
2301	833.84
2302	828.13
2303	824.63
2304	822.97
2305	820.03
2306	808.74
2307	781.63
2308	739.96
2309	700.76
2310	685.81
2311	704.74
2312	746.69
2313	792.71
2314	825.62
2315	832.54
2316	807.53
2317	763.47
2318	732.35
2319	741.22
2320	783.97
2321	826.29
2322	837.25
2323	813.73
2324	772.01
2325	730.25
2326	701.44
2327	694.71
2328	714.38
2329	757.92
2330	816.03
2331	864.84
2332	866.57
2333	799.72
2334	702.99
2335	658.39
2336	715.65
2337	828.83
2338	907.54
2339	908.23
2340	874.11
2341	867.65
2342	894.42
2343	899.64
2344	837.62
2345	731.90
2346	646.76
2347	617.72
2348	615.84
2349	597.07
2350	564.73
2351	572.05
2352	653.74
2353	762.37
2354	810.91
2355	770.22
2356	711.62
2357	716.76
2358	775.27
2359	801.41
2360	746.69
2361	675.27
2362	682.38
2363	772.93
2364	850.32
2365	834.33
2366	754.77
2367	693.43
2368	681.77
2369	677.40
2370	641.81
2371	607.16
2372	635.23
2373	726.02
2374	795.89
2375	777.47
2376	712.10
2377	692.35
2378	748.37
2379	823.52
2380	859.77
2381	859.88
2382	853.03
2383	840.06
2384	792.83
2385	708.93
2386	646.71
2387	663.43
2388	733.58
2389	777.54
2390	763.64
2391	741.01
2392	752.80
2393	765.36
2394	726.43
2395	661.94
2396	657.92
2397	738.56
2398	817.57
2399	812.14
2400	740.78
2401	674.22
2402	665.99
2403	732.23
2404	831.01
2405	869.94
2406	803.96
2407	702.65
2408	657.78
2409	686.67
2410	750.44
2411	792.49
2412	768.71
2413	702.36
2414	680.14
2415	738.63
2416	807.12
2417	808.48
2418	741.79
2419	657.29
2420	629.13
2421	707.68
2422	849.81
2423	955.30
2424	958.80
2425	857.90
2426	717.88
2427	638.77
2428	650.18
2429	690.38
2430	715.13
2431	739.75
2432	765.21
2433	747.55
2434	675.92
2435	614.18
2436	616.95
2437	669.65
2438	718.64
2439	707.72
2440	642.19
2441	614.89
2442	683.65
2443	794.38
2444	865.96
2445	854.75
2446	764.20
2447	644.76
2448	570.15
2449	603.64
2450	705.20
