150	3764.63
151	3764.22
152	3767.03
153	3774.64
154	3787.04
155	3803.52
156	3823.16
157	3845.01
158	3868.12
159	3891.55
160	3914.35
161	3935.57
162	3954.38
163	3970.36
164	3983.59
165	3994.33
166	4002.86
167	4009.47
168	4014.44
169	4018.06
170	4020.61
171	4022.35
172	4023.54
173	4024.34
174	4024.94
175	4025.48
176	4026.14
177	4027.09
178	4028.48
179	4030.49
180	4033.33
181	4037.42
182	4043.40
183	4052.01
184	4063.99
185	4080.08
186	4101.02
187	4127.57
188	4160.45
189	4200.09
190	4245.89
191	4296.00
192	4348.13
193	4399.94
194	4449.08
195	4493.22
196	4530.03
197	4557.18
198	4572.88
199	4577.03
200	4571.50
201	4558.83
202	4541.62
203	4522.45
204	4503.93
205	4488.64
206	4479.16
207	4477.56
208	4484.32
209	4498.30
210	4517.81
211	4541.10
212	4566.46
213	4592.13
214	4616.40
215	4637.55
216	4654.29
217	4666.51
218	4675.24
219	4681.86
220	4687.77
221	4694.35
222	4703.00
223	4715.13
224	4732.07
225	4754.75
226	4782.94
227	4815.40
228	4850.63
229	4887.14
230	4923.40
231	4957.92
232	4989.17
233	5015.71
234	5036.39
235	5050.95
236	5059.71
237	5063.15
238	5061.75
239	5056.01
240	5046.40
241	5033.41
242	5017.55
243	4999.48
244	4980.20
245	4960.93
246	4942.91
247	4927.40
248	4915.64
249	4908.89
250	4908.40
251	4915.28
252	4929.95
253	4951.49
254	4978.35
255	5008.82
256	5041.23
257	5073.87
258	5105.06
259	5133.10
260	5156.47
261	5174.31
262	5186.79
263	5194.51
264	5198.14
265	5198.36
266	5195.82
267	5191.21
268	5185.19
269	5178.44
270	5171.68
271	5165.69
272	5161.25
273	5159.15
274	5160.19
275	5165.15
276	5174.83
277	5189.98
278	5211.13
279	5238.02
280	5269.68
281	5304.93
282	5342.58
283	5381.45
284	5420.34
285	5458.06
286	5493.43
287	5525.30
288	5552.67
289	5574.57
290	5590.11
291	5598.35
292	5598.38
293	5589.28
294	5570.13
295	5540.23
296	5500.01
297	5452.05
298	5400.08
299	5348.03
300	5299.83
301	5259.43
302	5230.74
303	5217.68
304	5223.45
305	5248.36
306	5288.67
307	5339.04
308	5393.91
309	5447.72
310	5494.91
311	5529.92
312	5547.32
313	5543.06
314	5517.52
315	5475.46
316	5423.01
317	5366.36
318	5311.74
319	5265.37
320	5233.43
321	5221.85
322	5234.25
323	5268.81
324	5319.97
325	5381.36
326	5446.54
327	5509.07
328	5562.52
329	5600.48
330	5617.16
331	5609.94
332	5581.53
333	5537.19
334	5482.59
335	5423.41
336	5365.34
337	5314.06
338	5275.17
339	5253.35
340	5249.85
341	5262.04
342	5285.99
343	5317.63
344	5352.90
345	5387.72
346	5418.04
347	5439.93
348	5450.61
349	5450.23
350	5441.06
351	5425.93
352	5407.65
353	5389.08
354	5373.03
355	5362.34
356	5359.51
357	5365.54
358	5378.76
359	5396.25
360	5414.89
361	5431.55
362	5443.11
363	5446.43
364	5438.45
365	5416.93
366	5382.48
367	5338.72
368	5290.26
369	5241.81
370	5198.06
371	5163.73
372	5143.50
373	5141.80
374	5161.13
375	5199.58
376	5252.35
377	5314.05
378	5379.24
379	5442.49
380	5498.36
381	5541.46
382	5567.07
383	5573.50
384	5563.29
385	5540.70
386	5510.24
387	5476.41
388	5443.72
389	5416.66
390	5399.62
391	5395.84
392	5405.40
393	5425.77
394	5453.74
395	5486.02
396	5519.36
397	5550.48
398	5576.14
399	5593.32
400	5600.25
401	5597.29
402	5585.87
403	5567.52
404	5543.84
405	5516.37
406	5486.71
407	5456.39
408	5426.90
409	5399.37
410	5374.68
411	5353.60
412	5336.89
413	5325.31
414	5319.63
415	5320.61
416	5328.90
417	5344.58
418	5366.60
419	5393.31
420	5422.97
421	5453.83
422	5484.13
423	5512.14
424	5536.12
425	5554.60
426	5566.91
427	5573.27
428	5574.11
429	5569.94
430	5561.23
431	5548.46
432	5532.12
433	5512.72
434	5490.98
435	5468.00
436	5445.05
437	5423.49
438	5404.63
439	5389.81
440	5380.36
441	5377.59
442	5382.45
443	5394.74
444	5413.16
445	5436.05
446	5461.71
447	5488.46
448	5514.59
449	5538.42
450	5558.37
451	5573.33
452	5583.13
453	5588.08
454	5588.53
455	5584.86
456	5577.44
457	5566.63
458	5552.84
459	5536.64
460	5519.16
461	5502.02
462	5486.99
463	5475.83
464	5470.33
465	5472.25
466	5483.34
467	5505.08
468	5537.51
469	5578.53
470	5625.05
471	5673.87
472	5721.78
473	5765.55
474	5801.99
475	5827.99
476	5841.45
477	5842.73
478	5833.97
479	5817.75
480	5796.65
481	5773.28
482	5750.23
483	5730.08
484	5715.15
485	5706.72
486	5704.89
487	5709.28
488	5719.47
489	5735.05
490	5755.61
491	5780.72
492	5809.91
493	5842.41
494	5876.86
495	5911.58
496	5944.83
497	5974.85
498	5999.90
499	6018.23
500	6028.16
501	6028.59
502	6020.12
503	6004.81
504	5985.15
505	5963.64
506	5942.81
507	5925.17
508	5913.19
509	5909.00
510	5913.13
511	5923.96
512	5939.02
513	5955.74
514	5971.54
515	5983.86
516	5990.11
517	5987.90
518	5975.90
519	5954.95
520	5927.15
521	5894.84
522	5860.37
523	5826.09
524	5794.33
525	5767.40
526	5747.06
527	5733.55
528	5725.80
529	5722.42
530	5721.96
531	5722.99
532	5724.07
533	5723.77
534	5720.77
535	5714.15
536	5703.49
537	5688.56
538	5669.15
539	5645.06
540	5616.08
541	5582.01
542	5542.75
543	5498.72
544	5451.34
545	5402.46
546	5354.04
547	5308.05
548	5266.43
549	5231.14
550	5204.05
551	5186.27
552	5177.22
553	5175.06
554	5177.73
555	5183.12
556	5189.14
557	5193.68
558	5194.71
559	5190.74
560	5182.02
561	5170.42
562	5158.31
563	5148.11
564	5142.22
565	5143.04
566	5152.97
567	5174.01
568	5206.74
569	5249.91
570	5301.58
571	5359.74
572	5422.35
573	5487.41
574	5552.91
575	5616.93
576	5678.06
577	5735.76
578	5789.87
579	5840.29
580	5886.92
581	5929.67
582	5968.45
583	6003.19
584	6034.08
585	6061.81
586	6087.35
587	6111.73
588	6136.01
589	6161.20
590	6188.36
591	6218.46
592	6252.01
593	6288.32
594	6325.83
595	6362.77
596	6397.35
597	6427.79
598	6452.30
599	6469.14
600	6476.96
601	6475.58
602	6465.87
603	6449.02
604	6426.23
605	6398.70
606	6367.65
607	6334.25
608	6299.53
609	6263.90
610	6227.09
611	6188.64
612	6148.05
613	6104.85
614	6058.53
615	6008.62
616	5954.83
617	5897.64
618	5838.53
619	5779.30
620	5721.84
621	5668.01
622	5619.69
623	5578.74
624	5546.73
625	5524.00
626	5509.09
627	5499.75
628	5493.64
629	5488.42
630	5481.76
631	5471.31
632	5454.98
633	5431.82
634	5402.79
635	5369.73
636	5334.62
637	5299.42
638	5266.13
639	5236.71
640	5212.98
641	5195.99
642	5185.35
643	5179.95
644	5178.55
645	5179.94
646	5182.87
647	5186.11
648	5188.52
649	5189.40
650	5188.92
651	5187.75
652	5186.62
653	5186.28
654	5187.48
655	5190.96
656	5197.38
657	5207.00
658	5219.17
659	5232.78
660	5246.60
661	5259.41
662	5269.99
663	5277.11
664	5279.68
665	5277.26
666	5270.91
667	5262.49
668	5254.05
669	5247.64
670	5245.31
671	5249.11
672	5260.94
673	5281.85
674	5311.08
675	5346.82
676	5387.03
677	5429.68
678	5472.73
679	5514.14
680	5552.06
681	5585.67
682	5616.33
683	5646.65
684	5679.49
685	5717.71
686	5764.19
687	5821.78
688	5893.09
689	5979.21
690	6078.22
691	6186.48
692	6300.04
693	6414.94
694	6527.22
695	6632.94
696	6728.41
697	6811.59
698	6883.48
699	6946.71
700	7004.18
701	7058.84
702	7113.59
703	7171.37
704	7234.92
705	7306.14
706	7385.36
707	7472.18
708	7566.06
709	7666.46
710	7772.85
711	7884.68
712	8001.32
713	8121.68
714	8244.02
715	8366.23
716	8486.18
717	8601.74
718	8710.77
719	8811.15
720	8900.86
721	8978.35
722	9042.77
723	9093.53
724	9130.06
725	9151.83
726	9158.26
727	9148.85
728	9123.40
729	9083.07
730	9030.63
731	8969.45
732	8902.94
733	8834.55
734	8767.70
735	8705.78
736	8651.55
737	8605.82
738	8567.36
739	8534.25
740	8504.57
741	8476.35
742	8447.64
743	8416.58
744	8381.97
745	8344.62
746	8307.02
747	8272.12
748	8242.90
749	8222.35
750	8213.43
751	8218.97
752	8240.54
753	8276.74
754	8324.13
755	8378.80
756	8436.82
757	8494.25
758	8547.17
759	8591.93
760	8626.42
761	8651.58
762	8670.05
763	8684.77
764	8698.68
765	8714.75
766	8735.90
767	8764.66
768	8801.74
769	8844.97
770	8890.95
771	8936.12
772	8976.88
773	9009.67
774	9030.94
775	9037.86
776	9030.18
777	9010.65
778	8983.07
779	8951.34
780	8919.38
781	8891.09
782	8870.35
783	8860.67
784	8864.49
785	8883.33
786	8918.48
787	8971.18
788	9042.69
789	9134.28
790	9247.08
791	9381.49
792	9536.24
793	9709.05
794	9897.39
795	10098.73
796	10310.56
797	10530.34
798	10755.69
799	10984.80
800	11216.88
801	11451.57
802	11688.58
803	11927.61
804	12168.39
805	12410.61
806	12653.93
807	12897.77
808	13141.35
809	13383.76
810	13624.13
811	13861.55
812	14095.13
813	14324.15
814	14549.19
815	14774.28
816	15006.07
817	15251.86
818	15519.00
819	15814.83
820	16146.66
821	16521.09
822	16940.87
823	17401.63
824	17895.37
825	18413.47
826	18947.29
827	19488.18
828	20027.54
829	20557.43
830	21072.38
831	21569.90
832	22048.56
833	22507.04
834	22944.03
835	23358.20
836	23748.21
837	24112.47
838	24448.75
839	24754.32
840	25026.34
841	25261.96
842	25458.35
843	25612.66
844	25722.73
845	25789.65
846	25820.18
847	25823.81
848	25810.44
849	25790.03
850	25772.49
851	25767.66
852	25783.92
853	25824.83
854	25888.92
855	25973.04
856	26073.93
857	26188.34
858	26312.98
859	26444.62
860	26580.20
861	26717.03
862	26852.67
863	26984.72
864	27110.81
865	27228.54
866	27335.53
867	27429.29
868	27507.04
869	27565.61
870	27601.62
871	27611.71
872	27592.49
873	27540.60
874	27452.88
875	27327.97
876	27169.17
877	26983.24
878	26777.84
879	26560.65
880	26339.34
881	26121.59
882	25914.09
883	25719.37
884	25533.48
885	25349.64
886	25160.71
887	24959.51
888	24738.88
889	24491.98
890	24215.13
891	23913.47
892	23599.44
893	23287.45
894	22992.06
895	22727.80
896	22509.15
897	22348.98
898	22252.55
899	22212.70
900	22216.61
901	22250.63
902	22301.07
903	22354.27
904	22396.81
905	22417.96
906	22414.52
907	22389.64
908	22348.20
909	22295.19
910	22235.59
911	22174.35
912	22115.87
913	22061.85
914	22009.79
915	21955.34
916	21893.83
917	21820.64
918	21731.13
919	21620.84
920	21487.26
921	21332.86
922	21164.04
923	20988.22
924	20812.85
925	20645.40
926	20493.29
927	20363.03
928	20257.32
929	20173.55
930	20106.94
931	20052.47
932	20005.08
933	19959.76
934	19911.68
935	19857.66
936	19798.33
937	19736.84
938	19676.89
939	19622.23
940	19576.58
941	19543.61
942	19526.12
943	19523.70
944	19532.37
945	19546.88
946	19561.91
947	19572.10
948	19572.13
949	19557.21
950	19525.62
951	19481.35
952	19431.36
953	19383.13
954	19344.20
955	19322.05
956	19323.99
957	19355.31
958	19415.66
959	19499.90
960	19601.63
961	19714.34
962	19831.54
963	19946.74
964	20053.50
965	20145.67
966	20217.45
967	20263.17
968	20277.20
969	20253.89
970	20187.62
971	20073.16
972	19907.68
973	19693.37
974	19435.29
975	19139.04
976	18810.26
977	18454.59
978	18077.69
979	17685.55
980	17285.08
981	16883.99
982	16490.23
983	16111.76
984	15756.52
985	15432.44
986	15146.58
987	14902.69
988	14700.09
989	14536.45
990	14409.22
991	14315.86
992	14253.83
993	14220.61
994	14213.96
995	14232.06
996	14273.36
997	14336.33
998	14419.45
999	14521.21
1000	14640.07
1001	14774.34
1002	14921.92
1003	15080.44
1004	15247.44
1005	15420.45
1006	15597.01
1007	15774.68
1008	15951.17
1009	16124.81
1010	16294.48
1011	16459.30
1012	16618.39
1013	16770.87
1014	16915.86
1015	17052.46
1016	17179.75
1017	17296.73
1018	17402.36
1019	17495.62
1020	17575.47
1021	17640.89
1022	17691.07
1023	17726.39
1024	17749.49
1025	17764.21
1026	17774.59
1027	17784.69
1028	17798.56
1029	17820.08
1030	17851.87
1031	17893.47
1032	17942.38
1033	17995.57
1034	18050.03
1035	18102.72
1036	18150.68
1037	18191.53
1038	18224.54
1039	18250.50
1040	18270.60
1041	18286.05
1042	18298.06
1043	18307.89
1044	18317.33
1045	18330.07
1046	18351.89
1047	18389.24
1048	18448.65
1049	18536.65
1050	18659.74
1051	18823.82
1052	19032.38
1053	19285.62
1054	19582.47
1055	19921.71
1056	20302.09
1057	20722.35
1058	21180.38
1059	21670.08
1060	22178.85
1061	22691.18
1062	23191.09
1063	23662.61
1064	24089.81
1065	24458.12
1066	24760.53
1067	25004.24
1068	25203.88
1069	25375.37
1070	25534.68
1071	25697.77
1072	25879.64
1073	26089.36
1074	26323.28
1075	26570.25
1076	26817.63
1077	27052.68
1078	27262.67
1079	27435.09
1080	27558.88
1081	27626.40
1082	27632.30
1083	27571.72
1084	27439.82
1085	27231.80
1086	26943.16
1087	26572.31
1088	26124.81
1089	25611.46
1090	25044.34
1091	24435.58
1092	23797.33
1093	23141.61
1094	22479.56
1095	21819.86
1096	21169.29
1097	20534.14
1098	19920.68
1099	19335.18
1100	18783.80
1101	18271.79
1102	17801.88
1103	17374.71
1104	16990.37
1105	16648.90
1106	16350.35
1107	16094.70
1108	15881.07
1109	15706.22
1110	15564.93
1111	15451.43
1112	15359.90
1113	15284.53
1114	15219.45
1115	15158.17
1116	15092.46
1117	15012.58
1118	14908.42
1119	14769.81
1120	14586.61
1121	14349.06
1122	14051.11
1123	13697.17
1124	13300.32
1125	12876.02
1126	12439.85
1127	12007.41
1128	11593.95
1129	11211.81
1130	10865.33
1131	10552.41
1132	10269.31
1133	10012.16
1134	9777.12
1135	9560.43
1136	9359.28
1137	9173.25
1138	9003.73
1139	8852.57
1140	8721.63
1141	8612.77
1142	8527.65
1143	8466.37
1144	8425.24
1145	8397.92
1146	8377.48
1147	8356.97
1148	8329.43
1149	8288.31
1150	8229.84
1151	8156.38
1152	8074.14
1153	7990.14
1154	7911.42
1155	7845.04
1156	7797.54
1157	7772.59
1158	7768.10
1159	7778.81
1160	7798.85
1161	7822.34
1162	7843.40
1163	7856.62
1164	7858.97
1165	7851.51
1166	7837.30
1167	7819.72
1168	7802.14
1169	7787.93
1170	7780.00
1171	7779.17
1172	7783.25
1173	7788.77
1174	7792.10
1175	7789.59
1176	7777.67
1177	7753.60
1178	7717.93
1179	7675.11
1180	7631.01
1181	7591.67
1182	7563.10
1183	7551.20
1184	7560.48
1185	7590.94
1186	7638.28
1187	7696.85
1188	7760.91
1189	7824.72
1190	7882.66
1191	7930.19
1192	7965.56
1193	7989.21
1194	8002.09
1195	8005.19
1196	7999.49
1197	7986.03
1198	7966.05
1199	7941.24
1200	7913.57
1201	7885.07
1202	7857.76
1203	7833.67
1204	7814.80
1205	7803.06
1206	7800.22
1207	7807.97
1208	7827.98
1209	7861.94
1210	7911.49
1211	7977.63
1212	8059.02
1213	8151.47
1214	8249.77
1215	8348.60
1216	8442.62
1217	8526.67
1218	8597.03
1219	8654.20
1220	8702.38
1221	8746.79
1222	8792.70
1223	8845.40
1224	8909.95
1225	8989.94
1226	9085.74
1227	9195.76
1228	9318.00
1229	9450.43
1230	9591.04
1231	9738.24
1232	9892.30
1233	10056.43
1234	10235.12
1235	10433.05
1236	10654.92
1237	10905.32
1238	11187.89
1239	11502.95
1240	11847.37
1241	12216.88
1242	12607.12
1243	13013.74
1244	13432.64
1245	13861.68
1246	14303.46
1247	14763.85
1248	15249.52
1249	15767.15
1250	16323.35
1251	16923.50
1252	17566.67
1253	18241.67
1254	18932.54
1255	19622.62
1256	20295.21
1257	20933.75
1258	21523.56
1259	22056.26
1260	22529.98
1261	22944.93
1262	23301.52
1263	23600.16
1264	23841.26
1265	24025.31
1266	24152.99
1267	24225.07
1268	24242.35
1269	24205.64
1270	24115.76
1271	23973.97
1272	23783.33
1273	23549.56
1274	23279.44
1275	22979.88
1276	22657.81
1277	22320.22
1278	21974.83
1279	21631.31
1280	21301.04
1281	20995.88
1282	20727.67
1283	20508.28
1284	20349.34
1285	20261.35
1286	20252.77
1287	20331.04
1288	20503.45
1289	20777.26
1290	21159.44
1291	21653.44
1292	22251.14
1293	22932.69
1294	23674.53
1295	24452.83
1296	25243.73
1297	26023.34
1298	26767.57
1299	27451.90
1300	28051.60
1301	28541.85
1302	28897.89
1303	29095.24
1304	29113.97
1305	28950.18
1306	28617.87
1307	28137.07
1308	27528.41
1309	26812.52
1310	26010.09
1311	25142.15
1312	24230.41
1313	23297.04
1314	22364.26
1315	21454.31
1316	20589.20
1317	19787.48
1318	19055.57
1319	18386.21
1320	17767.47
1321	17187.02
1322	16632.50
1323	16092.01
1324	15556.45
1325	15022.39
1326	14489.71
1327	13958.90
1328	13430.48
1329	12905.03
1330	12383.88
1331	11870.93
1332	11372.71
1333	10896.56
1334	10449.93
1335	10040.23
1336	9674.27
1337	9355.68
1338	9082.24
1339	8848.74
1340	8649.43
1341	8478.59
1342	8330.54
1343	8200.15
1344	8084.03
1345	7980.24
1346	7887.26
1347	7803.60
1348	7727.76
1349	7658.22
1350	7593.32
1351	7531.22
1352	7469.97
1353	7407.64
1354	7342.27
1355	7272.09
1356	7196.42
1357	7117.26
1358	7038.40
1359	6964.04
1360	6898.39
1361	6845.58
1362	6808.66
1363	6786.79
1364	6774.95
1365	6766.67
1366	6755.36
1367	6734.44
1368	6697.80
1369	6641.75
1370	6566.79
1371	6475.49
1372	6370.75
1373	6255.48
1374	6132.55
1375	6004.63
1376	5873.77
1377	5741.59
1378	5609.60
1379	5479.31
1380	5352.24
1381	5230.03
1382	5114.84
1383	5009.35
1384	4916.46
1385	4839.07
1386	4780.06
1387	4742.07
1388	4726.32
1389	4731.72
1390	4756.07
1391	4796.98
1392	4852.08
1393	4918.98
1394	4995.39
1395	5079.11
1396	5168.07
1397	5260.19
1398	5353.41
1399	5445.69
1400	5535.22
1401	5620.94
1402	5702.51
1403	5779.80
1404	5852.70
1405	5921.14
1406	5985.59
1407	6048.88
1408	6116.94
1409	6196.93
1410	6296.15
1411	6421.89
1412	6580.93
1413	6777.42
1414	7010.63
1415	7277.44
1416	7574.26
1417	7897.55
1418	8244.17
1419	8614.22
1420	9015.32
1421	9460.12
1422	9962.35
1423	10535.82
1424	11194.29
1425	11951.11
1426	12818.48
1427	13807.58
1428	14929.30
1429	16194.51
1430	17613.59
1431	19189.93
1432	20902.43
1433	22702.74
1434	24533.37
1435	26335.95
1436	28052.28
1437	29627.50
1438	31020.79
1439	32210.86
1440	33184.27
1441	33928.55
1442	34431.38
1443	34683.27
1444	34688.90
1445	34476.97
1446	34087.57
1447	33562.52
1448	32943.68
1449	32271.61
1450	31578.85
1451	30882.06
1452	30189.05
1453	29505.97
1454	28838.89
1455	28193.18
1456	27569.52
1457	26957.76
1458	26340.81
1459	25700.02
1460	25016.75
1461	24273.14
1462	23458.15
1463	22578.11
1464	21652.18
1465	20702.59
1466	19751.78
1467	18821.70
1468	17930.03
1469	17082.55
1470	16275.18
1471	15501.19
1472	14753.72
1473	14026.05
1474	13313.34
1475	12616.25
1476	11940.40
1477	11292.89
1478	10680.88
1479	10111.45
1480	9590.37
1481	9119.34
1482	8696.14
1483	8317.31
1484	7979.33
1485	7678.64
1486	7411.27
1487	7171.98
1488	6954.22
1489	6751.00
1490	6555.34
1491	6360.33
1492	6160.48
1493	5955.02
1494	5748.03
1495	5545.17
1496	5352.24
1497	5174.95
1498	5017.86
1499	4881.76
1500	4763.47
1501	4658.55
1502	4562.45
1503	4470.69
1504	4379.50
1505	4287.52
1506	4195.86
1507	4106.40
1508	4021.08
1509	3941.79
1510	3869.78
1511	3804.28
1512	3742.52
1513	3681.14
1514	3616.73
1515	3545.98
1516	3466.59
1517	3379.42
1518	3288.16
1519	3197.38
1520	3111.67
1521	3035.55
1522	2972.61
1523	2923.88
1524	2888.21
1525	2863.88
1526	2849.13
1527	2842.17
1528	2841.19
1529	2844.23
1530	2849.24
1531	2854.13
1532	2856.83
1533	2855.32
1534	2848.05
1535	2834.57
1536	2815.14
1537	2790.19
1538	2760.15
1539	2725.42
1540	2686.25
1541	2642.54
1542	2593.99
1543	2540.26
1544	2481.03
1545	2416.30
1546	2347.69
1547	2279.69
1548	2218.17
1549	2169.25
1550	2138.97
1551	2132.29
1552	2149.31
1553	2183.15
1554	2224.05
1555	2261.88
1556	2286.59
1557	2290.02
1558	2270.75
1559	2235.15
1560	2192.37
1561	2151.78
1562	2122.56
1563	2111.72
1564	2119.65
1565	2140.79
1566	2167.80
1567	2193.29
1568	2210.08
1569	2213.12
1570	2202.51
1571	2181.89
1572	2155.77
1573	2128.68
1574	2104.99
1575	2088.23
1576	2080.27
1577	2082.10
1578	2094.55
1579	2118.44
1580	2154.08
1581	2199.71
1582	2250.60
1583	2300.80
1584	2344.22
1585	2374.87
1586	2388.16
1587	2384.12
1588	2367.50
1589	2344.52
1590	2321.54
1591	2304.73
1592	2298.70
1593	2304.21
1594	2319.26
1595	2341.17
1596	2367.27
1597	2394.89
1598	2421.73
1599	2446.02
1600	2466.27
1601	2481.06
1602	2488.99
1603	2489.28
1604	2483.46
1605	2475.93
1606	2472.08
1607	2477.44
1608	2497.35
1609	2535.54
1610	2591.29
1611	2660.37
1612	2737.57
1613	2817.69
1614	2896.03
1615	2970.89
1616	3046.23
1617	3128.99
1618	3226.60
1619	3346.49
1620	3495.16
1621	3675.84
1622	3887.74
1623	4128.64
1624	4396.20
1625	4688.09
1626	5002.42
1627	5338.38
1628	5695.92
1629	6075.21
1630	6476.42
1631	6900.27
1632	7349.97
1633	7832.82
1634	8358.03
1635	8935.06
1636	9573.49
1637	10283.84
1638	11079.58
1639	11977.08
1640	12993.56
1641	14146.27
1642	15451.62
1643	16920.95
1644	18555.34
1645	20350.18
1646	22299.73
1647	24397.68
1648	26629.54
1649	28951.29
1650	31284.71
1651	33539.77
1652	35625.30
1653	37451.21
1654	38934.84
1655	40010.52
1656	40623.30
1657	40720.57
1658	40250.71
1659	39177.62
1660	37525.33
1661	35393.94
1662	32911.86
1663	30210.54
1664	27419.29
1665	24651.24
1666	21981.48
1667	19459.84
1668	17130.51
1669	15036.97
1670	13215.73
1671	11676.12
1672	10393.04
1673	9328.57
1674	8443.41
1675	7698.97
1676	7061.89
1677	6510.67
1678	6031.34
1679	5611.56
1680	5239.17
1681	4903.33
1682	4598.10
1683	4323.18
1684	4080.23
1685	3871.11
1686	3697.33
1687	3558.47
1688	3450.17
1689	3365.82
1690	3298.42
1691	3240.98
1692	3187.30
1693	3133.53
1694	3078.15
1695	3020.30
1696	2959.22
1697	2894.37
1698	2826.26
1699	2757.18
1700	2690.26
1701	2628.71
1702	2575.72
1703	2533.86
1704	2504.24
1705	2486.85
1706	2481.42
1707	2487.64
1708	2504.86
1709	2531.28
1710	2563.59
1711	2597.98
1712	2630.60
1713	2658.16
1714	2680.44
1715	2703.08
1716	2734.87
1717	2785.11
1718	2862.87
1719	2974.54
1720	3119.18
1721	3289.90
1722	3478.24
1723	3675.70
1724	3875.09
1725	4074.18
1726	4276.86
1727	4489.29
1728	4717.85
1729	4968.60
1730	5245.64
1731	5549.56
1732	5879.16
1733	6232.94
1734	6609.16
1735	7004.39
1736	7410.94
1737	7818.00
1738	8214.00
1739	8587.36
1740	8926.50
1741	9220.03
1742	9456.63
1743	9625.09
1744	9714.25
1745	9714.52
1746	9623.23
1747	9447.67
1748	9199.25
1749	8889.93
1750	8531.51
1751	8134.76
1752	7708.49
1753	7260.40
1754	6798.01
1755	6328.83
1756	5860.14
1757	5398.71
1758	4950.98
1759	4523.29
1760	4121.93
1761	3752.74
1762	3420.16
1763	3127.35
1764	2877.08
1765	2671.98
1766	2512.96
1767	2394.52
1768	2303.62
1769	2224.50
1770	2141.28
1771	2040.34
1772	1918.17
1773	1786.28
1774	1662.45
1775	1565.24
1776	1511.36
1777	1507.56
1778	1542.70
1779	1596.76
1780	1648.30
1781	1677.00
1782	1670.16
1783	1631.03
1784	1572.23
1785	1508.17
1786	1452.91
1787	1416.90
1788	1402.08
1789	1404.59
1790	1419.26
1791	1440.90
1792	1464.91
1793	1488.15
1794	1508.68
1795	1524.84
1796	1534.97
1797	1537.54
1798	1531.25
1799	1515.04
1800	1487.90
1801	1448.94
1802	1398.67
1803	1341.82
1804	1287.12
1805	1244.50
1806	1223.77
1807	1231.88
1808	1266.60
1809	1316.40
1810	1366.83
1811	1403.45
1812	1414.78
1813	1399.42
1814	1366.57
1815	1328.86
1816	1299.05
1817	1287.34
1818	1295.15
1819	1314.48
1820	1334.22
1821	1343.15
1822	1332.65
1823	1302.88
1824	1263.52
1825	1227.36
1826	1207.22
1827	1212.97
1828	1244.44
1829	1290.90
1830	1338.21
1831	1372.16
1832	1381.35
1833	1363.45
1834	1325.32
1835	1276.63
1836	1227.17
1837	1185.23
1838	1154.41
1839	1133.97
1840	1121.85
1841	1115.90
1842	1114.02
1843	1114.19
1844	1114.50
1845	1113.07
1846	1108.15
1847	1099.28
1848	1089.34
1849	1083.79
1850	1088.70
1851	1109.73
1852	1149.04
1853	1200.53
1854	1252.54
1855	1292.23
1856	1307.56
1857	1292.06
1858	1250.85
1859	1195.71
1860	1139.72
1861	1095.04
1862	1069.02
1863	1060.38
1864	1063.64
1865	1072.65
1866	1081.80
1867	1087.88
1868	1091.18
1869	1093.48
1870	1096.72
1871	1102.99
1872	1114.77
1873	1135.03
1874	1166.89
1875	1213.25
1876	1274.28
1877	1342.06
1878	1401.25
1879	1434.43
1880	1425.15
1881	1365.68
1882	1269.52
1883	1164.96
1884	1083.61
1885	1054.37
1886	1090.00
1887	1172.38
1888	1267.14
1889	1337.25
1890	1350.75
1891	1297.56
1892	1198.60
1893	1087.34
1894	998.30
1895	959.24
1896	975.86
1897	1031.50
1898	1102.50
1899	1165.41
1900	1202.49
1901	1210.22
1902	1195.12
1903	1166.07
1904	1131.76
1905	1099.35
1906	1073.22
1907	1056.37
1908	1051.53
1909	1060.42
1910	1081.17
1911	1107.54
1912	1131.75
1913	1146.16
1914	1146.05
1915	1134.43
1916	1120.42
1917	1114.63
1918	1126.69
1919	1160.16
1920	1207.43
1921	1255.15
1922	1289.18
1923	1297.74
1924	1277.89
1925	1237.01
1926	1186.08
1927	1136.15
1928	1095.87
1929	1067.95
1930	1050.82
1931	1041.92
1932	1038.82
1933	1039.95
1934	1045.10
1935	1054.70
1936	1069.18
1937	1088.56
1938	1111.39
1939	1134.94
1940	1156.06
1941	1171.75
1942	1179.83
1943	1179.81
1944	1172.06
1945	1157.17
1946	1136.66
1947	1115.09
1948	1100.46
1949	1101.86
1950	1127.62
1951	1180.26
1952	1249.59
1953	1317.75
1954	1365.48
1955	1376.40
1956	1345.17
1957	1279.76
1958	1192.87
1959	1097.56
1960	1005.94
1961	927.93
1962	872.05
1963	846.41
1964	856.91
1965	901.38
1966	967.93
1967	1041.24
1968	1106.21
1969	1151.57
1970	1174.35
1971	1176.55
1972	1161.21
1973	1132.14
1974	1095.43
1975	1059.72
1976	1034.47
1977	1028.30
1978	1044.73
1979	1077.47
1980	1115.09
1981	1145.50
1982	1159.48
1983	1156.56
1984	1144.22
1985	1132.17
1986	1129.19
1987	1139.20
1988	1158.57
1989	1180.38
1990	1197.52
1991	1204.94
1992	1202.64
1993	1194.09
1994	1183.56
1995	1174.86
1996	1170.15
1997	1169.72
1998	1173.22
1999	1179.91
2000	1187.55
2001	1191.11
2002	1184.24
2003	1160.77
2004	1117.88
2005	1061.41
2006	1003.72
2007	958.61
2008	937.41
2009	942.39
2010	965.42
2011	994.88
2012	1019.81
2013	1034.45
2014	1041.71
2015	1048.63
2016	1062.42
2017	1086.89
2018	1117.83
2019	1145.71
2020	1160.04
2021	1153.19
2022	1126.53
2023	1089.94
2024	1055.72
2025	1034.89
2026	1032.33
2027	1044.91
2028	1066.43
2029	1090.46
2030	1111.28
2031	1124.48
2032	1126.30
2033	1113.67
2034	1087.43
2035	1057.49
2036	1039.50
2037	1049.73
2038	1097.79
2039	1174.53
2040	1255.09
2041	1310.86
2042	1319.08
2043	1277.86
2044	1207.49
2045	1135.28
2046	1085.58
2047	1068.13
2048	1073.32
2049	1084.16
2050	1084.73
2051	1068.31
2052	1043.04
2053	1023.74
2054	1024.71
2055	1051.92
2056	1095.46
2057	1137.13
2058	1158.46
2059	1148.65
2060	1113.72
2061	1069.82
2062	1034.48
2063	1020.01
2064	1025.93
2065	1043.02
2066	1060.33
2067	1069.47
2068	1069.01
2069	1062.84
2070	1056.08
2071	1053.09
2072	1055.92
2073	1064.67
2074	1078.87
2075	1097.53
2076	1118.20
2077	1137.14
2078	1150.33
2079	1154.78
2080	1150.70
2081	1141.24
2082	1130.33
2083	1121.28
2084	1115.18
2085	1111.09
2086	1107.46
2087	1102.80
2088	1095.94
2089	1085.98
2090	1072.20
2091	1054.80
2092	1036.68
2093	1023.23
2094	1020.35
2095	1031.95
2096	1056.04
2097	1085.48
2098	1111.91
2099	1128.93
2100	1135.60
2101	1135.48
2102	1133.13
2103	1131.76
2104	1131.04
2105	1128.00
2106	1119.28
2107	1103.38
2108	1083.11
2109	1064.19
2110	1052.60
2111	1052.27
2112	1062.81
2113	1081.33
2114	1104.48
2115	1129.02
2116	1152.01
2117	1170.64
2118	1182.23
2119	1184.63
2120	1176.44
2121	1156.68
2122	1125.37
2123	1086.22
2124	1047.55
2125	1019.10
2126	1008.66
2127	1017.03
2128	1038.23
2129	1064.29
2130	1088.48
2131	1107.59
2132	1121.11
2133	1129.19
2134	1131.72
2135	1128.01
2136	1117.03
2137	1098.71
2138	1077.67
2139	1066.21
2140	1079.79
2141	1129.86
2142	1211.47
2143	1300.21
2144	1365.64
2145	1384.57
2146	1356.16
2147	1298.34
2148	1233.28
2149	1177.93
2150	1137.49
2151	1110.27
2152	1093.26
2153	1083.75
2154	1079.59
2155	1078.81
2156	1079.13
2157	1077.20
2158	1068.62
2159	1049.19
2160	1018.56
2161	985.20
2162	963.23
2163	965.79
2164	995.98
2165	1041.46
2166	1083.58
2167	1106.71
2168	1107.46
2169	1094.18
2170	1078.20
2171	1067.65
2172	1063.44
2173	1062.25
2174	1059.95
2175	1052.62
2176	1036.67
2177	1008.98
2178	969.75
2179	927.68
2180	897.80
2181	894.46
2182	921.49
2183	965.80
2184	1007.12
2185	1027.99
2186	1022.59
2187	995.46
2188	954.78
2189	912.47
2190	886.77
2191	898.31
2192	958.71
2193	1049.85
2194	1125.12
2195	1135.00
2196	1060.53
2197	940.49
2198	841.75
2199	819.14
2200	874.45
2201	958.99
2202	1014.54
2203	1011.15
2204	970.49
2205	938.11
2206	950.47
2207	1006.13
2208	1071.08
2209	1106.51
2210	1092.55
2211	1039.16
2212	968.73
2213	901.37
2214	847.17
2215	809.02
2216	787.86
2217	783.81
2218	796.01
2219	822.80
2220	859.79
2221	897.28
2222	922.96
2223	927.50
2224	911.68
2225	885.18
2226	859.07
2227	840.12
2228	828.80
2229	823.45
2230	824.08
2231	834.98
2232	862.47
2233	908.59
2234	961.40
2235	996.84
2236	991.89
2237	941.10
2238	862.41
2239	781.44
2240	718.17
2241	680.13
2242	668.13
2243	680.44
2244	711.66
2245	753.80
2246	798.40
2247	837.51
2248	863.86
2249	872.20
2250	864.89
2251	854.55
2252	855.64
2253	871.01
2254	881.82
2255	861.21
2256	800.23
2257	734.22
2258	723.86
2259	808.97
2260	956.45
2261	1076.40
2262	1089.39
2263	998.23
2264	887.60
2265	849.55
2266	909.55
2267	1010.27
2268	1073.65
2269	1058.19
2270	979.28
2271	874.39
2272	777.15
2273	709.86
2274	687.49
2275	712.91
2276	767.84
2277	824.53
2278	862.57
2279	880.52
2280	887.41
2281	891.98
2282	897.71
2283	904.66
2284	911.09
2285	912.63
2286	903.48
2287	879.34
2288	840.30
2289	789.93
2290	735.84
2291	693.83
2292	683.90
2293	716.21
2294	774.29
2295	824.90
2296	842.13
2297	826.92
2298	797.72
2299	773.50
2300	765.55
2301	778.93
2302	809.87
2303	838.14
2304	836.43
2305	790.85
2306	717.36
2307	646.60
2308	604.44
2309	603.29
2310	646.49
2311	724.79
2312	811.47
2313	875.86
2314	900.60
2315	887.23
2316	847.05
2317	801.18
2318	779.34
2319	801.54
2320	850.51
2321	878.95
2322	853.56
2323	797.07
2324	765.92
2325	790.61
2326	833.08
2327	828.81
2328	759.33
2329	685.74
2330	683.57
2331	759.46
2332	839.05
2333	848.04
2334	789.74
2335	729.57
2336	722.46
2337	764.46
2338	817.87
2339	845.92
2340	824.65
2341	747.84
2342	651.24
2343	608.03
2344	663.62
2345	765.33
2346	807.45
2347	744.46
2348	653.64
2349	640.12
2350	716.44
2351	794.21
2352	794.39
2353	736.92
2354	698.04
2355	720.33
2356	775.83
2357	814.79
2358	808.65
2359	754.02
2360	671.87
2361	616.28
2362	639.85
2363	732.31
2364	817.85
2365	837.92
2366	819.84
2367	827.76
2368	873.15
2369	895.49
2370	846.67
2371	768.02
2372	741.16
2373	782.67
2374	817.76
2375	783.18
2376	719.44
2377	715.06
2378	794.43
2379	892.67
2380	935.77
2381	896.97
2382	790.37
2383	675.26
2384	637.83
2385	704.33
2386	780.38
2387	763.76
2388	687.05
2389	670.44
2390	748.64
2391	815.72
2392	779.38
2393	689.23
2394	646.41
2395	661.31
2396	662.34
2397	618.40
2398	587.80
2399	628.88
2400	723.77
2401	815.17
2402	858.73
2403	838.45
2404	782.52
2405	756.69
2406	786.04
2407	804.15
2408	753.60
2409	696.99
2410	731.73
2411	828.39
2412	865.29
2413	814.59
2414	775.60
2415	800.58
2416	811.39
2417	748.79
2418	690.78
2419	727.23
2420	812.36
2421	847.67
2422	829.13
2423	817.07
2424	821.91
2425	801.41
2426	736.14
2427	650.86
2428	590.11
2429	596.14
2430	669.96
2431	758.77
2432	804.78
2433	781.93
2434	720.21
2435	703.22
2436	758.65
2437	799.83
2438	761.91
2439	693.08
2440	664.37
2441	698.62
2442	779.49
2443	866.41
2444	925.44
2445	946.11
2446	927.44
2447	872.96
2448	802.07
2449	746.72
2450	721.04
