150	3588.72
151	3567.76
152	3551.14
153	3548.62
154	3560.53
155	3585.02
156	3619.63
157	3661.82
158	3709.07
159	3758.84
160	3808.61
161	3855.84
162	3898.26
163	3934.47
164	3964.14
165	3987.35
166	4004.21
167	4014.86
168	4019.40
169	4017.96
170	4010.67
171	3997.77
172	3980.03
173	3958.79
174	3935.65
175	3912.21
176	3890.09
177	3870.88
178	3856.21
179	3847.67
180	3846.67
181	3853.94
182	3869.31
183	3892.32
184	3922.48
185	3959.29
186	4002.26
187	4050.87
188	4104.62
189	4162.86
190	4224.30
191	4287.00
192	4348.75
193	4407.30
194	4460.43
195	4505.89
196	4541.45
197	4564.91
198	4574.57
199	4570.56
200	4555.02
201	4530.79
202	4500.78
203	4467.88
204	4435.02
205	4405.08
206	4380.95
207	4365.09
208	4358.63
209	4361.28
210	4372.34
211	4391.01
212	4416.56
213	4448.20
214	4485.18
215	4526.71
216	4571.93
217	4619.65
218	4668.37
219	4716.54
220	4762.58
221	4804.91
222	4841.96
223	4872.15
224	4893.96
225	4906.38
226	4909.81
227	4905.85
228	4896.42
229	4883.44
230	4868.85
231	4854.58
232	4842.56
233	4834.66
234	4832.35
235	4836.00
236	4845.24
237	4859.52
238	4878.26
239	4900.90
240	4926.87
241	4955.59
242	4986.47
243	5018.71
244	5051.08
245	5082.06
246	5110.10
247	5133.64
248	5151.12
249	5160.98
250	5161.66
251	5151.82
252	5131.27
253	5101.95
254	5066.88
255	5029.28
256	4992.35
257	4959.32
258	4933.41
259	4917.83
260	4915.42
261	4927.50
262	4953.04
263	4990.00
264	5036.20
265	5089.46
266	5147.62
267	5208.48
268	5269.88
269	5329.77
270	5386.52
271	5439.04
272	5486.42
273	5527.76
274	5562.18
275	5588.77
276	5606.65
277	5614.96
278	5613.26
279	5602.34
280	5584.16
281	5560.99
282	5535.16
283	5508.95
284	5484.70
285	5464.69
286	5451.14
287	5445.45
288	5447.08
289	5454.14
290	5464.40
291	5475.63
292	5485.58
293	5492.02
294	5492.73
295	5485.69
296	5470.04
297	5447.21
298	5419.77
299	5390.51
300	5362.22
301	5337.70
302	5319.74
303	5311.13
304	5314.16
305	5329.20
306	5353.88
307	5384.74
308	5418.20
309	5450.68
310	5478.56
311	5498.28
312	5506.29
313	5499.92
314	5479.11
315	5446.42
316	5405.23
317	5358.95
318	5311.01
319	5264.85
320	5223.87
321	5191.38
322	5169.76
323	5159.15
324	5158.18
325	5165.13
326	5178.28
327	5195.90
328	5216.24
329	5237.58
330	5258.27
331	5277.03
332	5293.23
333	5306.54
334	5316.69
335	5323.39
336	5326.38
337	5325.38
338	5320.12
339	5310.47
340	5296.74
341	5279.79
342	5260.64
343	5240.32
344	5219.89
345	5200.38
346	5182.83
347	5168.26
348	5157.42
349	5150.42
350	5146.89
351	5146.36
352	5148.34
353	5152.34
354	5157.88
355	5164.48
356	5171.65
357	5179.00
358	5186.24
359	5193.13
360	5199.43
361	5204.93
362	5209.39
363	5212.60
364	5214.32
365	5214.35
366	5212.58
367	5209.00
368	5203.61
369	5196.44
370	5187.49
371	5176.78
372	5164.32
373	5150.17
374	5134.56
375	5118.24
376	5102.24
377	5087.65
378	5075.59
379	5067.16
380	5063.47
381	5065.61
382	5074.52
383	5090.41
384	5112.47
385	5139.49
386	5170.19
387	5203.29
388	5237.52
389	5271.61
390	5304.29
391	5334.51
392	5361.67
393	5385.65
394	5406.38
395	5423.85
396	5438.02
397	5448.84
398	5456.29
399	5460.38
400	5461.26
401	5459.40
402	5455.38
403	5449.83
404	5443.35
405	5436.57
406	5430.10
407	5424.55
408	5420.41
409	5417.84
410	5416.63
411	5416.51
412	5417.18
413	5418.34
414	5419.70
415	5420.96
416	5421.84
417	5422.08
418	5421.52
419	5420.06
420	5417.57
421	5413.95
422	5409.08
423	5402.86
424	5395.19
425	5386.14
426	5376.31
427	5366.87
428	5359.17
429	5354.55
430	5354.37
431	5360.00
432	5372.76
433	5393.85
434	5423.47
435	5459.91
436	5500.46
437	5542.23
438	5582.31
439	5617.79
440	5645.77
441	5663.41
442	5668.53
443	5661.11
444	5643.33
445	5617.99
446	5587.98
447	5556.18
448	5525.46
449	5498.71
450	5478.60
451	5466.88
452	5463.58
453	5467.85
454	5478.68
455	5495.08
456	5516.05
457	5540.58
458	5567.67
459	5596.29
460	5625.31
461	5653.53
462	5679.74
463	5702.70
464	5721.22
465	5734.04
466	5739.98
467	5738.06
468	5728.45
469	5713.07
470	5694.64
471	5675.98
472	5659.89
473	5649.21
474	5646.76
475	5655.20
476	5676.10
477	5708.20
478	5748.21
479	5792.34
480	5836.77
481	5877.70
482	5911.32
483	5933.85
484	5942.25
485	5936.12
486	5918.35
487	5893.01
488	5864.27
489	5836.33
490	5813.37
491	5799.58
492	5798.79
493	5813.00
494	5840.44
495	5877.37
496	5919.64
497	5963.10
498	6003.59
499	6036.96
500	6059.16
501	6067.18
502	6061.02
503	6043.28
504	6017.32
505	5986.50
506	5954.23
507	5923.90
508	5898.86
509	5882.06
510	5874.67
511	5875.48
512	5882.30
513	5892.83
514	5904.78
515	5915.84
516	5923.73
517	5926.27
518	5922.12
519	5911.61
520	5896.05
521	5876.90
522	5855.66
523	5833.81
524	5812.84
525	5794.20
526	5778.94
527	5767.07
528	5757.63
529	5749.42
530	5741.23
531	5731.85
532	5720.06
533	5704.66
534	5684.63
535	5659.72
536	5630.58
537	5598.24
538	5563.74
539	5528.14
540	5492.50
541	5457.85
542	5425.19
543	5395.10
544	5367.46
545	5341.83
546	5317.70
547	5294.54
548	5271.85
549	5249.11
550	5225.83
551	5201.81
552	5177.45
553	5153.60
554	5131.19
555	5111.17
556	5094.49
557	5082.09
558	5074.91
559	5073.67
560	5078.52
561	5089.05
562	5104.64
563	5124.72
564	5148.66
565	5175.87
566	5205.75
567	5237.72
568	5271.25
569	5305.93
570	5341.36
571	5377.14
572	5412.90
573	5448.23
574	5482.76
575	5516.16
576	5548.46
577	5580.23
578	5612.30
579	5645.56
580	5680.89
581	5719.17
582	5761.28
583	5808.03
584	5859.80
585	5916.09
586	5975.89
587	6038.05
588	6101.45
589	6164.96
590	6227.44
591	6287.77
592	6344.86
593	6397.71
594	6445.41
595	6487.04
596	6521.71
597	6548.50
598	6566.53
599	6574.90
600	6573.05
601	6561.32
602	6540.86
603	6513.06
604	6479.34
605	6441.08
606	6399.71
607	6356.61
608	6312.97
609	6269.33
610	6225.47
611	6180.94
612	6135.27
613	6087.98
614	6038.60
615	5986.66
616	5931.88
617	5874.64
618	5816.19
619	5758.10
620	5702.00
621	5649.48
622	5602.18
623	5561.69
624	5529.37
625	5505.51
626	5488.85
627	5477.43
628	5469.25
629	5462.26
630	5454.46
631	5443.81
632	5428.50
633	5407.63
634	5381.86
635	5352.58
636	5321.26
637	5289.40
638	5258.48
639	5230.01
640	5205.37
641	5185.43
642	5170.14
643	5158.99
644	5151.36
645	5146.67
646	5144.30
647	5143.64
648	5144.11
649	5145.11
650	5146.08
651	5146.48
652	5145.75
653	5143.36
654	5138.77
655	5131.42
656	5120.85
657	5107.07
658	5090.99
659	5074.08
660	5057.89
661	5043.99
662	5033.93
663	5029.29
664	5031.50
665	5041.37
666	5058.36
667	5081.11
668	5108.13
669	5137.91
670	5168.94
671	5199.73
672	5228.87
673	5255.62
674	5280.60
675	5305.22
676	5331.06
677	5359.72
678	5392.77
679	5431.80
680	5478.26
681	5532.84
682	5594.64
683	5661.80
684	5732.31
685	5804.15
686	5875.29
687	5943.71
688	6007.55
689	6065.90
690	6119.73
691	6171.09
692	6222.22
693	6275.38
694	6332.81
695	6396.76
696	6469.29
697	6551.50
698	6642.59
699	6740.79
700	6844.15
701	6950.70
702	7058.47
703	7165.52
704	7270.06
705	7371.16
706	7469.45
707	7566.30
708	7663.22
709	7761.71
710	7863.28
711	7969.43
712	8081.34
713	8198.85
714	8319.54
715	8440.01
716	8556.70
717	8666.04
718	8764.48
719	8848.49
720	8914.98
721	8962.87
722	8993.90
723	9010.95
724	9017.05
725	9015.23
726	9008.52
727	8999.92
728	8991.97
729	8985.52
730	8979.27
731	8971.17
732	8959.09
733	8940.92
734	8914.50
735	8877.77
736	8829.25
737	8769.44
738	8700.91
739	8626.88
740	8550.62
741	8475.41
742	8404.52
743	8341.17
744	8288.01
745	8246.08
746	8215.05
747	8194.20
748	8182.81
749	8180.14
750	8185.46
751	8198.06
752	8217.36
753	8243.11
754	8275.32
755	8314.00
756	8359.22
757	8411.00
758	8469.40
759	8534.29
760	8604.73
761	8678.10
762	8750.87
763	8819.36
764	8879.86
765	8928.65
766	8962.08
767	8976.97
768	8972.52
769	8951.59
770	8918.63
771	8878.34
772	8835.39
773	8794.49
774	8760.27
775	8736.69
776	8725.19
777	8724.28
778	8731.41
779	8743.95
780	8759.27
781	8774.73
782	8787.79
783	8796.97
784	8803.79
785	8812.34
786	8827.46
787	8854.01
788	8896.87
789	8960.90
790	9050.69
791	9168.92
792	9314.07
793	9482.01
794	9668.02
795	9867.38
796	10075.36
797	10287.26
798	10498.80
799	10707.82
800	10915.59
801	11124.93
802	11338.92
803	11560.61
804	11793.09
805	12039.37
806	12301.64
807	12579.26
808	12868.32
809	13163.84
810	13460.73
811	13753.87
812	14038.20
813	14308.90
814	14563.61
815	14806.35
816	15046.00
817	15292.62
818	15556.36
819	15847.36
820	16175.73
821	16550.62
822	16975.92
823	17445.89
824	17949.86
825	18476.31
826	19013.69
827	19550.45
828	20075.11
829	20577.58
830	21052.88
831	21502.15
832	21928.72
833	22336.17
834	22728.06
835	23107.97
836	23479.25
837	23843.56
838	24198.06
839	24536.52
840	24851.85
841	25136.92
842	25384.60
843	25587.79
844	25740.39
845	25841.08
846	25897.02
847	25919.37
848	25919.97
849	25910.66
850	25903.28
851	25909.55
852	25939.32
853	25996.28
854	26077.63
855	26178.47
856	26293.74
857	26418.35
858	26547.25
859	26675.49
860	26799.18
861	26916.64
862	27027.58
863	27132.01
864	27229.95
865	27321.40
866	27406.38
867	27484.41
868	27553.14
869	27607.77
870	27642.48
871	27651.38
872	27628.56
873	27568.14
874	27464.52
875	27314.80
876	27123.00
877	26898.29
878	26651.16
879	26392.16
880	26131.83
881	25880.66
882	25648.06
883	25438.46
884	25248.64
885	25072.04
886	24901.66
887	24730.47
888	24551.45
889	24357.80
890	24145.04
891	23915.09
892	23675.18
893	23433.96
894	23200.21
895	22982.67
896	22790.06
897	22630.29
898	22507.37
899	22418.93
900	22359.74
901	22324.12
902	22306.38
903	22300.85
904	22301.89
905	22304.52
906	22305.59
907	22303.45
908	22296.87
909	22284.67
910	22265.64
911	22238.58
912	22202.32
913	22155.74
914	22097.84
915	22027.66
916	21944.25
917	21846.66
918	21733.95
919	21605.27
920	21460.79
921	21303.32
922	21137.72
923	20969.40
924	20803.77
925	20646.26
926	20502.28
927	20376.59
928	20271.34
929	20185.02
930	20114.64
931	20057.01
932	20008.97
933	19967.32
934	19928.99
935	19891.70
936	19854.98
937	19819.58
938	19786.52
939	19756.82
940	19731.51
941	19711.59
942	19697.69
943	19689.05
944	19683.39
945	19677.89
946	19669.69
947	19655.89
948	19633.67
949	19600.57
950	19556.42
951	19505.32
952	19453.61
953	19407.99
954	19375.21
955	19361.98
956	19374.83
957	19418.08
958	19489.96
959	19583.52
960	19690.46
961	19802.35
962	19910.79
963	20007.38
964	20084.32
965	20136.15
966	20160.61
967	20156.66
968	20123.42
969	20060.02
970	19965.57
971	19839.25
972	19680.55
973	19489.59
974	19266.84
975	19012.88
976	18728.25
977	18413.52
978	18069.40
979	17698.12
980	17306.27
981	16904.33
982	16503.83
983	16116.37
984	15753.57
985	15426.94
986	15146.69
987	14917.60
988	14737.37
989	14600.99
990	14503.13
991	14438.46
992	14401.63
993	14387.52
994	14392.14
995	14413.65
996	14451.34
997	14504.71
998	14573.27
999	14656.53
1000	14753.97
1001	14864.94
1002	14988.41
1003	15123.05
1004	15267.47
1005	15420.28
1006	15580.09
1007	15745.51
1008	15915.04
1009	16086.92
1010	16259.05
1011	16429.27
1012	16595.39
1013	16755.23
1014	16906.59
1015	17047.42
1016	17176.08
1017	17291.56
1018	17393.15
1019	17480.15
1020	17551.86
1021	17607.59
1022	17646.91
1023	17670.73
1024	17682.57
1025	17687.31
1026	17690.09
1027	17696.03
1028	17710.25
1029	17737.67
1030	17781.35
1031	17840.06
1032	17909.59
1033	17985.07
1034	18061.59
1035	18134.25
1036	18198.22
1037	18249.62
1038	18287.25
1039	18312.26
1040	18326.48
1041	18331.78
1042	18330.02
1043	18323.10
1044	18313.58
1045	18306.21
1046	18308.16
1047	18327.43
1048	18372.06
1049	18450.13
1050	18569.66
1051	18737.77
1052	18958.02
1053	19229.09
1054	19547.75
1055	19910.57
1056	20314.07
1057	20754.78
1058	21228.52
1059	21727.83
1060	22239.94
1061	22749.65
1062	23241.42
1063	23699.67
1064	24108.91
1065	24455.07
1066	24732.14
1067	24949.26
1068	25123.46
1069	25273.15
1070	25416.84
1071	25572.94
1072	25758.72
1073	25983.92
1074	26242.23
1075	26517.86
1076	26793.08
1077	27050.12
1078	27271.20
1079	27439.06
1080	27540.23
1081	27570.08
1082	27529.88
1083	27422.19
1084	27249.63
1085	27014.84
1086	26720.44
1087	26369.07
1088	25963.31
1089	25505.78
1090	24999.06
1091	24445.76
1092	23848.47
1093	23210.04
1094	22535.42
1095	21835.23
1096	21124.56
1097	20419.57
1098	19736.54
1099	19091.71
1100	18500.96
1101	17976.52
1102	17520.59
1103	17127.11
1104	16787.82
1105	16494.32
1106	16238.23
1107	16011.25
1108	15806.39
1109	15620.23
1110	15452.37
1111	15303.21
1112	15173.25
1113	15062.93
1114	14972.55
1115	14900.52
1116	14839.98
1117	14779.56
1118	14706.68
1119	14608.66
1120	14472.85
1121	14286.97
1122	14042.46
1123	13741.16
1124	13393.58
1125	13012.58
1126	12611.18
1127	12202.38
1128	11798.98
1129	11411.85
1130	11046.70
1131	10705.04
1132	10387.30
1133	10093.83
1134	9825.02
1135	9581.20
1136	9362.62
1137	9169.20
1138	9000.68
1139	8856.70
1140	8736.92
1141	8641.01
1142	8568.44
1143	8517.54
1144	8483.72
1145	8460.38
1146	8440.48
1147	8416.94
1148	8382.70
1149	8331.14
1150	8258.54
1151	8167.70
1152	8065.52
1153	7959.71
1154	7858.06
1155	7768.31
1156	7697.78
1157	7651.05
1158	7627.35
1159	7622.88
1160	7633.32
1161	7654.32
1162	7681.52
1163	7710.77
1164	7738.81
1165	7764.02
1166	7785.55
1167	7802.70
1168	7814.73
1169	7820.93
1170	7820.73
1171	7814.03
1172	7801.52
1173	7784.21
1174	7763.13
1175	7739.33
1176	7713.85
1177	7687.75
1178	7662.12
1179	7638.07
1180	7616.74
1181	7599.27
1182	7586.80
1183	7580.46
1184	7581.22
1185	7589.56
1186	7605.52
1187	7628.98
1188	7659.80
1189	7697.85
1190	7742.93
1191	7794.20
1192	7849.17
1193	7904.08
1194	7954.87
1195	7997.42
1196	8027.67
1197	8041.85
1198	8038.25
1199	8019.54
1200	7990.96
1201	7958.25
1202	7927.21
1203	7903.57
1204	7892.61
1205	7897.18
1206	7916.19
1207	7946.73
1208	7985.65
1209	8029.75
1210	8075.90
1211	8121.39
1212	8165.22
1213	8208.44
1214	8252.84
1215	8300.28
1216	8352.63
1217	8411.74
1218	8479.20
1219	8555.90
1220	8642.12
1221	8737.95
1222	8843.47
1223	8958.79
1224	9083.92
1225	9218.48
1226	9361.14
1227	9510.06
1228	9663.23
1229	9818.68
1230	9974.43
1231	10128.91
1232	10282.35
1233	10437.84
1234	10599.71
1235	10772.46
1236	10960.62
1237	11168.65
1238	11400.59
1239	11658.91
1240	11944.45
1241	12257.53
1242	12598.45
1243	12967.47
1244	13364.90
1245	13791.35
1246	14248.05
1247	14736.74
1248	15259.23
1249	15817.36
1250	16412.90
1251	17046.65
1252	17714.53
1253	18404.46
1254	19100.66
1255	19786.78
1256	20446.48
1257	21063.57
1258	21624.34
1259	22123.21
1260	22563.08
1261	22949.58
1262	23288.59
1263	23585.93
1264	23847.01
1265	24073.92
1266	24261.29
1267	24398.97
1268	24475.76
1269	24480.40
1270	24401.77
1271	24231.19
1272	23970.38
1273	23636.06
1274	23251.08
1275	22839.08
1276	22423.69
1277	22028.17
1278	21671.72
1279	21362.21
1280	21097.84
1281	20874.25
1282	20686.91
1283	20531.32
1284	20404.10
1285	20307.69
1286	20254.94
1287	20263.91
1288	20353.51
1289	20542.65
1290	20849.86
1291	21288.36
1292	21854.22
1293	22526.05
1294	23276.96
1295	24079.62
1296	24906.69
1297	25730.82
1298	26524.59
1299	27260.45
1300	27910.76
1301	28447.87
1302	28844.16
1303	29072.32
1304	29110.23
1305	28953.88
1306	28619.50
1307	28130.20
1308	27509.72
1309	26781.80
1310	25970.11
1311	25097.65
1312	24186.05
1313	23256.15
1314	22328.64
1315	21424.15
1316	20563.13
1317	19762.82
1318	19029.18
1319	18355.43
1320	17730.48
1321	17142.81
1322	16580.94
1323	16033.78
1324	15492.79
1325	14954.71
1326	14419.26
1327	13886.76
1328	13357.53
1329	12831.97
1330	12311.35
1331	11799.76
1332	11304.25
1333	10832.81
1334	10393.50
1335	9994.36
1336	9642.72
1337	9342.04
1338	9088.64
1339	8875.28
1340	8694.06
1341	8537.08
1342	8396.53
1343	8265.70
1344	8141.03
1345	8021.71
1346	7907.71
1347	7799.05
1348	7695.74
1349	7597.75
1350	7504.74
1351	7416.02
1352	7330.68
1353	7247.83
1354	7166.55
1355	7086.09
1356	7006.78
1357	6931.59
1358	6865.23
1359	6812.82
1360	6779.48
1361	6770.22
1362	6788.11
1363	6829.59
1364	6883.75
1365	6937.25
1366	6976.49
1367	6987.95
1368	6959.30
1369	6884.35
1370	6767.77
1371	6619.47
1372	6450.20
1373	6270.76
1374	6091.71
1375	5921.78
1376	5764.95
1377	5621.68
1378	5491.57
1379	5374.18
1380	5269.05
1381	5175.64
1382	5093.05
1383	5020.02
1384	4955.13
1385	4896.96
1386	4844.12
1387	4795.48
1388	4751.41
1389	4714.74
1390	4689.50
1391	4679.89
1392	4690.10
1393	4724.08
1394	4783.82
1395	4866.71
1396	4967.07
1397	5078.52
1398	5194.64
1399	5309.10
1400	5416.64
1401	5515.22
1402	5605.94
1403	5690.83
1404	5772.02
1405	5851.61
1406	5931.86
1407	6015.64
1408	6106.55
1409	6208.55
1410	6325.60
1411	6461.68
1412	6620.65
1413	6805.84
1414	7019.60
1415	7263.79
1416	7540.17
1417	7850.53
1418	8196.74
1419	8581.56
1420	9009.76
1421	9487.43
1422	10020.98
1423	10616.83
1424	11281.58
1425	12023.56
1426	12856.15
1427	13797.13
1428	14865.49
1429	16080.28
1430	17459.96
1431	19014.48
1432	20723.99
1433	22535.47
1434	24384.77
1435	26206.66
1436	27936.16
1437	29512.54
1438	30893.15
1439	32060.43
1440	33006.93
1441	33726.41
1442	34212.80
1443	34462.16
1444	34481.34
1445	34295.46
1446	33938.33
1447	33445.06
1448	32850.82
1449	32189.95
1450	31492.04
1451	30777.09
1452	30059.80
1453	29353.86
1454	28672.91
1455	28029.43
1456	27428.03
1457	26855.19
1458	26285.72
1459	25691.93
1460	25046.02
1461	24321.37
1462	23501.20
1463	22593.81
1464	21625.99
1465	20629.02
1466	19634.39
1467	18672.93
1468	17768.87
1469	16928.05
1470	16141.15
1471	15394.81
1472	14675.39
1473	13969.61
1474	13267.75
1475	12570.79
1476	11889.37
1477	11236.90
1478	10626.98
1479	10072.95
1480	9584.79
1481	9161.99
1482	8793.87
1483	8466.63
1484	8166.27
1485	7878.95
1486	7593.05
1487	7304.29
1488	7015.81
1489	6733.07
1490	6461.74
1491	6207.40
1492	5974.56
1493	5764.13
1494	5573.30
1495	5398.06
1496	5234.30
1497	5077.98
1498	4925.85
1499	4777.41
1500	4634.95
1501	4501.72
1502	4381.01
1503	4276.04
1504	4189.07
1505	4119.20
1506	4062.26
1507	4013.07
1508	3966.37
1509	3916.98
1510	3860.73
1511	3796.62
1512	3726.83
1513	3654.45
1514	3582.67
1515	3514.64
1516	3453.07
1517	3399.41
1518	3353.93
1519	3316.58
1520	3287.25
1521	3265.78
1522	3251.38
1523	3241.47
1524	3231.93
1525	3218.27
1526	3195.96
1527	3160.68
1528	3109.88
1529	3045.68
1530	2973.67
1531	2900.29
1532	2832.05
1533	2775.12
1534	2733.25
1535	2704.60
1536	2683.60
1537	2663.86
1538	2638.97
1539	2603.01
1540	2553.08
1541	2492.51
1542	2428.16
1543	2367.61
1544	2318.40
1545	2287.37
1546	2277.63
1547	2285.70
1548	2304.94
1549	2328.17
1550	2348.25
1551	2358.71
1552	2356.19
1553	2341.72
1554	2318.19
1555	2288.71
1556	2256.40
1557	2224.14
1558	2194.01
1559	2167.14
1560	2144.34
1561	2126.39
1562	2114.02
1563	2107.68
1564	2106.87
1565	2110.29
1566	2116.35
1567	2123.50
1568	2130.17
1569	2135.14
1570	2137.90
1571	2138.49
1572	2137.05
1573	2133.71
1574	2128.60
1575	2121.57
1576	2112.06
1577	2099.24
1578	2082.27
1579	2060.30
1580	2033.03
1581	2002.38
1582	1973.43
1583	1952.59
1584	1946.42
1585	1961.31
1586	2001.55
1587	2064.46
1588	2140.26
1589	2216.94
1590	2282.29
1591	2324.64
1592	2336.55
1593	2321.09
1594	2288.88
1595	2252.36
1596	2223.98
1597	2215.27
1598	2232.45
1599	2272.28
1600	2326.71
1601	2386.93
1602	2444.13
1603	2490.75
1604	2523.77
1605	2545.84
1606	2561.63
1607	2576.01
1608	2593.83
1609	2619.34
1610	2655.30
1611	2703.22
1612	2764.28
1613	2839.66
1614	2930.41
1615	3036.92
1616	3158.39
1617	3293.35
1618	3440.23
1619	3597.48
1620	3764.06
1621	3940.75
1622	4130.55
1623	4337.26
1624	4564.75
1625	4816.79
1626	5096.37
1627	5404.45
1628	5740.50
1629	6103.60
1630	6492.86
1631	6908.03
1632	7351.92
1633	7832.43
1634	8359.76
1635	8944.45
1636	9597.10
1637	10328.67
1638	11151.18
1639	12077.74
1640	13121.76
1641	14296.66
1642	15615.23
1643	17086.54
1644	18712.08
1645	20489.17
1646	22414.29
1647	24483.34
1648	26683.96
1649	28973.96
1650	31276.63
1651	33503.28
1652	35564.10
1653	37370.25
1654	38839.83
1655	39906.70
1656	40514.70
1657	40609.81
1658	40139.07
1659	39065.45
1660	37413.64
1661	35286.59
1662	32816.27
1663	30137.74
1664	27383.60
1665	24667.49
1666	22058.48
1667	19596.05
1668	17313.08
1669	15241.86
1670	13409.93
1671	11826.48
1672	10477.46
1673	9340.10
1674	8390.75
1675	7605.66
1676	6961.01
1677	6432.77
1678	5996.76
1679	5628.78
1680	5304.83
1681	5003.74
1682	4714.64
1683	4438.61
1684	4180.89
1685	3947.10
1686	3742.45
1687	3569.64
1688	3426.26
1689	3307.01
1690	3206.07
1691	3117.63
1692	3036.70
1693	2960.72
1694	2889.57
1695	2823.81
1696	2764.10
1697	2711.16
1698	2666.05
1699	2630.45
1700	2606.29
1701	2595.55
1702	2600.02
1703	2620.06
1704	2652.20
1705	2690.20
1706	2727.13
1707	2756.08
1708	2771.29
1709	2771.37
1710	2760.15
1711	2743.40
1712	2727.06
1713	2717.00
1714	2718.57
1715	2736.18
1716	2773.70
1717	2834.93
1718	2923.44
1719	3040.96
1720	3184.08
1721	3345.22
1722	3515.69
1723	3686.85
1724	3852.02
1725	4011.92
1726	4176.50
1727	4359.10
1728	4573.35
1729	4831.62
1730	5139.24
1731	5488.69
1732	5865.90
1733	6255.70
1734	6643.25
1735	7016.85
1736	7372.74
1737	7712.90
1738	8040.71
1739	8359.42
1740	8669.65
1741	8963.30
1742	9223.19
1743	9429.24
1744	9561.25
1745	9601.45
1746	9542.73
1747	9393.40
1748	9168.14
1749	8882.46
1750	8551.25
1751	8185.70
1752	7789.76
1753	7363.52
1754	6906.34
1755	6418.10
1756	5902.84
1757	5374.96
1758	4856.21
1759	4370.10
1760	3939.70
1761	3582.72
1762	3300.35
1763	3078.50
1764	2898.58
1765	2741.82
1766	2591.85
1767	2441.18
1768	2292.81
1769	2153.48
1770	2030.25
1771	1929.13
1772	1851.49
1773	1791.81
1774	1741.67
1775	1692.31
1776	1635.83
1777	1569.00
1778	1496.98
1779	1429.10
1780	1375.35
1781	1345.03
1782	1342.96
1783	1364.50
1784	1399.48
1785	1436.68
1786	1465.21
1787	1477.42
1788	1473.27
1789	1457.90
1790	1437.65
1791	1418.72
1792	1405.83
1793	1399.67
1794	1397.88
1795	1397.28
1796	1394.73
1797	1387.81
1798	1376.20
1799	1361.38
1800	1345.34
1801	1330.07
1802	1317.34
1803	1308.16
1804	1302.84
1805	1301.46
1806	1304.10
1807	1310.60
1808	1320.12
1809	1331.13
1810	1341.87
1811	1350.61
1812	1356.06
1813	1358.46
1814	1359.67
1815	1362.06
1816	1367.98
1817	1379.02
1818	1394.12
1819	1409.31
1820	1419.72
1821	1420.45
1822	1407.81
1823	1382.19
1824	1348.40
1825	1312.66
1826	1281.26
1827	1259.23
1828	1247.43
1829	1242.36
1830	1239.05
1831	1232.55
1832	1218.93
1833	1197.71
1834	1171.84
1835	1145.39
1836	1122.40
1837	1106.02
1838	1096.64
1839	1092.05
1840	1089.25
1841	1085.29
1842	1078.26
1843	1069.18
1844	1061.59
1845	1059.72
1846	1067.66
1847	1087.93
1848	1118.83
1849	1155.46
1850	1192.09
1851	1223.15
1852	1244.33
1853	1254.35
1854	1253.99
1855	1244.45
1856	1227.11
1857	1203.97
1858	1178.42
1859	1154.61
1860	1136.85
1861	1128.99
1862	1132.41
1863	1144.16
1864	1159.16
1865	1172.03
1866	1177.72
1867	1172.94
1868	1156.87
1869	1129.75
1870	1092.02
1871	1045.25
1872	995.13
1873	952.12
1874	928.37
1875	935.73
1876	981.56
1877	1059.52
1878	1150.91
1879	1233.43
1880	1285.46
1881	1292.23
1882	1255.82
1883	1190.01
1884	1111.25
1885	1035.42
1886	974.37
1887	932.22
1888	909.03
1889	904.10
1890	916.31
1891	942.88
1892	978.63
1893	1017.42
1894	1053.07
1895	1080.30
1896	1096.77
1897	1103.11
1898	1100.90
1899	1091.82
1900	1077.89
1901	1061.98
1902	1047.51
1903	1038.05
1904	1036.69
1905	1044.15
1906	1056.90
1907	1069.26
1908	1075.33
1909	1070.51
1910	1055.11
1911	1035.41
1912	1019.79
1913	1016.55
1914	1031.31
1915	1062.55
1916	1103.09
1917	1144.32
1918	1177.91
1919	1197.36
1920	1199.65
1921	1183.49
1922	1148.02
1923	1093.80
1924	1026.56
1925	958.11
1926	902.35
1927	872.75
1928	877.88
1929	913.97
1930	968.44
1931	1026.68
1932	1075.17
1933	1105.97
1934	1120.01
1935	1122.17
1936	1117.84
1937	1111.87
1938	1107.32
1939	1105.58
1940	1107.57
1941	1114.01
1942	1124.72
1943	1137.72
1944	1150.09
1945	1158.80
1946	1161.37
1947	1157.39
1948	1148.73
1949	1138.00
1950	1127.84
1951	1120.35
1952	1116.53
1953	1116.70
1954	1121.01
1955	1129.01
1956	1138.11
1957	1143.10
1958	1137.87
1959	1116.75
1960	1077.91
1961	1028.14
1962	979.66
1963	945.73
1964	937.57
1965	958.69
1966	1003.33
1967	1062.46
1968	1126.76
1969	1187.48
1970	1237.07
1971	1268.71
1972	1275.90
1973	1254.26
1974	1206.88
1975	1144.93
1976	1082.26
1977	1032.11
1978	1002.98
1979	994.34
1980	1000.83
1981	1016.32
1982	1035.41
1983	1055.01
1984	1074.13
1985	1092.36
1986	1109.22
1987	1123.54
1988	1133.19
1989	1135.56
1990	1128.22
1991	1110.42
1992	1085.50
1993	1059.60
1994	1039.42
1995	1030.38
1996	1033.22
1997	1043.38
1998	1054.55
1999	1060.82
2000	1059.30
2001	1052.46
2002	1045.45
2003	1043.63
2004	1050.79
2005	1066.53
2006	1087.33
2007	1108.96
2008	1127.68
2009	1141.75
2010	1151.68
2011	1158.78
2012	1164.11
2013	1167.19
2014	1164.94
2015	1153.07
2016	1127.50
2017	1087.17
2018	1038.05
2019	990.84
2020	957.00
2021	945.04
2022	954.17
2023	974.79
2024	994.76
2025	1003.42
2026	996.76
2027	979.50
2028	959.75
2029	945.41
2030	941.53
2031	948.00
2032	962.17
2033	980.92
2034	1000.86
2035	1017.97
2036	1027.86
2037	1026.22
2038	1010.63
2039	983.88
2040	953.17
2041	926.79
2042	912.29
2043	914.26
2044	934.23
2045	972.62
2046	1028.31
2047	1094.27
2048	1155.63
2049	1194.61
2050	1195.90
2051	1157.38
2052	1098.28
2053	1047.34
2054	1031.94
2055	1063.85
2056	1125.13
2057	1182.40
2058	1201.98
2059	1166.46
2060	1093.89
2061	1023.63
2062	997.30
2063	1040.12
2064	1137.46
2065	1247.39
2066	1323.28
2067	1332.25
2068	1278.10
2069	1192.63
2070	1113.80
2071	1071.21
2072	1070.01
2073	1095.08
2074	1126.14
2075	1146.29
2076	1149.54
2077	1139.51
2078	1122.57
2079	1105.37
2080	1094.79
2081	1097.94
2082	1121.64
2083	1168.23
2084	1226.41
2085	1272.06
2086	1277.99
2087	1225.55
2088	1122.94
2089	1003.50
2090	907.19
2091	865.39
2092	882.17
2093	936.69
2094	1001.40
2095	1053.53
2096	1085.55
2097	1103.23
2098	1115.78
2099	1130.36
2100	1147.81
2101	1163.88
2102	1173.17
2103	1171.91
2104	1160.58
2105	1142.87
2106	1123.15
2107	1105.22
2108	1091.43
2109	1083.21
2110	1081.61
2111	1086.54
2112	1095.65
2113	1105.24
2114	1111.81
2115	1113.90
2116	1113.90
2117	1116.01
2118	1123.76
2119	1136.04
2120	1144.80
2121	1139.19
2122	1111.17
2123	1064.87
2124	1019.44
2125	998.95
2126	1020.98
2127	1080.68
2128	1151.15
2129	1200.05
2130	1205.85
2131	1176.82
2132	1143.96
2133	1141.38
2134	1186.77
2135	1262.58
2136	1330.74
2137	1353.83
2138	1317.00
2139	1242.16
2140	1167.41
2141	1127.51
2142	1135.96
2143	1181.10
2144	1242.54
2145	1300.67
2146	1340.54
2147	1351.20
2148	1324.04
2149	1258.70
2150	1172.11
2151	1091.23
2152	1041.77
2153	1034.95
2154	1060.34
2155	1098.60
2156	1131.88
2157	1150.97
2158	1155.31
2159	1146.92
2160	1127.67
2161	1098.60
2162	1060.27
2163	1013.86
2164	964.10
2165	921.12
2166	897.05
2167	900.93
2168	930.99
2169	975.19
2170	1019.02
2171	1051.62
2172	1070.27
2173	1076.99
2174	1074.20
2175	1062.05
2176	1037.83
2177	998.11
2178	942.93
2179	881.68
2180	830.64
2181	806.08
2182	815.98
2183	854.92
2184	911.55
2185	974.24
2186	1032.93
2187	1079.12
2188	1105.36
2189	1107.84
2190	1089.15
2191	1055.10
2192	1012.12
2193	966.94
2194	926.59
2195	897.66
2196	883.98
2197	884.33
2198	894.85
2199	911.38
2200	930.14
2201	947.71
2202	961.01
2203	968.05
2204	968.78
2205	964.02
2206	954.30
2207	938.81
2208	915.65
2209	883.63
2210	846.35
2211	814.66
2212	801.88
2213	816.01
2214	850.79
2215	889.91
2216	917.35
2217	927.15
2218	925.63
2219	922.56
2220	922.29
2221	917.59
2222	895.53
2223	848.49
2224	787.81
2225	741.23
2226	735.68
2227	775.59
2228	833.68
2229	872.79
2230	872.23
2231	849.21
2232	841.92
2233	880.59
2234	959.36
2235	1040.71
2236	1083.61
2237	1068.23
2238	1003.33
2239	908.75
2240	806.50
2241	720.32
2242	673.65
2243	680.48
2244	730.55
2245	796.39
2246	850.51
2247	878.96
2248	881.66
2249	863.74
2250	834.53
2251	808.46
2252	800.42
2253	816.87
2254	848.72
2255	879.57
2256	894.79
2257	886.61
2258	852.37
2259	796.86
2260	742.67
2261	725.55
2262	771.08
2263	860.39
2264	930.93
2265	921.55
2266	827.05
2267	710.78
2268	649.05
2269	669.25
2270	725.15
2271	748.11
2272	705.01
2273	628.06
2274	575.09
2275	581.53
2276	632.37
2277	688.78
2278	722.65
2279	736.96
2280	751.42
2281	781.06
2282	823.22
2283	864.61
2284	892.77
2285	902.34
2286	892.77
2287	865.39
2288	823.59
2289	772.50
2290	720.43
2291	682.62
2292	677.74
2293	715.36
2294	780.51
2295	842.55
2296	875.48
2297	873.06
2298	842.97
2299	800.06
2300	768.72
2301	776.31
2302	831.91
2303	903.36
2304	938.42
2305	905.47
2306	822.29
2307	731.01
2308	665.86
2309	638.96
2310	649.47
2311	685.31
2312	720.12
2313	726.57
2314	697.67
2315	653.69
2316	621.99
2317	619.45
2318	650.04
2319	709.52
2320	781.36
2321	839.69
2322	864.69
2323	858.20
2324	836.31
2325	812.74
2326	789.66
2327	763.48
2328	732.42
2329	699.33
2330	669.47
2331	649.94
2332	649.30
2333	673.48
2334	719.45
2335	776.46
2336	830.01
2337	861.91
2338	854.79
2339	804.65
2340	728.30
2341	650.89
2342	596.40
2343	584.87
2344	623.03
2345	687.54
2346	739.45
2347	760.04
2348	770.97
2349	801.58
2350	845.73
2351	860.26
2352	814.47
2353	735.71
2354	681.69
2355	679.80
2356	701.05
2357	702.65
2358	669.57
2359	614.93
2360	565.17
2361	556.65
2362	615.62
2363	715.72
2364	779.33
2365	756.67
2366	697.23
2367	690.73
2368	758.33
2369	827.69
2370	830.18
2371	784.02
2372	753.58
2373	766.08
2374	788.55
2375	781.53
2376	741.15
2377	686.88
2378	639.90
2379	616.25
2380	623.08
2381	651.96
2382	685.77
2383	706.51
2384	700.01
2385	668.71
2386	642.61
2387	654.79
2388	711.06
2389	788.70
2390	838.24
2391	792.02
2392	635.37
2393	480.51
2394	461.87
2395	565.94
2396	654.93
2397	652.00
2398	616.99
2399	622.51
2400	653.85
2401	662.61
2402	651.28
2403	663.63
2404	715.46
2405	774.26
2406	804.00
2407	794.39
2408	755.84
2409	717.71
2410	706.69
2411	710.18
2412	690.81
2413	645.38
2414	614.60
2415	623.34
2416	651.03
2417	676.66
2418	712.78
2419	768.81
2420	807.21
2421	784.99
2422	724.80
2423	686.35
2424	685.27
2425	691.19
2426	680.31
2427	653.54
2428	629.81
2429	633.79
2430	662.73
2431	680.15
2432	670.28
2433	663.22
2434	686.19
2435	732.38
2436	779.83
2437	805.63
2438	789.91
2439	725.24
2440	644.90
2441	624.71
2442	677.80
2443	708.48
2444	671.78
2445	651.74
2446	706.97
2447	790.35
2448	835.29
2449	811.35
2450	750.49
