150	3644.82
151	3640.63
152	3631.35
153	3616.38
154	3596.24
155	3572.68
156	3547.84
157	3523.90
158	3503.05
159	3487.48
160	3479.39
161	3480.92
162	3493.72
163	3517.49
164	3549.55
165	3586.32
166	3624.15
167	3659.37
168	3688.33
169	3707.37
170	3712.87
171	3701.96
172	3674.70
173	3634.71
174	3586.97
175	3536.58
176	3488.66
177	3448.32
178	3420.67
179	3410.78
180	3422.83
181	3457.69
182	3512.15
183	3581.51
184	3660.92
185	3745.52
186	3830.44
187	3910.83
188	3981.87
189	4039.41
190	4081.81
191	4110.38
192	4127.49
193	4135.60
194	4137.19
195	4134.74
196	4130.72
197	4127.59
198	4127.40
199	4130.91
200	4137.35
201	4145.45
202	4153.88
203	4161.33
204	4166.47
205	4167.98
206	4164.58
207	4155.38
208	4140.85
209	4122.91
210	4103.89
211	4086.18
212	4072.17
213	4064.24
214	4064.78
215	4076.11
216	4099.84
217	4135.34
218	4179.91
219	4230.23
220	4282.94
221	4334.65
222	4382.01
223	4421.65
224	4450.28
225	4465.52
226	4467.40
227	4457.98
228	4439.90
229	4415.81
230	4388.35
231	4360.18
232	4333.96
233	4312.25
234	4297.01
235	4288.67
236	4286.51
237	4289.57
238	4296.88
239	4307.47
240	4320.34
241	4334.54
242	4349.11
243	4363.37
244	4377.14
245	4390.60
246	4403.98
247	4417.50
248	4431.40
249	4445.92
250	4461.28
251	4477.71
252	4495.42
253	4514.55
254	4535.21
255	4557.52
256	4581.59
257	4607.53
258	4635.45
259	4665.47
260	4697.63
261	4731.76
262	4767.30
263	4803.53
264	4839.74
265	4875.17
266	4909.10
267	4940.81
268	4969.55
269	4994.67
270	5015.75
271	5032.68
272	5045.45
273	5054.05
274	5058.49
275	5058.77
276	5054.88
277	5046.85
278	5034.83
279	5019.45
280	5001.75
281	4982.89
282	4964.05
283	4946.41
284	4931.12
285	4919.38
286	4912.29
287	4910.50
288	4913.55
289	4920.16
290	4928.89
291	4938.28
292	4946.88
293	4953.23
294	4955.87
295	4953.49
296	4945.47
297	4932.55
298	4916.19
299	4897.98
300	4879.49
301	4862.31
302	4848.04
303	4838.25
304	4834.28
305	4836.60
306	4844.35
307	4856.21
308	4870.76
309	4886.60
310	4902.32
311	4916.50
312	4927.77
313	4934.99
314	4937.88
315	4936.98
316	4933.07
317	4926.97
318	4919.47
319	4911.39
320	4903.54
321	4896.69
322	4891.47
323	4888.08
324	4886.45
325	4886.44
326	4887.91
327	4890.72
328	4894.72
329	4899.78
330	4905.80
331	4912.79
332	4921.04
333	4930.95
334	4942.91
335	4957.35
336	4974.68
337	4995.30
338	5019.62
339	5047.79
340	5079.08
341	5111.81
342	5143.94
343	5173.39
344	5198.12
345	5216.04
346	5225.10
347	5223.33
348	5209.62
349	5185.00
350	5152.08
351	5113.87
352	5073.38
353	5033.62
354	4997.62
355	4968.38
356	4948.61
357	4939.54
358	4939.84
359	4946.97
360	4958.19
361	4970.76
362	4981.93
363	4988.95
364	4989.13
365	4980.31
366	4962.21
367	4936.55
368	4905.71
369	4872.12
370	4838.22
371	4806.45
372	4779.22
373	4758.91
374	4747.31
375	4744.96
376	4751.56
377	4766.64
378	4789.73
379	4820.34
380	4858.01
381	4902.23
382	4952.42
383	5007.47
384	5065.55
385	5124.57
386	5182.37
387	5236.81
388	5285.74
389	5327.01
390	5358.54
391	5378.79
392	5387.77
393	5386.76
394	5377.38
395	5361.27
396	5340.05
397	5315.38
398	5288.88
399	5262.14
400	5236.39
401	5212.37
402	5190.51
403	5171.22
404	5154.92
405	5142.00
406	5132.87
407	5127.93
408	5127.41
409	5131.05
410	5138.14
411	5147.82
412	5159.20
413	5171.41
414	5183.59
415	5194.85
416	5204.40
417	5211.79
418	5217.27
419	5221.48
420	5225.10
421	5228.82
422	5233.33
423	5239.33
424	5247.48
425	5258.20
426	5271.11
427	5284.95
428	5298.24
429	5309.43
430	5317.02
431	5319.46
432	5315.25
433	5303.04
434	5282.43
435	5254.91
436	5222.96
437	5189.24
438	5156.42
439	5127.18
440	5104.17
441	5090.03
442	5086.84
443	5094.90
444	5112.77
445	5138.46
446	5169.95
447	5205.20
448	5242.17
449	5278.84
450	5313.26
451	5343.91
452	5370.08
453	5391.43
454	5407.70
455	5418.65
456	5424.00
457	5423.51
458	5416.95
459	5404.41
460	5386.96
461	5366.49
462	5345.15
463	5325.08
464	5308.44
465	5297.41
466	5294.10
467	5300.38
468	5316.71
469	5341.44
470	5371.95
471	5405.49
472	5439.33
473	5470.71
474	5496.90
475	5515.25
476	5524.10
477	5524.15
478	5517.83
479	5507.97
480	5497.45
481	5489.12
482	5485.85
483	5490.47
484	5505.24
485	5530.29
486	5563.16
487	5600.42
488	5638.57
489	5674.11
490	5703.51
491	5723.27
492	5730.19
493	5722.74
494	5702.72
495	5673.74
496	5639.74
497	5604.70
498	5572.57
499	5547.32
500	5532.81
501	5531.93
502	5544.78
503	5569.01
504	5601.58
505	5639.44
506	5679.51
507	5718.70
508	5753.97
509	5782.51
510	5802.57
511	5813.82
512	5816.51
513	5810.98
514	5797.54
515	5776.51
516	5748.23
517	5713.07
518	5671.87
519	5626.28
520	5578.48
521	5530.74
522	5485.32
523	5444.48
524	5410.50
525	5385.57
526	5371.25
527	5367.31
528	5371.93
529	5382.87
530	5397.89
531	5414.73
532	5431.12
533	5444.82
534	5453.80
535	5456.83
536	5453.71
537	5444.61
538	5429.74
539	5409.34
540	5383.60
541	5352.76
542	5317.08
543	5277.10
544	5233.85
545	5188.57
546	5142.58
547	5097.17
548	5053.64
549	5013.30
550	4977.42
551	4947.08
552	4922.86
553	4905.01
554	4893.73
555	4889.19
556	4891.56
557	4901.03
558	4917.73
559	4941.54
560	4971.41
561	5005.45
562	5041.52
563	5077.47
564	5111.12
565	5140.32
566	5162.94
567	5177.27
568	5183.30
569	5183.17
570	5179.82
571	5176.29
572	5175.62
573	5180.84
574	5194.97
575	5220.72
576	5259.25
577	5309.11
578	5367.65
579	5432.02
580	5499.40
581	5566.93
582	5631.77
583	5691.22
584	5743.44
585	5788.42
586	5827.20
587	5861.04
588	5891.19
589	5918.93
590	5945.53
591	5972.19
592	5999.75
593	6028.12
594	6056.47
595	6083.82
596	6109.18
597	6131.57
598	6150.00
599	6163.48
600	6171.25
601	6173.10
602	6169.33
603	6160.41
604	6146.81
605	6129.00
606	6107.45
607	6082.61
608	6054.90
609	6024.47
610	5991.23
611	5955.00
612	5915.62
613	5872.88
614	5826.62
615	5776.65
616	5722.97
617	5666.16
618	5607.58
619	5548.91
620	5491.83
621	5438.03
622	5389.22
623	5347.07
624	5313.04
625	5287.65
626	5269.95
627	5258.44
628	5251.51
629	5247.56
630	5244.98
631	5242.17
632	5237.60
633	5230.04
634	5218.80
635	5203.41
636	5183.46
637	5158.52
638	5128.17
639	5092.00
640	5049.74
641	5001.85
642	4950.21
643	4897.35
644	4845.92
645	4798.60
646	4758.05
647	4726.93
648	4707.69
649	4701.74
650	4708.35
651	4725.68
652	4751.68
653	4784.30
654	4821.48
655	4861.15
656	4901.29
657	4940.00
658	4975.65
659	5006.77
660	5031.94
661	5049.71
662	5058.66
663	5057.34
664	5044.57
665	5020.53
666	4988.34
667	4952.81
668	4919.10
669	4892.36
670	4877.75
671	4880.42
672	4905.12
673	4954.14
674	5024.57
675	5110.45
676	5205.24
677	5302.35
678	5395.21
679	5477.26
680	5542.38
681	5587.25
682	5614.30
683	5629.33
684	5638.75
685	5649.03
686	5666.63
687	5697.99
688	5749.12
689	5823.47
690	5919.28
691	6031.93
692	6156.24
693	6287.01
694	6419.03
695	6547.12
696	6666.41
697	6773.80
698	6869.61
699	6955.94
700	7035.24
701	7109.92
702	7182.45
703	7255.26
704	7330.66
705	7410.42
706	7495.23
707	7585.32
708	7680.80
709	7781.80
710	7888.43
711	8000.82
712	8118.82
713	8241.18
714	8364.82
715	8485.82
716	8600.16
717	8703.82
718	8792.75
719	8862.98
720	8911.06
721	8936.00
722	8940.31
723	8927.87
724	8902.75
725	8869.04
726	8830.80
727	8792.11
728	8756.46
729	8725.47
730	8698.30
731	8673.29
732	8648.68
733	8622.69
734	8593.55
735	8559.52
736	8519.15
737	8471.97
738	8418.50
739	8359.60
740	8296.15
741	8229.01
742	8159.08
743	8087.25
744	8014.53
745	7942.38
746	7872.54
747	7806.88
748	7747.25
749	7695.53
750	7653.57
751	7623.17
752	7605.58
753	7600.79
754	7607.90
755	7625.83
756	7653.47
757	7689.71
758	7733.45
759	7783.56
760	7838.74
761	7897.36
762	7957.61
763	8017.65
764	8075.64
765	8129.74
766	8178.10
767	8219.03
768	8251.46
769	8275.27
770	8290.78
771	8298.36
772	8298.40
773	8291.26
774	8277.34
775	8257.07
776	8231.13
777	8200.47
778	8166.13
779	8129.17
780	8090.64
781	8051.59
782	8013.10
783	7976.57
784	7944.25
785	7919.13
786	7904.45
787	7903.41
788	7919.25
789	7955.18
790	8014.25
791	8098.25
792	8206.24
793	8335.53
794	8483.11
795	8645.91
796	8820.89
797	9004.99
798	9195.31
799	9389.47
800	9586.04
801	9784.01
802	9982.43
803	10180.35
804	10376.82
805	10570.94
806	10762.19
807	10951.61
808	11141.89
809	11336.34
810	11538.28
811	11751.07
812	11978.04
813	12222.55
814	12487.87
815	12777.17
816	13093.52
817	13439.98
818	13819.58
819	14235.37
820	14690.38
821	15187.05
822	15724.73
823	16297.04
824	16894.70
825	17507.89
826	18126.80
827	18741.62
828	19342.58
829	19920.80
830	20470.69
831	20990.62
832	21480.39
833	21939.90
834	22369.11
835	22767.95
836	23136.26
837	23473.32
838	23776.78
839	24043.09
840	24268.42
841	24448.90
842	24580.69
843	24659.94
844	24683.72
845	24653.57
846	24578.74
847	24472.21
848	24347.58
849	24218.44
850	24098.39
851	24000.89
852	23937.41
853	23912.80
854	23924.92
855	23969.41
856	24041.73
857	24137.31
858	24251.58
859	24380.00
860	24518.21
861	24662.21
862	24808.20
863	24952.45
864	25091.25
865	25220.86
866	25337.55
867	25437.79
868	25518.69
869	25578.28
870	25614.93
871	25627.08
872	25613.13
873	25571.51
874	25500.75
875	25400.29
876	25271.94
877	25119.27
878	24946.30
879	24757.05
880	24555.57
881	24345.89
882	24131.77
883	23915.87
884	23699.09
885	23481.57
886	23263.37
887	23044.52
888	22825.07
889	22605.15
890	22385.93
891	22171.34
892	21967.69
893	21781.87
894	21620.84
895	21491.54
896	21400.88
897	21354.85
898	21354.97
899	21395.54
900	21467.59
901	21561.63
902	21668.15
903	21777.67
904	21880.84
905	21969.85
906	22041.16
907	22094.87
908	22132.04
909	22153.79
910	22161.25
911	22155.54
912	22137.53
913	22106.97
914	22061.79
915	21999.14
916	21916.06
917	21809.59
918	21676.75
919	21514.87
920	21323.60
921	21108.93
922	20881.73
923	20654.17
924	20438.44
925	20246.77
926	20091.29
927	19982.46
928	19923.79
929	19908.96
930	19927.77
931	19969.50
932	20023.41
933	20078.79
934	20125.31
935	20155.46
936	20168.33
937	20167.36
938	20156.98
939	20141.66
940	20125.87
941	20114.02
942	20109.86
943	20114.73
944	20127.23
945	20145.00
946	20165.64
947	20186.70
948	20205.78
949	20220.70
950	20230.67
951	20237.55
952	20244.52
953	20255.01
954	20272.47
955	20300.35
956	20342.00
957	20400.04
958	20474.94
959	20565.38
960	20669.56
961	20785.65
962	20911.80
963	21046.15
964	21186.09
965	21326.04
966	21456.43
967	21566.09
968	21643.69
969	21677.88
970	21657.32
971	21571.31
972	21412.96
973	21183.21
974	20887.56
975	20532.37
976	20124.04
977	19668.97
978	19173.68
979	18645.70
980	18095.64
981	17536.77
982	16983.09
983	16448.67
984	15947.57
985	15493.76
986	15099.46
987	14770.00
988	14501.57
989	14286.89
990	14118.28
991	13988.04
992	13888.48
993	13812.22
994	13753.55
995	13709.97
996	13680.64
997	13665.04
998	13662.68
999	13673.02
1000	13695.59
1001	13730.08
1002	13776.69
1003	13835.95
1004	13908.51
1005	13995.00
1006	14096.06
1007	14212.30
1008	14343.82
1009	14489.04
1010	14644.67
1011	14806.82
1012	14971.58
1013	15135.01
1014	15293.21
1015	15442.44
1016	15579.68
1017	15703.00
1018	15810.89
1019	15901.92
1020	15974.63
1021	16027.59
1022	16059.67
1023	16071.44
1024	16066.67
1025	16050.86
1026	16029.80
1027	16009.29
1028	15995.12
1029	15992.89
1030	16006.62
1031	16036.62
1032	16080.64
1033	16135.84
1034	16199.37
1035	16268.36
1036	16339.96
1037	16411.42
1038	16480.23
1039	16544.14
1040	16600.96
1041	16648.49
1042	16684.54
1043	16707.02
1044	16715.24
1045	16713.38
1046	16710.95
1047	16719.25
1048	16749.75
1049	16813.94
1050	16923.21
1051	17087.53
1052	17311.03
1053	17589.94
1054	17917.39
1055	18286.14
1056	18688.95
1057	19118.55
1058	19567.55
1059	20027.89
1060	20490.42
1061	20945.51
1062	21383.46
1063	21794.56
1064	22169.14
1065	22498.43
1066	22778.69
1067	23015.62
1068	23219.88
1069	23402.98
1070	23576.48
1071	23751.88
1072	23939.91
1073	24146.05
1074	24364.73
1075	24583.79
1076	24789.74
1077	24969.06
1078	25108.24
1079	25194.26
1080	25217.85
1081	25178.43
1082	25081.24
1083	24932.77
1084	24739.60
1085	24508.31
1086	24245.29
1087	23955.63
1088	23641.06
1089	23300.89
1090	22933.84
1091	22538.58
1092	22113.81
1093	21658.46
1094	21173.58
1095	20665.84
1096	20146.35
1097	19627.33
1098	19121.09
1099	18639.92
1100	18195.79
1101	17797.87
1102	17447.43
1103	17139.25
1104	16866.42
1105	16621.90
1106	16398.66
1107	16189.73
1108	15988.90
1109	15792.06
1110	15596.86
1111	15401.44
1112	15203.97
1113	15002.62
1114	14795.59
1115	14581.23
1116	14358.41
1117	14126.40
1118	13884.61
1119	13632.42
1120	13369.24
1121	13094.51
1122	12808.08
1123	12510.88
1124	12204.78
1125	11891.89
1126	11574.35
1127	11254.28
1128	10933.85
1129	10615.53
1130	10302.62
1131	9999.08
1132	9709.04
1133	9436.67
1134	9186.10
1135	8961.32
1136	8765.00
1137	8596.39
1138	8452.16
1139	8328.34
1140	8220.93
1141	8125.91
1142	8039.45
1143	7958.78
1144	7883.87
1145	7816.53
1146	7759.03
1147	7713.65
1148	7682.65
1149	7668.06
1150	7670.17
1151	7685.45
1152	7707.98
1153	7731.33
1154	7749.04
1155	7754.68
1156	7742.39
1157	7709.62
1158	7660.50
1159	7602.84
1160	7545.12
1161	7495.88
1162	7463.59
1163	7455.85
1164	7475.69
1165	7518.21
1166	7574.68
1167	7635.74
1168	7692.02
1169	7734.19
1170	7754.03
1171	7748.12
1172	7720.16
1173	7676.78
1174	7625.01
1175	7571.92
1176	7524.50
1177	7488.90
1178	7468.10
1179	7461.28
1180	7466.21
1181	7480.53
1182	7501.88
1183	7527.90
1184	7556.62
1185	7587.07
1186	7619.37
1187	7653.91
1188	7691.12
1189	7731.44
1190	7775.23
1191	7822.36
1192	7871.38
1193	7919.83
1194	7964.97
1195	8004.09
1196	8034.44
1197	8053.53
1198	8060.26
1199	8056.52
1200	8045.97
1201	8032.63
1202	8020.52
1203	8013.66
1204	8015.83
1205	8029.55
1206	8055.37
1207	8092.89
1208	8141.59
1209	8200.93
1210	8270.37
1211	8349.11
1212	8435.44
1213	8526.52
1214	8619.12
1215	8709.96
1216	8795.77
1217	8873.38
1218	8940.83
1219	8999.53
1220	9053.88
1221	9109.12
1222	9170.52
1223	9243.34
1224	9332.59
1225	9441.46
1226	9569.11
1227	9712.30
1228	9867.26
1229	10030.19
1230	10197.32
1231	10365.39
1232	10533.48
1233	10704.32
1234	10882.26
1235	11071.88
1236	11277.76
1237	11504.48
1238	11756.47
1239	12037.77
1240	12351.93
1241	12702.37
1242	13092.51
1243	13525.73
1244	14005.33
1245	14533.61
1246	15110.56
1247	15734.57
1248	16403.63
1249	17115.73
1250	17868.82
1251	18660.04
1252	19482.62
1253	20323.34
1254	21166.02
1255	21994.00
1256	22790.62
1257	23539.39
1258	24225.88
1259	24842.65
1260	25389.48
1261	25868.46
1262	26281.90
1263	26632.09
1264	26921.13
1265	27149.66
1266	27314.99
1267	27412.34
1268	27436.44
1269	27382.00
1270	27243.84
1271	27018.27
1272	26708.25
1273	26326.21
1274	25888.46
1275	25411.80
1276	24913.07
1277	24408.96
1278	23914.76
1279	23441.90
1280	22998.52
1281	22591.85
1282	22229.08
1283	21917.39
1284	21663.89
1285	21475.32
1286	21357.76
1287	21316.95
1288	21358.59
1289	21488.37
1290	21711.80
1291	22032.15
1292	22445.41
1293	22940.17
1294	23502.68
1295	24119.04
1296	24775.25
1297	25456.62
1298	26143.81
1299	26808.14
1300	27415.68
1301	27931.46
1302	28320.51
1303	28548.26
1304	28586.29
1305	28427.77
1306	28090.01
1307	27598.50
1308	26979.48
1309	26259.19
1310	25463.67
1311	24617.26
1312	23740.93
1313	22853.55
1314	21973.62
1315	21119.62
1316	20309.78
1317	19559.19
1318	18871.72
1319	18238.63
1320	17646.86
1321	17082.98
1322	16533.56
1323	15985.83
1324	15431.17
1325	14869.47
1326	14305.44
1327	13744.77
1328	13193.16
1329	12656.31
1330	12139.79
1331	11648.67
1332	11187.57
1333	10760.92
1334	10373.17
1335	10028.72
1336	9731.30
1337	9481.01
1338	9271.28
1339	9092.13
1340	8933.01
1341	8783.36
1342	8632.85
1343	8473.66
1344	8305.24
1345	8133.40
1346	7965.73
1347	7809.93
1348	7673.66
1349	7563.56
1350	7481.76
1351	7423.67
1352	7381.83
1353	7348.40
1354	7315.55
1355	7275.74
1356	7223.90
1357	7160.67
1358	7090.58
1359	7019.05
1360	6951.52
1361	6893.37
1362	6848.88
1363	6818.60
1364	6798.96
1365	6784.99
1366	6771.59
1367	6753.68
1368	6726.44
1369	6686.33
1370	6632.07
1371	6563.53
1372	6480.71
1373	6383.66
1374	6272.48
1375	6148.11
1376	6013.48
1377	5873.04
1378	5731.60
1379	5593.99
1380	5465.00
1381	5348.83
1382	5247.53
1383	5160.73
1384	5087.22
1385	5025.70
1386	4974.90
1387	4933.77
1388	4902.35
1389	4882.57
1390	4877.27
1391	4889.39
1392	4921.90
1393	4977.52
1394	5057.11
1395	5157.26
1396	5271.63
1397	5393.24
1398	5515.08
1399	5630.24
1400	5733.11
1401	5822.06
1402	5899.29
1403	5968.18
1404	6032.17
1405	6094.71
1406	6159.27
1407	6229.32
1408	6308.39
1409	6400.00
1410	6507.68
1411	6634.96
1412	6785.30
1413	6961.81
1414	7166.94
1415	7402.83
1416	7671.56
1417	7975.22
1418	8316.04
1419	8697.40
1420	9125.33
1421	9607.61
1422	10152.45
1423	10768.05
1424	11462.67
1425	12245.23
1426	13126.44
1427	14118.62
1428	15234.53
1429	16486.91
1430	17888.08
1431	19443.49
1432	21134.66
1433	22916.49
1434	24734.93
1435	26535.07
1436	28262.14
1437	29864.18
1438	31300.86
1439	32548.17
1440	33588.58
1441	34405.42
1442	34982.13
1443	35305.18
1444	35376.10
1445	35221.98
1446	34881.99
1447	34397.19
1448	33808.65
1449	33156.28
1450	32472.77
1451	31776.51
1452	31077.91
1453	30385.91
1454	29709.32
1455	29056.20
1456	28429.08
1457	27817.86
1458	27204.29
1459	26568.33
1460	25889.93
1461	25149.82
1462	24335.54
1463	23451.99
1464	22516.84
1465	21550.87
1466	20575.04
1467	19609.94
1468	18672.82
1469	17771.56
1470	16906.33
1471	16075.22
1472	15276.22
1473	14507.36
1474	13767.45
1475	13057.57
1476	12380.86
1477	11741.04
1478	11141.88
1479	10587.05
1480	10079.02
1481	9616.46
1482	9194.37
1483	8806.65
1484	8447.11
1485	8109.61
1486	7788.82
1487	7481.98
1488	7188.94
1489	6910.39
1490	6647.08
1491	6399.78
1492	6169.23
1493	5956.16
1494	5761.30
1495	5585.37
1496	5429.08
1497	5293.07
1498	5177.08
1499	5077.77
1500	4988.62
1501	4902.08
1502	4810.52
1503	4706.48
1504	4584.64
1505	4446.73
1506	4301.69
1507	4160.73
1508	4035.24
1509	3936.35
1510	3872.14
1511	3840.87
1512	3831.26
1513	3829.07
1514	3819.87
1515	3789.51
1516	3727.11
1517	3631.68
1518	3511.31
1519	3376.72
1520	3238.83
1521	3108.35
1522	2994.21
1523	2900.22
1524	2825.89
1525	2769.55
1526	2729.47
1527	2703.87
1528	2690.47
1529	2685.76
1530	2685.30
1531	2684.40
1532	2678.39
1533	2662.81
1534	2634.88
1535	2595.75
1536	2549.18
1537	2499.49
1538	2451.01
1539	2407.88
1540	2372.88
1541	2345.99
1542	2325.65
1543	2309.97
1544	2297.04
1545	2285.14
1546	2273.40
1547	2262.41
1548	2253.51
1549	2248.14
1550	2247.75
1551	2253.38
1552	2264.43
1553	2277.92
1554	2289.86
1555	2296.15
1556	2292.73
1557	2276.64
1558	2248.74
1559	2214.37
1560	2180.43
1561	2153.97
1562	2141.82
1563	2148.56
1564	2171.93
1565	2203.50
1566	2233.05
1567	2250.23
1568	2245.26
1569	2212.62
1570	2157.21
1571	2091.17
1572	2028.37
1573	1982.69
1574	1966.88
1575	1987.15
1576	2037.19
1577	2104.08
1578	2173.68
1579	2231.92
1580	2266.44
1581	2272.28
1582	2255.07
1583	2224.71
1584	2191.67
1585	2166.29
1586	2157.12
1587	2166.78
1588	2191.83
1589	2226.93
1590	2266.58
1591	2305.39
1592	2338.79
1593	2364.27
1594	2380.83
1595	2387.79
1596	2384.53
1597	2370.85
1598	2348.91
1599	2325.08
1600	2307.83
1601	2306.03
1602	2328.40
1603	2381.77
1604	2465.65
1605	2570.56
1606	2683.81
1607	2792.37
1608	2883.59
1609	2948.87
1610	2990.45
1611	3019.35
1612	3048.87
1613	3092.42
1614	3162.59
1615	3267.34
1616	3405.91
1617	3572.99
1618	3762.42
1619	3968.11
1620	4184.80
1621	4410.48
1622	4647.05
1623	4897.80
1624	5166.14
1625	5455.55
1626	5769.69
1627	6112.76
1628	6489.37
1629	6904.22
1630	7361.99
1631	7867.14
1632	8422.91
1633	9030.59
1634	9690.57
1635	10403.09
1636	11168.52
1637	11988.64
1638	12869.63
1639	13821.93
1640	14857.26
1641	15987.45
1642	17224.47
1643	18581.09
1644	20071.67
1645	21711.50
1646	23516.00
1647	25500.00
1648	27668.90
1649	29994.08
1650	32407.67
1651	34828.10
1652	37172.50
1653	39357.68
1654	41298.70
1655	42906.60
1656	44089.88
1657	44756.48
1658	44815.47
1659	44194.51
1660	42893.56
1661	41004.14
1662	38651.77
1663	35965.66
1664	33073.60
1665	30092.13
1666	27111.33
1667	24203.70
1668	21437.83
1669	18881.62
1670	16594.66
1671	14604.17
1672	12896.42
1673	11442.41
1674	10211.49
1675	9173.25
1676	8299.33
1677	7566.14
1678	6953.03
1679	6440.04
1680	6007.30
1681	5636.02
1682	5311.45
1683	5023.41
1684	4763.38
1685	4522.99
1686	4294.34
1687	4072.31
1688	3857.36
1689	3653.11
1690	3463.79
1691	3293.57
1692	3145.71
1693	3020.68
1694	2916.18
1695	2829.09
1696	2756.23
1697	2694.56
1698	2641.66
1699	2596.19
1700	2557.28
1701	2524.14
1702	2496.00
1703	2472.39
1704	2453.48
1705	2439.94
1706	2432.58
1707	2432.18
1708	2439.23
1709	2453.02
1710	2471.41
1711	2491.74
1712	2511.32
1713	2527.84
1714	2541.13
1715	2555.12
1716	2575.92
1717	2610.00
1718	2663.74
1719	2742.22
1720	2847.01
1721	2976.82
1722	3129.61
1723	3303.30
1724	3496.13
1725	3707.45
1726	3938.09
1727	4189.36
1728	4462.62
1729	4758.82
1730	5076.60
1731	5410.34
1732	5752.31
1733	6094.39
1734	6428.69
1735	6749.27
1736	7055.06
1737	7348.57
1738	7633.15
1739	7912.05
1740	8186.58
1741	8451.54
1742	8694.97
1743	8902.76
1744	9060.67
1745	9155.17
1746	9176.02
1747	9117.65
1748	8976.48
1749	8749.22
1750	8433.82
1751	8035.40
1752	7573.03
1753	7073.29
1754	6564.12
1755	6072.65
1756	5619.33
1757	5208.00
1758	4830.68
1759	4476.60
1760	4135.11
1761	3798.50
1762	3468.04
1763	3153.33
1764	2866.40
1765	2619.32
1766	2421.55
1767	2272.98
1768	2162.14
1769	2073.54
1770	1991.39
1771	1901.71
1772	1798.65
1773	1688.39
1774	1582.17
1775	1491.88
1776	1428.25
1777	1395.93
1778	1388.59
1779	1394.45
1780	1400.86
1781	1395.86
1782	1372.10
1783	1331.95
1784	1283.43
1785	1235.68
1786	1197.52
1787	1175.12
1788	1168.20
1789	1172.16
1790	1181.41
1791	1190.50
1792	1195.63
1793	1197.41
1794	1199.84
1795	1207.79
1796	1225.99
1797	1257.07
1798	1297.69
1799	1339.30
1800	1371.93
1801	1385.73
1802	1373.43
1803	1335.66
1804	1280.54
1805	1218.44
1806	1159.74
1807	1113.33
1808	1083.13
1809	1068.05
1810	1065.42
1811	1072.47
1812	1086.32
1813	1103.90
1814	1121.87
1815	1136.83
1816	1145.43
1817	1145.16
1818	1136.36
1819	1122.47
1820	1107.93
1821	1097.22
1822	1093.87
1823	1098.22
1824	1107.16
1825	1116.43
1826	1121.77
1827	1119.96
1828	1111.28
1829	1099.76
1830	1090.58
1831	1088.93
1832	1098.36
1833	1117.17
1834	1138.39
1835	1153.39
1836	1153.64
1837	1133.30
1838	1094.74
1839	1048.08
1840	1005.70
1841	979.84
1842	979.38
1843	1003.63
1844	1043.68
1845	1088.36
1846	1126.62
1847	1149.93
1848	1156.35
1849	1148.98
1850	1132.23
1851	1110.60
1852	1088.86
1853	1072.46
1854	1067.28
1855	1079.28
1856	1113.54
1857	1169.61
1858	1235.63
1859	1293.14
1860	1322.48
1861	1306.22
1862	1238.97
1863	1136.56
1864	1025.27
1865	932.90
1866	884.04
1867	888.99
1868	937.15
1869	1009.30
1870	1085.23
1871	1147.09
1872	1185.79
1873	1202.37
1874	1201.46
1875	1187.99
1876	1166.74
1877	1141.88
1878	1117.08
1879	1095.84
1880	1081.41
1881	1075.27
1882	1074.50
1883	1073.13
1884	1064.54
1885	1042.85
1886	1006.69
1887	963.26
1888	924.28
1889	902.19
1890	907.28
1891	940.72
1892	990.71
1893	1040.22
1894	1071.87
1895	1072.21
1896	1040.61
1897	989.44
1898	935.08
1899	893.72
1900	876.98
1901	885.40
1902	911.58
1903	946.32
1904	980.92
1905	1009.65
1906	1032.23
1907	1050.99
1908	1068.73
1909	1087.73
1910	1108.55
1911	1129.59
1912	1148.50
1913	1162.87
1914	1170.33
1915	1168.73
1916	1156.06
1917	1130.37
1918	1090.20
1919	1036.76
1920	976.22
1921	917.23
1922	868.82
1923	838.59
1924	829.00
1925	836.45
1926	855.24
1927	879.59
1928	904.72
1929	928.39
1930	950.16
1931	970.05
1932	988.07
1933	1004.29
1934	1018.78
1935	1031.66
1936	1043.02
1937	1052.59
1938	1059.07
1939	1060.20
1940	1053.45
1941	1036.74
1942	1010.74
1943	981.44
1944	957.72
1945	948.81
1946	961.56
1947	994.55
1948	1037.14
1949	1075.66
1950	1096.94
1951	1093.03
1952	1067.38
1953	1030.35
1954	993.64
1955	967.55
1956	957.00
1957	960.41
1958	973.85
1959	993.21
1960	1014.61
1961	1034.75
1962	1050.67
1963	1059.52
1964	1059.30
1965	1050.97
1966	1039.08
1967	1029.45
1968	1027.52
1969	1035.53
1970	1048.71
1971	1058.11
1972	1054.14
1973	1030.15
1974	989.83
1975	948.12
1976	923.64
1977	933.33
1978	982.94
1979	1056.70
1980	1127.49
1981	1166.87
1982	1154.04
1983	1091.32
1984	1002.05
1985	915.47
1986	858.20
1987	842.92
1988	860.74
1989	893.42
1990	922.17
1991	933.99
1992	930.06
1993	921.36
1994	920.95
1995	939.38
1996	977.82
1997	1026.93
1998	1073.83
1999	1106.42
2000	1118.42
2001	1113.87
2002	1101.93
2003	1092.26
2004	1091.74
2005	1100.04
2006	1111.39
2007	1118.78
2008	1116.39
2009	1103.05
2010	1082.83
2011	1061.59
2012	1044.87
2013	1035.69
2014	1032.87
2015	1033.21
2016	1033.28
2017	1030.16
2018	1022.12
2019	1008.26
2020	987.89
2021	960.71
2022	927.69
2023	890.97
2024	853.08
2025	816.98
2026	787.39
2027	771.27
2028	776.42
2029	809.51
2030	870.70
2031	948.63
2032	1026.27
2033	1086.46
2034	1117.97
2035	1123.04
2036	1112.63
2037	1099.27
2038	1092.69
2039	1094.38
2040	1099.01
2041	1099.50
2042	1090.40
2043	1072.09
2044	1051.18
2045	1036.22
2046	1034.28
2047	1045.82
2048	1062.51
2049	1072.69
2050	1065.85
2051	1038.82
2052	1000.21
2053	963.95
2054	943.44
2055	944.94
2056	961.01
2057	977.13
2058	978.58
2059	957.77
2060	922.65
2061	890.53
2062	879.61
2063	900.44
2064	944.89
2065	992.02
2066	1018.83
2067	1009.43
2068	967.08
2069	909.61
2070	858.03
2071	828.76
2072	824.82
2073	838.10
2074	857.68
2075	874.13
2076	883.11
2077	884.75
2078	880.51
2079	872.63
2080	865.49
2081	865.39
2082	878.99
2083	910.29
2084	954.98
2085	1000.97
2086	1034.15
2087	1043.54
2088	1028.28
2089	996.96
2090	960.86
2091	930.13
2092	910.90
2093	905.64
2094	915.59
2095	940.01
2096	972.69
2097	1002.68
2098	1018.20
2099	1011.96
2100	989.30
2101	965.71
2102	958.50
2103	977.90
2104	1015.66
2105	1049.95
2106	1057.08
2107	1023.78
2108	961.50
2109	897.85
2110	862.22
2111	872.62
2112	923.14
2113	994.08
2114	1064.02
2115	1116.43
2116	1143.90
2117	1143.58
2118	1114.78
2119	1063.10
2120	1003.53
2121	954.95
2122	933.22
2123	940.91
2124	964.12
2125	983.31
2126	982.92
2127	962.03
2128	934.05
2129	916.27
2130	921.36
2131	949.00
2132	988.91
2133	1028.69
2134	1058.11
2135	1071.85
2136	1067.54
2137	1044.51
2138	1007.51
2139	970.06
2140	949.38
2141	959.35
2142	999.59
2143	1052.84
2144	1096.51
2145	1113.63
2146	1104.68
2147	1084.81
2148	1072.03
2149	1077.47
2150	1097.10
2151	1118.03
2152	1126.93
2153	1116.12
2154	1086.52
2155	1042.74
2156	990.67
2157	938.92
2158	898.67
2159	881.27
2160	893.47
2161	931.23
2162	983.62
2163	1038.41
2164	1084.49
2165	1112.55
2166	1114.34
2167	1085.08
2168	1030.48
2169	966.26
2170	910.34
2171	876.03
2172	866.41
2173	878.49
2174	906.63
2175	939.38
2176	957.95
2177	941.97
2178	881.47
2179	794.26
2180	718.81
2181	693.77
2182	734.39
2183	818.21
2184	906.55
2185	965.59
2186	982.93
2187	965.33
2188	925.21
2189	876.39
2190	834.60
2191	816.02
2192	831.18
2193	872.49
2194	914.99
2195	931.28
2196	909.18
2197	865.28
2198	830.23
2199	829.12
2200	862.07
2201	905.37
2202	930.68
2203	922.35
2204	887.86
2205	845.71
2206	812.70
2207	795.73
2208	793.06
2209	800.75
2210	815.67
2211	836.14
2212	860.93
2213	887.32
2214	908.77
2215	916.15
2216	902.58
2217	871.99
2218	841.39
2219	830.43
2220	846.92
2221	874.43
2222	884.19
2223	855.43
2224	797.65
2225	746.61
2226	738.56
2227	780.77
2228	839.65
2229	868.71
2230	842.03
2231	781.00
2232	733.34
2233	737.78
2234	790.80
2235	851.81
2236	876.23
2237	844.90
2238	772.83
2239	687.30
2240	612.54
2241	564.30
2242	552.93
2243	580.05
2244	627.20
2245	662.11
2246	658.20
2247	618.39
2248	575.27
2249	565.32
2250	603.55
2251	674.53
2252	751.70
2253	811.64
2254	839.19
2255	824.89
2256	771.01
2257	704.69
2258	667.21
2259	687.47
2260	751.59
2261	812.30
2262	826.10
2263	790.31
2264	742.99
2265	726.49
2266	752.48
2267	794.47
2268	816.96
2269	803.80
2270	768.64
2271	735.04
2272	716.43
2273	706.88
2274	692.79
2275	666.99
2276	636.86
2277	616.44
2278	615.22
2279	630.79
2280	653.96
2281	674.64
2282	683.64
2283	673.41
2284	644.25
2285	614.28
2286	611.27
2287	650.00
2288	708.25
2289	741.19
2290	718.38
2291	657.67
2292	607.66
2293	603.04
2294	627.03
2295	630.61
2296	581.55
2297	505.68
2298	463.81
2299	497.43
2300	585.50
2301	670.27
2302	706.34
2303	692.06
2304	651.12
2305	607.97
2306	578.54
2307	572.15
2308	587.12
2309	604.21
2310	600.90
2311	577.44
2312	570.41
2313	620.57
2314	724.40
2315	819.18
2316	837.47
2317	771.75
2318	680.29
2319	625.75
2320	620.51
2321	632.85
2322	631.36
2323	615.88
2324	606.64
2325	617.39
2326	639.03
2327	652.92
2328	652.62
2329	653.39
2330	674.16
2331	714.03
2332	748.74
2333	753.47
2334	724.05
2335	673.74
2336	618.60
2337	570.86
2338	539.97
2339	533.30
2340	555.46
2341	605.09
2342	664.39
2343	700.46
2344	689.03
2345	639.15
2346	581.67
2347	545.92
2348	549.47
2349	595.56
2350	656.19
2351	675.20
2352	616.74
2353	515.10
2354	443.52
2355	450.44
2356	531.95
2357	656.18
2358	771.02
2359	815.97
2360	766.49
2361	672.69
2362	608.34
2363	599.62
2364	616.01
2365	622.91
2366	617.54
2367	615.20
2368	626.78
2369	652.46
2370	685.38
2371	710.94
2372	712.98
2373	687.14
2374	645.33
2375	607.02
2376	595.20
2377	624.59
2378	671.75
2379	675.43
2380	609.22
2381	548.43
2382	590.39
2383	716.72
2384	797.37
2385	756.20
2386	674.65
2387	666.80
2388	730.57
2389	776.22
2390	749.23
2391	674.62
2392	599.93
2393	556.14
2394	551.00
2395	554.06
2396	515.13
2397	432.76
2398	379.85
2399	414.90
2400	503.45
2401	577.73
2402	625.78
2403	679.39
2404	736.04
2405	743.34
2406	683.05
2407	626.01
2408	641.39
2409	696.05
2410	709.94
2411	661.30
2412	590.23
2413	546.17
2414	561.34
2415	626.20
2416	680.33
2417	680.28
2418	653.62
2419	640.21
2420	626.21
2421	583.00
2422	537.49
2423	542.22
2424	590.10
2425	629.15
2426	657.90
2427	721.60
2428	792.59
2429	763.29
2430	625.61
2431	523.94
2432	543.12
2433	604.59
2434	626.55
2435	621.90
2436	622.62
2437	625.68
2438	618.11
2439	599.67
2440	583.60
2441	593.80
2442	649.38
2443	746.80
2444	838.98
2445	845.04
2446	750.85
2447	642.06
2448	583.94
2449	569.58
2450	572.34
