150	3449.83
151	3446.01
152	3443.14
153	3443.08
154	3445.91
155	3451.30
156	3458.83
157	3468.03
158	3478.45
159	3489.65
160	3501.17
161	3512.57
162	3523.41
163	3533.41
164	3542.39
165	3550.25
166	3556.88
167	3562.19
168	3566.05
169	3568.38
170	3569.06
171	3568.05
172	3565.48
173	3561.71
174	3557.19
175	3552.38
176	3547.74
177	3543.73
178	3540.80
179	3539.42
180	3540.08
181	3543.40
182	3550.17
183	3561.21
184	3577.38
185	3599.51
186	3628.46
187	3665.06
188	3710.14
189	3764.10
190	3825.90
191	3892.72
192	3961.13
193	4027.62
194	4088.71
195	4140.87
196	4180.63
197	4204.52
198	4209.92
199	4197.03
200	4169.29
201	4131.20
202	4087.37
203	4042.43
204	4000.99
205	3967.67
206	3947.02
207	3942.66
208	3955.10
209	3981.68
210	4018.66
211	4062.27
212	4108.69
213	4154.12
214	4194.76
215	4226.88
216	4247.58
217	4256.45
218	4255.46
219	4247.28
220	4234.62
221	4220.21
222	4206.76
223	4197.00
224	4193.56
225	4198.43
226	4211.72
227	4231.96
228	4257.28
229	4285.79
230	4315.58
231	4344.76
232	4371.43
233	4393.74
234	4410.35
235	4421.13
236	4426.83
237	4428.38
238	4426.77
239	4422.95
240	4417.89
241	4412.56
242	4407.87
243	4404.51
244	4402.60
245	4401.94
246	4402.25
247	4403.27
248	4404.72
249	4406.31
250	4407.79
251	4408.93
252	4409.93
253	4411.65
254	4415.33
255	4422.28
256	4433.78
257	4451.14
258	4475.66
259	4508.63
260	4551.04
261	4602.59
262	4661.00
263	4723.15
264	4785.82
265	4845.77
266	4899.76
267	4944.56
268	4976.97
269	4994.38
270	4996.38
271	4985.17
272	4963.90
273	4935.81
274	4904.14
275	4872.12
276	4843.01
277	4819.97
278	4805.46
279	4799.79
280	4801.21
281	4807.42
282	4816.06
283	4824.79
284	4831.25
285	4833.09
286	4828.08
287	4814.92
288	4794.62
289	4769.79
290	4743.40
291	4718.45
292	4697.95
293	4684.90
294	4682.27
295	4692.79
296	4717.53
297	4754.56
298	4800.30
299	4850.92
300	4902.58
301	4951.40
302	4993.55
303	5025.20
304	5043.04
305	5045.97
306	5035.91
307	5016.05
308	4989.70
309	4960.17
310	4930.80
311	4904.90
312	4885.74
313	4875.94
314	4876.11
315	4884.81
316	4900.02
317	4919.65
318	4941.62
319	4963.83
320	4984.20
321	5000.73
322	5011.91
323	5017.50
324	5018.08
325	5014.45
326	5007.40
327	4997.73
328	4986.24
329	4973.73
330	4961.00
331	4948.79
332	4937.81
333	4928.74
334	4922.24
335	4919.00
336	4919.69
337	4924.96
338	4935.49
339	4951.67
340	4973.05
341	4998.15
342	5025.16
343	5052.26
344	5077.59
345	5099.33
346	5115.64
347	5124.75
348	5125.49
349	5118.22
350	5104.42
351	5085.81
352	5064.16
353	5041.22
354	5018.75
355	4998.49
356	4982.08
357	4970.45
358	4963.44
359	4960.33
360	4960.29
361	4962.52
362	4966.21
363	4970.55
364	4974.72
365	4978.01
366	4979.98
367	4980.51
368	4979.57
369	4977.14
370	4973.20
371	4967.75
372	4960.75
373	4952.24
374	4942.43
375	4932.05
376	4922.15
377	4913.85
378	4908.27
379	4906.53
380	4909.74
381	4919.02
382	4935.27
383	4958.53
384	4987.60
385	5020.78
386	5056.28
387	5092.34
388	5127.18
389	5159.04
390	5186.18
391	5207.27
392	5222.14
393	5231.54
394	5236.45
395	5237.89
396	5236.88
397	5234.42
398	5231.54
399	5229.15
400	5227.83
401	5227.48
402	5227.70
403	5228.06
404	5228.10
405	5227.37
406	5225.43
407	5221.83
408	5216.30
409	5209.02
410	5200.66
411	5191.99
412	5183.82
413	5176.95
414	5172.18
415	5170.29
416	5172.03
417	5177.71
418	5186.87
419	5198.67
420	5212.16
421	5226.43
422	5240.54
423	5253.56
424	5264.57
425	5272.76
426	5277.74
427	5279.53
428	5278.27
429	5274.12
430	5267.23
431	5257.77
432	5245.88
433	5231.75
434	5215.79
435	5198.75
436	5181.61
437	5165.38
438	5151.06
439	5139.67
440	5132.21
441	5129.68
442	5132.79
443	5141.40
444	5154.50
445	5170.82
446	5189.06
447	5207.92
448	5226.11
449	5242.34
450	5255.39
451	5264.55
452	5269.93
453	5272.10
454	5271.69
455	5269.32
456	5265.64
457	5261.29
458	5256.88
459	5252.97
460	5249.93
461	5247.94
462	5247.10
463	5247.56
464	5249.42
465	5252.81
466	5257.86
467	5264.70
468	5273.53
469	5284.67
470	5298.47
471	5315.30
472	5335.52
473	5359.50
474	5387.60
475	5420.14
476	5457.03
477	5497.22
478	5538.94
479	5580.24
480	5619.19
481	5653.83
482	5682.20
483	5702.38
484	5712.75
485	5712.83
486	5703.58
487	5686.45
488	5662.94
489	5634.56
490	5602.83
491	5569.25
492	5535.33
493	5502.57
494	5472.44
495	5446.40
496	5425.90
497	5412.41
498	5407.37
499	5412.25
500	5428.43
501	5456.51
502	5494.87
503	5539.94
504	5587.63
505	5633.80
506	5674.29
507	5704.99
508	5721.77
509	5721.19
510	5702.43
511	5668.33
512	5623.19
513	5571.45
514	5517.57
515	5466.02
516	5421.25
517	5387.46
518	5367.33
519	5360.36
520	5364.27
521	5376.43
522	5394.19
523	5414.90
524	5435.91
525	5454.63
526	5468.88
527	5477.79
528	5481.51
529	5480.55
530	5475.39
531	5466.54
532	5454.50
533	5439.75
534	5422.77
535	5403.87
536	5383.20
537	5360.84
538	5336.87
539	5311.34
540	5284.35
541	5255.96
542	5226.27
543	5195.51
544	5164.12
545	5132.69
546	5101.79
547	5072.02
548	5043.96
549	5018.21
550	4995.32
551	4975.76
552	4959.65
553	4946.92
554	4937.45
555	4931.11
556	4927.79
557	4927.36
558	4929.69
559	4934.63
560	4941.94
561	4951.30
562	4962.38
563	4974.83
564	4988.31
565	5002.48
566	5017.00
567	5031.63
568	5046.52
569	5062.28
570	5079.72
571	5099.66
572	5122.94
573	5150.37
574	5182.77
575	5220.86
576	5264.79
577	5313.82
578	5366.75
579	5422.36
580	5479.39
581	5536.60
582	5592.75
583	5646.66
584	5697.64
585	5746.01
586	5792.66
587	5838.59
588	5884.82
589	5932.38
590	5982.26
591	6035.42
592	6092.24
593	6151.73
594	6211.82
595	6270.25
596	6324.70
597	6372.87
598	6412.47
599	6441.23
600	6457.38
601	6460.56
602	6451.68
603	6432.04
604	6402.93
605	6365.69
606	6321.61
607	6272.01
608	6218.13
609	6161.02
610	6101.48
611	6040.27
612	5978.10
613	5915.72
614	5853.85
615	5793.23
616	5734.54
617	5678.26
618	5624.62
619	5573.78
620	5525.86
621	5481.00
622	5439.32
623	5400.97
624	5366.04
625	5334.55
626	5306.40
627	5281.40
628	5259.37
629	5240.12
630	5223.48
631	5209.25
632	5197.21
633	5186.82
634	5177.11
635	5166.90
636	5154.98
637	5140.12
638	5121.10
639	5096.71
640	5065.93
641	5028.64
642	4986.46
643	4941.84
644	4897.39
645	4855.73
646	4819.45
647	4791.17
648	4773.29
649	4767.11
650	4771.76
651	4785.20
652	4805.19
653	4829.47
654	4855.80
655	4881.91
656	4905.65
657	4925.48
658	4941.06
659	4952.75
660	4961.02
661	4966.38
662	4969.31
663	4970.30
664	4969.87
665	4968.54
666	4966.99
667	4965.91
668	4966.02
669	4968.06
670	4972.75
671	4980.80
672	4992.90
673	5009.51
674	5030.60
675	5055.88
676	5084.97
677	5117.52
678	5153.17
679	5191.55
680	5232.35
681	5275.54
682	5321.64
683	5371.55
684	5426.20
685	5486.54
686	5553.51
687	5628.06
688	5711.00
689	5802.53
690	5901.50
691	6006.05
692	6114.17
693	6223.84
694	6333.05
695	6439.80
696	6542.20
697	6639.16
698	6731.02
699	6818.92
700	6904.10
701	6987.84
702	7071.40
703	7156.05
704	7242.97
705	7332.93
706	7425.95
707	7521.70
708	7619.77
709	7719.77
710	7821.30
711	7923.95
712	8027.24
713	8130.34
714	8231.81
715	8329.97
716	8423.08
717	8509.42
718	8587.25
719	8654.87
720	8710.77
721	8754.36
722	8786.36
723	8808.02
724	8820.67
725	8825.60
726	8824.16
727	8817.63
728	8807.14
729	8793.07
730	8774.89
731	8751.76
732	8722.82
733	8687.18
734	8643.96
735	8592.33
736	8531.79
737	8463.10
738	8388.27
739	8309.72
740	8229.90
741	8151.25
742	8076.22
743	8007.22
744	7946.17
745	7893.68
746	7849.21
747	7811.90
748	7780.89
749	7755.31
750	7734.29
751	7717.02
752	7703.10
753	7693.15
754	7688.45
755	7690.46
756	7700.64
757	7720.47
758	7751.38
759	7794.60
760	7849.98
761	7914.62
762	7984.18
763	8054.01
764	8119.46
765	8175.88
766	8218.65
767	8243.69
768	8249.43
769	8238.20
770	8214.03
771	8181.19
772	8143.94
773	8106.58
774	8073.34
775	8047.89
776	8031.84
777	8024.40
778	8023.91
779	8028.65
780	8036.88
781	8046.87
782	8056.95
783	8065.97
784	8074.40
785	8084.03
786	8097.03
787	8115.60
788	8141.96
789	8178.30
790	8226.75
791	8289.02
792	8365.87
793	8457.42
794	8563.71
795	8684.74
796	8820.53
797	8971.09
798	9136.28
799	9315.22
800	9505.88
801	9705.70
802	9912.01
803	10122.16
804	10333.51
805	10543.43
806	10749.99
807	10953.55
808	11157.10
809	11364.54
810	11579.82
811	11806.94
812	12049.84
813	12312.46
814	12598.25
815	12909.48
816	13247.52
817	13613.50
818	14008.56
819	14433.82
820	14890.39
821	15379.01
822	15898.42
823	16443.62
824	17007.76
825	17583.62
826	18164.00
827	18741.69
828	19309.52
829	19860.85
830	20391.11
831	20898.19
832	21380.86
833	21837.99
834	22268.43
835	22671.05
836	23044.66
837	23387.58
838	23696.92
839	23968.80
840	24199.16
841	24383.88
842	24518.87
843	24600.06
844	24624.31
845	24593.10
846	24515.99
847	24406.35
848	24278.20
849	24145.57
850	24022.51
851	23922.88
852	23858.38
853	23833.40
854	23844.69
855	23886.53
856	23952.98
857	24038.11
858	24135.98
859	24240.85
860	24348.39
861	24457.29
862	24568.19
863	24682.08
864	24800.01
865	24923.00
866	25052.03
867	25187.20
868	25325.07
869	25457.43
870	25574.27
871	25665.35
872	25720.43
873	25729.28
874	25682.14
875	25573.09
876	25406.18
877	25192.95
878	24946.78
879	24681.16
880	24409.59
881	24145.47
882	23901.01
883	23682.68
884	23488.22
885	23311.55
886	23146.08
887	22985.19
888	22822.24
889	22650.89
890	22467.04
891	22273.06
892	22076.64
893	21886.93
894	21713.14
895	21564.51
896	21450.22
897	21378.45
898	21352.58
899	21368.18
900	21417.24
901	21491.28
902	21581.73
903	21680.07
904	21777.89
905	21867.96
906	21946.45
907	22012.37
908	22065.50
909	22105.67
910	22132.73
911	22146.48
912	22146.57
913	22131.85
914	22099.88
915	22047.63
916	21972.01
917	21869.95
918	21738.33
919	21574.35
920	21377.55
921	21153.79
922	20913.89
923	20669.87
924	20433.87
925	20218.00
926	20034.32
927	19893.39
928	19799.58
929	19748.60
930	19732.62
931	19743.41
932	19772.71
933	19812.28
934	19854.11
935	19892.03
936	19924.12
937	19951.26
938	19974.99
939	19996.84
940	20018.37
941	20041.11
942	20066.22
943	20093.66
944	20121.95
945	20149.15
946	20173.27
947	20192.32
948	20204.32
949	20207.63
950	20202.51
951	20192.80
952	20184.19
953	20182.70
954	20194.34
955	20225.15
956	20280.94
957	20365.55
958	20477.14
959	20609.18
960	20753.81
961	20903.12
962	21049.18
963	21184.09
964	21300.29
965	21391.60
966	21453.77
967	21483.23
968	21476.56
969	21430.29
970	21340.99
971	21205.37
972	21021.15
973	20788.08
974	20507.09
975	20179.34
976	19806.01
977	19388.27
978	18927.48
979	18427.01
980	17895.97
981	17348.55
982	16800.35
983	16267.05
984	15764.35
985	15307.85
986	14911.26
987	14580.95
988	14313.51
989	14101.82
990	13938.35
991	13815.52
992	13725.78
993	13661.85
994	13618.02
995	13591.52
996	13581.14
997	13585.94
998	13605.02
999	13637.46
1000	13682.34
1001	13738.78
1002	13806.06
1003	13883.49
1004	13970.44
1005	14066.26
1006	14170.33
1007	14281.98
1008	14400.45
1009	14524.56
1010	14652.68
1011	14783.08
1012	14913.99
1013	15043.65
1014	15170.30
1015	15292.18
1016	15407.56
1017	15514.76
1018	15612.10
1019	15697.91
1020	15770.51
1021	15828.24
1022	15869.75
1023	15895.27
1024	15908.15
1025	15913.37
1026	15916.19
1027	15921.89
1028	15935.74
1029	15962.78
1030	16006.21
1031	16064.94
1032	16134.90
1033	16211.33
1034	16289.47
1035	16364.55
1036	16431.87
1037	16487.66
1038	16530.81
1039	16562.53
1040	16584.69
1041	16599.20
1042	16607.98
1043	16612.97
1044	16616.60
1045	16622.93
1046	16637.82
1047	16667.78
1048	16719.33
1049	16799.01
1050	16913.32
1051	17068.15
1052	17266.86
1053	17509.39
1054	17794.33
1055	18120.12
1056	18485.19
1057	18887.94
1058	19326.05
1059	19793.80
1060	20279.94
1061	20770.70
1062	21251.95
1063	21709.54
1064	22129.36
1065	22498.42
1066	22809.84
1067	23068.30
1068	23284.52
1069	23470.25
1070	23637.30
1071	23797.44
1072	23961.75
1073	24136.75
1074	24319.29
1075	24500.45
1076	24670.21
1077	24818.47
1078	24935.12
1079	25010.42
1080	25036.93
1081	25012.74
1082	24939.56
1083	24819.94
1084	24656.44
1085	24451.63
1086	24208.06
1087	23928.05
1088	23613.31
1089	23265.16
1090	22884.77
1091	22473.36
1092	22032.11
1093	21562.40
1094	21067.29
1095	20554.20
1096	20034.06
1097	19518.66
1098	19019.83
1099	18549.42
1100	18118.96
1101	17737.21
1102	17405.13
1103	17117.32
1104	16866.68
1105	16646.01
1106	16448.09
1107	16265.78
1108	16092.48
1109	15923.20
1110	15754.29
1111	15582.47
1112	15404.46
1113	15217.00
1114	15016.91
1115	14801.54
1116	14569.91
1117	14322.43
1118	14059.88
1119	13783.06
1120	13492.79
1121	13189.90
1122	12875.51
1123	12551.50
1124	12220.39
1125	11884.88
1126	11547.67
1127	11211.48
1128	10879.02
1129	10553.07
1130	10236.60
1131	9932.74
1132	9644.63
1133	9375.45
1134	9128.34
1135	8906.37
1136	8711.67
1137	8544.08
1138	8401.64
1139	8282.00
1140	8182.75
1141	8101.48
1142	8035.79
1143	7983.13
1144	7940.69
1145	7905.43
1146	7874.27
1147	7844.14
1148	7811.96
1149	7774.85
1150	7731.13
1151	7681.87
1152	7629.81
1153	7578.10
1154	7529.85
1155	7488.20
1156	7456.10
1157	7435.42
1158	7425.85
1159	7425.90
1160	7433.86
1161	7448.00
1162	7466.59
1163	7487.90
1164	7510.18
1165	7531.67
1166	7550.56
1167	7565.07
1168	7573.41
1169	7573.80
1170	7564.89
1171	7547.09
1172	7523.46
1173	7498.18
1174	7475.53
1175	7459.84
1176	7455.38
1177	7465.58
1178	7490.91
1179	7528.15
1180	7572.80
1181	7620.20
1182	7665.71
1183	7704.76
1184	7733.77
1185	7752.33
1186	7763.08
1187	7769.61
1188	7775.57
1189	7784.59
1190	7800.21
1191	7824.80
1192	7857.74
1193	7896.12
1194	7936.45
1195	7975.23
1196	8008.95
1197	8034.29
1198	8049.23
1199	8054.41
1200	8052.10
1201	8044.89
1202	8035.37
1203	8026.12
1204	8019.77
1205	8018.93
1206	8026.33
1207	8044.68
1208	8076.73
1209	8125.20
1210	8192.77
1211	8281.19
1212	8388.72
1213	8509.41
1214	8635.80
1215	8760.27
1216	8875.19
1217	8973.17
1218	9048.96
1219	9103.62
1220	9143.64
1221	9177.07
1222	9212.05
1223	9256.69
1224	9318.74
1225	9403.40
1226	9510.29
1227	9635.60
1228	9774.81
1229	9923.38
1230	10076.77
1231	10231.17
1232	10385.90
1233	10545.28
1234	10715.79
1235	10904.22
1236	11117.39
1237	11362.02
1238	11643.88
1239	11965.52
1240	12326.06
1241	12723.53
1242	13155.89
1243	13621.06
1244	14117.11
1245	14643.07
1246	15200.27
1247	15791.64
1248	16420.51
1249	17090.19
1250	17803.96
1251	18563.86
1252	19366.00
1253	20196.61
1254	21037.42
1255	21869.46
1256	22673.72
1257	23431.42
1258	24126.33
1259	24750.83
1260	25306.24
1261	25796.72
1262	26226.72
1263	26600.64
1264	26922.50
1265	27193.45
1266	27408.13
1267	27557.04
1268	27629.74
1269	27615.75
1270	27504.73
1271	27288.65
1272	26969.51
1273	26563.71
1274	26093.49
1275	25581.91
1276	25051.98
1277	24526.43
1278	24024.58
1279	23556.29
1280	23123.38
1281	22725.50
1282	22362.16
1283	22032.91
1284	21738.13
1285	21482.60
1286	21279.04
1287	21144.04
1288	21094.87
1289	21148.80
1290	21322.75
1291	21628.85
1292	22063.66
1293	22607.94
1294	23237.49
1295	23927.69
1296	24653.91
1297	25391.39
1298	26114.45
1299	26795.62
1300	27406.41
1301	27918.12
1302	28302.08
1303	28529.92
1304	28578.41
1305	28442.13
1306	28135.67
1307	27680.35
1308	27098.13
1309	26411.01
1310	25640.91
1311	24809.49
1312	23937.84
1313	23046.69
1314	22156.70
1315	21288.55
1316	20462.64
1317	19695.95
1318	18993.29
1319	18345.75
1320	17739.74
1321	17161.25
1322	16596.29
1323	16031.62
1324	15458.65
1325	14878.37
1326	14297.25
1327	13722.79
1328	13162.58
1329	12624.09
1330	12114.11
1331	11636.87
1332	11194.07
1333	10786.54
1334	10415.08
1335	10080.46
1336	9783.09
1337	9521.61
1338	9291.28
1339	9085.68
1340	8898.12
1341	8721.87
1342	8550.36
1343	8378.44
1344	8205.12
1345	8033.05
1346	7865.88
1347	7707.34
1348	7561.12
1349	7430.61
1350	7317.67
1351	7221.94
1352	7142.09
1353	7076.68
1354	7024.24
1355	6983.32
1356	6952.44
1357	6930.03
1358	6914.51
1359	6904.27
1360	6897.69
1361	6893.17
1362	6889.12
1363	6883.98
1364	6876.27
1365	6864.49
1366	6847.18
1367	6822.84
1368	6789.96
1369	6746.73
1370	6690.94
1371	6620.12
1372	6531.79
1373	6423.46
1374	6292.93
1375	6140.16
1376	5970.73
1377	5794.40
1378	5621.95
1379	5464.22
1380	5331.89
1381	5233.65
1382	5171.02
1383	5137.33
1384	5123.13
1385	5118.73
1386	5114.43
1387	5101.58
1388	5076.56
1389	5044.29
1390	5013.77
1391	4994.59
1392	4996.36
1393	5028.23
1394	5095.82
1395	5196.48
1396	5321.98
1397	5462.85
1398	5609.55
1399	5752.64
1400	5884.02
1401	5999.58
1402	6099.14
1403	6183.68
1404	6254.24
1405	6311.93
1406	6358.49
1407	6398.24
1408	6439.00
1409	6489.96
1410	6560.45
1411	6659.79
1412	6796.72
1413	6976.78
1414	7199.73
1415	7462.39
1416	7761.10
1417	8092.18
1418	8452.34
1419	8841.10
1420	9264.56
1421	9733.18
1422	10258.39
1423	10851.68
1424	11524.56
1425	12288.82
1426	13157.05
1427	14142.53
1428	15258.74
1429	16519.14
1430	17936.73
1431	19517.12
1432	21240.30
1433	23057.71
1434	24911.20
1435	26741.70
1436	28490.33
1437	30101.58
1438	31534.35
1439	32767.48
1440	33787.85
1441	34583.32
1442	35141.88
1443	35454.12
1444	35523.43
1445	35374.94
1446	35044.08
1447	34567.90
1448	33983.45
1449	33326.89
1450	32629.01
1451	31909.78
1452	31183.22
1453	30462.21
1454	29759.55
1455	29087.03
1456	28449.26
1457	27834.46
1458	27220.28
1459	26582.05
1460	25895.04
1461	25135.61
1462	24288.94
1463	23362.85
1464	22381.80
1465	21374.31
1466	20369.11
1467	19394.34
1468	18472.29
1469	17609.08
1470	16797.48
1471	16026.65
1472	15285.56
1473	14563.41
1474	13851.99
1475	13150.85
1476	12466.53
1477	11807.60
1478	11182.76
1479	10600.56
1480	10067.66
1481	9584.79
1482	9146.94
1483	8747.34
1484	8379.11
1485	8035.43
1486	7710.50
1487	7401.81
1488	7110.24
1489	6837.70
1490	6586.19
1491	6357.65
1492	6153.05
1493	5970.22
1494	5803.66
1495	5646.85
1496	5493.17
1497	5336.10
1498	5170.70
1499	4997.26
1500	4821.50
1501	4650.88
1502	4493.02
1503	4355.40
1504	4243.98
1505	4159.60
1506	4097.92
1507	4052.94
1508	4018.54
1509	3988.62
1510	3957.49
1511	3920.79
1512	3875.44
1513	3818.75
1514	3748.08
1515	3660.92
1516	3556.42
1517	3438.66
1518	3316.28
1519	3199.25
1520	3097.61
1521	3021.09
1522	2976.31
1523	2961.15
1524	2966.10
1525	2979.66
1526	2990.21
1527	2986.51
1528	2960.42
1529	2911.89
1530	2847.00
1531	2773.31
1532	2698.48
1533	2629.94
1534	2573.48
1535	2531.09
1536	2502.22
1537	2485.77
1538	2480.58
1539	2485.38
1540	2497.97
1541	2514.25
1542	2529.09
1543	2537.11
1544	2532.99
1545	2512.01
1546	2472.72
1547	2419.38
1548	2359.05
1549	2299.22
1550	2247.36
1551	2210.17
1552	2190.85
1553	2187.60
1554	2196.53
1555	2213.51
1556	2234.40
1557	2255.45
1558	2274.32
1559	2290.28
1560	2303.18
1561	2312.92
1562	2319.37
1563	2322.11
1564	2319.89
1565	2310.63
1566	2292.09
1567	2261.96
1568	2218.25
1569	2161.02
1570	2095.44
1571	2030.25
1572	1974.98
1573	1939.19
1574	1931.55
1575	1955.60
1576	2005.13
1577	2068.73
1578	2134.07
1579	2188.86
1580	2222.36
1581	2230.44
1582	2218.41
1583	2195.46
1584	2171.24
1585	2155.27
1586	2154.97
1587	2170.94
1588	2196.80
1589	2223.93
1590	2243.58
1591	2247.43
1592	2230.90
1593	2198.70
1594	2162.20
1595	2134.35
1596	2128.14
1597	2155.21
1598	2220.12
1599	2314.49
1600	2423.51
1601	2531.26
1602	2621.95
1603	2682.41
1604	2709.34
1605	2711.64
1606	2702.58
1607	2695.92
1608	2705.05
1609	2740.22
1610	2802.98
1611	2887.89
1612	2987.71
1613	3095.11
1614	3203.39
1615	3309.55
1616	3417.51
1617	3534.84
1618	3669.73
1619	3830.35
1620	4023.72
1621	4252.68
1622	4515.01
1623	4806.67
1624	5123.45
1625	5461.34
1626	5818.12
1627	6196.07
1628	6600.84
1629	7038.88
1630	7516.63
1631	8039.79
1632	8610.35
1633	9224.17
1634	9874.34
1635	10553.55
1636	11254.84
1637	11976.09
1638	12730.18
1639	13544.55
1640	14451.02
1641	15481.69
1642	16667.33
1643	18030.74
1644	19578.59
1645	21308.52
1646	23216.47
1647	25297.87
1648	27541.34
1649	29911.02
1650	32342.70
1651	34762.35
1652	37094.95
1653	39265.05
1654	41194.37
1655	42798.12
1656	43987.43
1657	44672.59
1658	44764.82
1659	44192.96
1660	42953.89
1661	41130.72
1662	38838.60
1663	36196.14
1664	33321.18
1665	30324.65
1666	27301.38
1667	24335.51
1668	21508.74
1669	18902.11
1670	16586.25
1671	14591.76
1672	12898.34
1673	11466.83
1674	10255.97
1675	9225.26
1676	8339.69
1677	7576.74
1678	6921.83
1679	6362.10
1680	5884.78
1681	5477.47
1682	5128.99
1683	4829.66
1684	4570.27
1685	4341.68
1686	4135.08
1687	3943.48
1688	3763.63
1689	3594.39
1690	3435.03
1691	3284.84
1692	3143.62
1693	3012.69
1694	2894.80
1695	2793.20
1696	2711.10
1697	2651.15
1698	2613.10
1699	2591.94
1700	2580.45
1701	2571.09
1702	2556.60
1703	2532.16
1704	2499.17
1705	2463.72
1706	2433.00
1707	2414.20
1708	2413.33
1709	2431.90
1710	2466.00
1711	2509.72
1712	2557.00
1713	2602.26
1714	2642.84
1715	2681.57
1716	2724.23
1717	2777.09
1718	2846.28
1719	2936.23
1720	3046.71
1721	3173.70
1722	3312.18
1723	3457.16
1724	3605.13
1725	3758.27
1726	3925.78
1727	4119.46
1728	4351.34
1729	4631.96
1730	4963.78
1731	5334.51
1732	5724.32
1733	6112.14
1734	6477.56
1735	6806.27
1736	7099.26
1737	7368.68
1738	7629.35
1739	7895.89
1740	8178.20
1741	8470.58
1742	8751.08
1743	8992.58
1744	9167.62
1745	9251.58
1746	9231.97
1747	9113.96
1748	8910.04
1749	8633.62
1750	8298.06
1751	7916.08
1752	7499.13
1753	7058.03
1754	6603.44
1755	6145.88
1756	5694.71
1757	5256.36
1758	4835.23
1759	4435.21
1760	4060.11
1761	3713.18
1762	3395.98
1763	3108.44
1764	2850.06
1765	2620.28
1766	2418.53
1767	2244.16
1768	2096.42
1769	1974.55
1770	1877.74
1771	1804.75
1772	1752.35
1773	1714.42
1774	1683.57
1775	1652.32
1776	1613.87
1777	1565.21
1778	1510.16
1779	1455.89
1780	1410.12
1781	1380.02
1782	1368.97
1783	1372.51
1784	1381.55
1785	1386.12
1786	1376.70
1787	1347.60
1788	1302.24
1789	1250.25
1790	1202.63
1791	1170.06
1792	1159.70
1793	1169.34
1794	1189.49
1795	1208.86
1796	1216.36
1797	1204.33
1798	1174.90
1799	1138.73
1800	1108.81
1801	1098.00
1802	1115.51
1803	1159.39
1804	1217.11
1805	1272.99
1806	1311.42
1807	1320.29
1808	1298.98
1809	1258.47
1810	1213.36
1811	1178.34
1812	1165.30
1813	1176.70
1814	1205.01
1815	1239.50
1816	1269.29
1817	1285.24
1818	1284.25
1819	1269.71
1820	1247.17
1821	1222.30
1822	1200.05
1823	1182.95
1824	1170.82
1825	1162.66
1826	1157.34
1827	1153.68
1828	1150.13
1829	1144.83
1830	1135.81
1831	1121.14
1832	1099.75
1833	1073.27
1834	1046.08
1835	1023.40
1836	1010.40
1837	1010.73
1838	1023.48
1839	1043.41
1840	1063.99
1841	1078.77
1842	1082.84
1843	1075.77
1844	1060.95
1845	1042.82
1846	1025.80
1847	1013.43
1848	1006.96
1849	1005.87
1850	1009.19
1851	1015.98
1852	1025.75
1853	1038.97
1854	1056.78
1855	1080.50
1856	1111.17
1857	1148.40
1858	1188.74
1859	1226.98
1860	1257.59
1861	1275.41
1862	1277.20
1863	1263.20
1864	1235.36
1865	1195.89
1866	1147.45
1867	1094.41
1868	1043.65
1869	1003.12
1870	980.77
1871	982.68
1872	1008.16
1873	1048.61
1874	1092.68
1875	1128.98
1876	1148.45
1877	1149.19
1878	1135.75
1879	1114.56
1880	1091.99
1881	1072.90
1882	1058.48
1883	1047.39
1884	1037.69
1885	1027.75
1886	1017.63
1887	1010.74
1888	1012.20
1889	1027.39
1890	1060.04
1891	1106.94
1892	1155.03
1893	1187.28
1894	1186.55
1895	1140.89
1896	1055.23
1897	951.55
1898	857.15
1899	798.63
1900	793.85
1901	838.92
1902	914.65
1903	998.31
1904	1068.53
1905	1112.22
1906	1131.03
1907	1133.89
1908	1130.86
1909	1130.68
1910	1137.10
1911	1147.83
1912	1158.42
1913	1164.33
1914	1162.07
1915	1151.05
1916	1132.92
1917	1109.91
1918	1084.30
1919	1058.49
1920	1035.02
1921	1016.53
1922	1005.67
1923	1004.62
1924	1014.07
1925	1032.87
1926	1059.23
1927	1091.27
1928	1126.54
1929	1161.30
1930	1190.86
1931	1210.33
1932	1215.46
1933	1204.89
1934	1181.92
1935	1151.93
1936	1120.49
1937	1092.04
1938	1067.65
1939	1045.19
1940	1021.61
1941	994.21
1942	962.52
1943	930.49
1944	904.44
1945	890.98
1946	895.26
1947	917.05
1948	950.27
1949	986.84
1950	1018.90
1951	1041.21
1952	1054.14
1953	1061.54
1954	1067.89
1955	1077.13
1956	1090.93
1957	1108.30
1958	1127.25
1959	1145.61
1960	1160.57
1961	1167.92
1962	1162.54
1963	1139.28
1964	1095.15
1965	1035.39
1966	975.03
1967	932.53
1968	925.33
1969	961.60
1970	1029.54
1971	1105.36
1972	1163.15
1973	1181.88
1974	1157.75
1975	1105.72
1976	1046.95
1977	1001.82
1978	983.25
1979	989.77
1980	1012.33
1981	1040.63
1982	1065.52
1983	1081.40
1984	1085.93
1985	1077.75
1986	1056.17
1987	1023.47
1988	986.43
1989	953.79
1990	934.17
1991	933.18
1992	949.08
1993	975.05
1994	1003.14
1995	1026.33
1996	1040.92
1997	1047.03
1998	1046.03
1999	1039.28
2000	1027.20
2001	1008.67
2002	981.76
2003	944.75
2004	898.58
2005	851.10
2006	815.32
2007	805.33
2008	831.80
2009	893.04
2010	973.22
2011	1051.78
2012	1109.45
2013	1136.03
2014	1136.54
2015	1123.20
2016	1108.76
2017	1101.78
2018	1100.87
2019	1098.01
2020	1083.94
2021	1052.03
2022	1004.05
2023	949.70
2024	900.97
2025	868.83
2026	859.51
2027	872.96
2028	906.65
2029	957.19
2030	1017.75
2031	1075.55
2032	1114.86
2033	1120.68
2034	1086.56
2035	1025.62
2036	963.54
2037	927.86
2038	938.07
2039	990.47
2040	1062.06
2041	1124.95
2042	1155.55
2043	1145.96
2044	1104.99
2045	1046.85
2046	985.49
2047	931.86
2048	892.98
2049	874.25
2050	880.01
2051	910.22
2052	957.79
2053	1012.48
2054	1063.93
2055	1103.70
2056	1127.03
2057	1131.11
2058	1113.91
2059	1076.39
2060	1025.89
2061	973.63
2062	931.25
2063	907.59
2064	904.76
2065	920.21
2066	950.16
2067	989.52
2068	1029.79
2069	1059.94
2070	1068.67
2071	1048.82
2072	1004.74
2073	950.40
2074	902.08
2075	873.43
2076	869.90
2077	889.72
2078	928.92
2079	982.23
2080	1040.72
2081	1092.16
2082	1123.56
2083	1124.84
2084	1094.97
2085	1041.45
2086	974.31
2087	904.33
2088	843.78
2089	806.39
2090	805.77
2091	849.79
2092	928.87
2093	1017.57
2094	1086.53
2095	1113.24
2096	1095.90
2097	1050.69
2098	998.44
2099	956.96
2100	934.88
2101	933.31
2102	951.13
2103	984.39
2104	1022.31
2105	1049.08
2106	1048.72
2107	1012.72
2108	950.12
2109	881.47
2110	828.67
2111	806.25
2112	813.10
2113	839.14
2114	872.89
2115	904.49
2116	927.23
2117	936.02
2118	927.43
2119	904.31
2120	878.99
2121	867.67
2122	883.63
2123	927.15
2124	982.38
2125	1027.96
2126	1046.41
2127	1034.58
2128	1003.37
2129	967.71
2130	940.64
2131	929.18
2132	935.79
2133	961.34
2134	1003.97
2135	1056.16
2136	1107.13
2137	1146.45
2138	1168.40
2139	1174.94
2140	1171.44
2141	1162.86
2142	1150.76
2143	1132.69
2144	1105.02
2145	1066.50
2146	1022.89
2147	985.82
2148	967.64
2149	974.79
2150	1001.13
2151	1033.18
2152	1057.65
2153	1068.73
2154	1071.79
2155	1076.67
2156	1090.93
2157	1112.77
2158	1131.16
2159	1132.88
2160	1109.44
2161	1063.69
2162	1005.81
2163	947.09
2164	896.71
2165	860.50
2166	842.67
2167	845.11
2168	863.21
2169	886.12
2170	901.99
2171	904.17
2172	897.24
2173	892.25
2174	899.51
2175	921.32
2176	949.51
2177	972.32
2178	980.25
2179	970.86
2180	947.06
2181	913.42
2182	876.08
2183	843.66
2184	825.52
2185	827.74
2186	846.14
2187	867.53
2188	877.73
2189	870.93
2190	856.59
2191	851.32
2192	867.65
2193	901.43
2194	932.48
2195	938.15
2196	908.32
2197	856.85
2198	809.31
2199	787.73
2200	796.51
2201	823.28
2202	851.85
2203	872.13
2204	885.28
2205	897.82
2206	914.88
2207	935.21
2208	952.04
2209	957.61
2210	946.67
2211	917.91
2212	872.13
2213	813.30
2214	752.78
2215	706.99
2216	690.28
2217	704.75
2218	737.56
2219	771.34
2220	793.36
2221	801.03
2222	797.44
2223	787.60
2224	779.20
2225	782.10
2226	804.02
2227	841.11
2228	873.41
2229	876.89
2230	842.22
2231	792.47
2232	768.32
2233	799.63
2234	873.79
2235	941.05
2236	950.45
2237	887.43
2238	786.04
2239	695.55
2240	648.76
2241	643.69
2242	660.78
2243	681.31
2244	696.62
2245	705.42
2246	707.89
2247	703.50
2248	690.91
2249	669.97
2250	646.40
2251	633.90
2252	647.11
2253	689.02
2254	741.14
2255	776.14
2256	778.31
2257	762.18
2258	759.99
2259	794.26
2260	849.98
2261	882.88
2262	853.96
2263	766.20
2264	664.48
2265	598.94
2266	591.17
2267	627.03
2268	680.82
2269	731.30
2270	765.58
2271	775.75
2272	761.87
2273	736.55
2274	717.01
2275	714.58
2276	727.91
2277	749.25
2278	770.74
2279	786.66
2280	792.68
2281	785.86
2282	765.72
2283	733.92
2284	696.90
2285	671.27
2286	678.39
2287	725.78
2288	784.71
2289	804.83
2290	754.40
2291	659.92
2292	584.97
2293	577.22
2294	624.19
2295	674.44
2296	686.39
2297	663.44
2298	637.34
2299	633.30
2300	646.96
2301	657.07
2302	652.04
2303	648.83
2304	676.81
2305	741.65
2306	796.76
2307	776.79
2308	661.35
2309	516.97
2310	439.60
2311	471.99
2312	565.94
2313	644.73
2314	670.48
2315	662.38
2316	656.69
2317	675.59
2318	722.84
2319	789.30
2320	844.98
2321	845.50
2322	769.22
2323	661.54
2324	606.98
2325	653.01
2326	753.10
2327	818.62
2328	796.56
2329	702.64
2330	580.85
2331	473.35
2332	414.58
2333	426.11
2334	499.95
2335	604.33
2336	704.21
2337	771.19
2338	785.52
2339	748.77
2340	693.24
2341	656.64
2342	652.12
2343	666.25
2344	681.87
2345	693.12
2346	701.18
2347	703.32
2348	687.82
2349	646.61
2350	598.00
2351	585.12
2352	632.30
2353	699.93
2354	717.69
2355	659.93
2356	579.07
2357	542.05
2358	563.82
2359	611.81
2360	652.11
2361	673.77
2362	677.94
2363	666.84
2364	641.99
2365	607.68
2366	574.87
2367	556.28
2368	556.54
2369	569.33
2370	583.87
2371	588.04
2372	573.12
2373	546.24
2374	532.88
2375	552.71
2376	596.21
2377	637.24
2378	655.13
2379	642.19
2380	606.43
2381	579.59
2382	593.88
2383	640.07
2384	669.95
2385	652.34
2386	608.50
2387	576.24
2388	570.75
2389	586.22
2390	612.35
2391	639.95
2392	659.64
2393	661.44
2394	644.53
2395	637.35
2396	680.16
2397	755.31
2398	764.57
2399	650.45
2400	508.55
2401	473.57
2402	543.58
2403	609.21
2404	616.54
2405	613.39
2406	642.43
2407	674.12
2408	665.79
2409	625.49
2410	588.48
2411	569.71
2412	565.64
2413	588.34
2414	663.48
2415	768.79
2416	809.93
2417	732.33
2418	613.39
2419	554.97
2420	560.82
2421	580.54
2422	592.40
2423	604.01
2424	619.91
2425	633.86
2426	633.92
2427	610.91
2428	577.14
2429	564.27
2430	582.45
2431	607.90
2432	628.43
2433	661.57
2434	705.36
2435	717.36
2436	686.03
2437	668.14
2438	694.35
2439	711.18
2440	673.37
2441	608.27
2442	563.03
2443	561.12
2444	596.95
2445	640.19
2446	665.67
2447	669.40
2448	658.72
2449	643.96
2450	633.13
