150	3423.91
151	3413.28
152	3406.74
153	3410.06
154	3423.30
155	3444.89
156	3472.80
157	3504.97
158	3539.32
159	3573.77
160	3606.23
161	3634.66
162	3657.26
163	3673.33
164	3683.47
165	3688.76
166	3690.33
167	3689.30
168	3686.82
169	3684.01
170	3682.00
171	3681.82
172	3684.16
173	3689.26
174	3697.20
175	3708.05
176	3721.87
177	3738.73
178	3758.69
179	3781.82
180	3808.06
181	3836.97
182	3867.61
183	3898.86
184	3929.59
185	3958.65
186	3984.92
187	4007.24
188	4024.51
189	4035.89
190	4041.60
191	4043.12
192	4042.35
193	4041.27
194	4041.84
195	4046.03
196	4055.80
197	4073.08
198	4099.33
199	4134.34
200	4176.03
201	4221.64
202	4268.41
203	4313.52
204	4354.19
205	4387.63
206	4411.10
207	4422.53
208	4422.10
209	4412.33
210	4396.48
211	4377.90
212	4359.90
213	4345.82
214	4339.00
215	4342.68
216	4359.27
217	4388.62
218	4428.11
219	4474.41
220	4524.14
221	4573.93
222	4620.39
223	4660.13
224	4689.89
225	4707.22
226	4712.16
227	4706.75
228	4693.58
229	4675.27
230	4654.45
231	4633.74
232	4615.77
233	4603.06
234	4597.51
235	4599.35
236	4607.60
237	4621.05
238	4638.41
239	4658.45
240	4679.90
241	4701.51
242	4722.05
243	4740.48
244	4756.16
245	4768.70
246	4777.77
247	4783.03
248	4784.15
249	4780.78
250	4772.60
251	4759.40
252	4741.55
253	4720.58
254	4698.61
255	4677.82
256	4660.42
257	4648.63
258	4644.63
259	4650.63
260	4668.48
261	4698.48
262	4738.65
263	4786.01
264	4837.43
265	4889.78
266	4939.96
267	4984.82
268	5021.28
269	5046.74
270	5060.43
271	5063.74
272	5058.87
273	5048.09
274	5033.66
275	5017.86
276	5002.94
277	4991.15
278	4984.26
279	4982.70
280	4985.62
281	4991.85
282	5000.14
283	5009.27
284	5018.02
285	5025.16
286	5029.52
287	5030.29
288	5027.62
289	5022.31
290	5015.29
291	5007.52
292	4999.96
293	4993.55
294	4989.24
295	4987.94
296	4990.25
297	4996.19
298	5005.53
299	5017.93
300	5033.10
301	5050.72
302	5070.48
303	5092.06
304	5115.08
305	5138.85
306	5162.31
307	5184.20
308	5203.28
309	5218.28
310	5227.93
311	5230.98
312	5226.20
313	5212.74
314	5190.96
315	5162.41
316	5129.03
317	5092.76
318	5055.56
319	5019.39
320	4986.18
321	4957.83
322	4935.71
323	4919.94
324	4909.83
325	4904.47
326	4902.96
327	4904.39
328	4907.86
329	4912.45
330	4917.34
331	4922.04
332	4926.63
333	4931.51
334	4937.08
335	4943.79
336	4952.05
337	4962.28
338	4974.90
339	4990.19
340	5007.88
341	5027.14
342	5046.92
343	5066.18
344	5083.84
345	5098.85
346	5110.15
347	5116.73
348	5117.94
349	5114.11
350	5106.23
351	5095.49
352	5083.09
353	5070.21
354	5058.03
355	5047.76
356	5040.47
357	5036.70
358	5036.09
359	5037.83
360	5041.05
361	5044.87
362	5048.41
363	5050.79
364	5051.16
365	5048.87
366	5043.98
367	5037.34
368	5030.04
369	5023.22
370	5017.98
371	5015.44
372	5016.72
373	5022.86
374	5034.43
375	5050.85
376	5070.80
377	5092.82
378	5115.43
379	5137.14
380	5156.50
381	5172.01
382	5182.43
383	5187.34
384	5187.52
385	5184.29
386	5178.98
387	5172.96
388	5167.60
389	5164.23
390	5164.19
391	5168.38
392	5176.56
393	5187.58
394	5200.03
395	5212.49
396	5223.53
397	5231.72
398	5235.65
399	5234.08
400	5226.72
401	5214.88
402	5200.65
403	5186.24
404	5173.86
405	5165.73
406	5164.06
407	5171.01
408	5188.14
409	5215.06
410	5249.55
411	5288.86
412	5330.15
413	5370.63
414	5407.46
415	5437.85
416	5459.18
417	5469.88
418	5470.39
419	5462.22
420	5447.07
421	5426.63
422	5402.61
423	5376.70
424	5350.59
425	5325.82
426	5303.37
427	5283.74
428	5267.21
429	5254.06
430	5244.60
431	5239.09
432	5237.83
433	5241.04
434	5248.54
435	5259.43
436	5272.43
437	5286.16
438	5299.25
439	5310.34
440	5318.06
441	5321.05
442	5318.32
443	5309.96
444	5297.12
445	5281.32
446	5264.08
447	5246.93
448	5231.41
449	5219.03
450	5211.20
451	5208.61
452	5210.72
453	5216.33
454	5224.15
455	5232.87
456	5241.20
457	5247.83
458	5251.51
459	5251.37
460	5247.69
461	5241.78
462	5235.25
463	5229.72
464	5226.82
465	5228.18
466	5235.39
467	5249.86
468	5271.94
469	5300.35
470	5333.10
471	5368.13
472	5403.34
473	5436.63
474	5465.94
475	5489.25
476	5505.29
477	5514.57
478	5518.92
479	5520.46
480	5521.34
481	5523.71
482	5529.72
483	5541.49
484	5560.74
485	5587.66
486	5620.56
487	5657.11
488	5694.89
489	5731.48
490	5764.45
491	5791.39
492	5810.04
493	5819.08
494	5818.96
495	5811.16
496	5797.32
497	5779.09
498	5758.14
499	5736.10
500	5714.62
501	5695.13
502	5678.50
503	5665.08
504	5655.10
505	5648.78
506	5646.32
507	5647.96
508	5653.88
509	5664.16
510	5678.23
511	5694.71
512	5711.88
513	5727.96
514	5741.20
515	5749.84
516	5752.11
517	5746.40
518	5731.94
519	5709.74
520	5681.79
521	5650.30
522	5617.49
523	5585.56
524	5556.71
525	5533.11
526	5516.33
527	5506.33
528	5501.69
529	5500.59
530	5501.19
531	5501.67
532	5500.19
533	5494.93
534	5484.30
535	5467.64
536	5445.42
537	5418.54
538	5387.95
539	5354.61
540	5319.46
541	5283.46
542	5247.53
543	5212.51
544	5179.04
545	5147.67
546	5118.96
547	5093.43
548	5071.64
549	5054.11
550	5041.35
551	5033.51
552	5029.95
553	5029.47
554	5030.73
555	5032.40
556	5033.14
557	5031.63
558	5026.56
559	5017.16
560	5004.19
561	4989.89
562	4976.92
563	4967.99
564	4965.81
565	4973.07
566	4992.46
567	5026.11
568	5074.07
569	5133.75
570	5201.54
571	5273.75
572	5346.67
573	5416.58
574	5479.80
575	5532.97
576	5574.41
577	5605.20
578	5627.71
579	5644.55
580	5658.29
581	5671.52
582	5686.83
583	5706.67
584	5732.59
585	5764.31
586	5800.43
587	5839.39
588	5879.56
589	5919.36
590	5957.18
591	5991.47
592	6021.11
593	6046.08
594	6067.13
595	6085.23
596	6101.33
597	6116.41
598	6131.43
599	6147.31
600	6164.54
601	6182.33
602	6198.68
603	6211.31
604	6217.88
605	6216.05
606	6203.50
607	6177.94
608	6137.75
609	6083.54
610	6018.39
611	5946.17
612	5870.84
613	5796.34
614	5726.63
615	5665.63
616	5616.69
617	5580.87
618	5556.39
619	5540.35
620	5529.73
621	5521.52
622	5512.70
623	5500.27
624	5481.54
625	5455.14
626	5421.72
627	5382.72
628	5339.73
629	5294.30
630	5248.03
631	5202.46
632	5159.10
633	5118.99
634	5082.46
635	5049.53
636	5020.15
637	4994.28
638	4971.88
639	4952.90
640	4937.25
641	4924.71
642	4914.72
643	4906.59
644	4899.60
645	4893.03
646	4886.15
647	4878.24
648	4868.67
649	4857.23
650	4844.62
651	4831.96
652	4820.51
653	4811.48
654	4806.11
655	4805.64
656	4811.20
657	4823.32
658	4841.35
659	4863.92
660	4889.57
661	4916.80
662	4944.14
663	4970.10
664	4993.27
665	5012.77
666	5028.71
667	5041.84
668	5053.02
669	5063.11
670	5072.97
671	5083.47
672	5095.43
673	5109.49
674	5125.90
675	5144.66
676	5165.73
677	5189.05
678	5214.60
679	5242.31
680	5272.20
681	5304.50
682	5339.93
683	5379.52
684	5424.36
685	5475.52
686	5534.07
687	5601.10
688	5677.58
689	5763.82
690	5858.83
691	5960.89
692	6068.12
693	6178.68
694	6290.69
695	6402.29
696	6511.73
697	6617.86
698	6720.70
699	6820.89
700	6919.17
701	7016.29
702	7113.01
703	7210.08
704	7308.18
705	7407.79
706	7508.94
707	7611.43
708	7715.06
709	7819.61
710	7924.86
711	8030.59
712	8136.46
713	8241.62
714	8344.33
715	8442.48
716	8533.93
717	8616.50
718	8688.02
719	8746.36
720	8789.70
721	8817.69
722	8832.06
723	8835.37
724	8830.27
725	8819.44
726	8805.55
727	8791.24
728	8778.67
729	8768.21
730	8758.04
731	8745.50
732	8727.91
733	8702.53
734	8666.66
735	8617.65
736	8553.75
737	8476.15
738	8389.11
739	8297.84
740	8207.64
741	8123.79
742	8051.60
743	7996.22
744	7961.38
745	7946.79
746	7948.73
747	7962.54
748	7983.51
749	8006.92
750	8028.05
751	8042.40
752	8046.98
753	8042.49
754	8032.16
755	8019.78
756	8009.19
757	8004.22
758	8008.68
759	8026.09
760	8058.05
761	8102.46
762	8155.20
763	8211.76
764	8267.62
765	8318.24
766	8359.14
767	8386.22
768	8397.31
769	8393.19
770	8375.95
771	8347.85
772	8311.16
773	8268.15
774	8221.10
775	8172.25
776	8123.80
777	8077.85
778	8036.50
779	8001.84
780	7975.95
781	7960.92
782	7958.79
783	7971.26
784	7998.95
785	8041.60
786	8098.70
787	8169.70
788	8254.06
789	8351.25
790	8460.68
791	8581.49
792	8712.15
793	8850.72
794	8995.18
795	9143.52
796	9293.71
797	9443.73
798	9591.84
799	9737.44
800	9881.92
801	10027.52
802	10176.63
803	10331.63
804	10494.92
805	10668.86
806	10855.52
807	11055.90
808	11269.83
809	11496.72
810	11735.94
811	11986.86
812	12248.85
813	12521.40
814	12804.83
815	13101.72
816	13416.37
817	13753.49
818	14117.80
819	14514.05
820	14946.95
821	15420.58
822	15935.61
823	16486.40
824	17064.10
825	17659.32
826	18262.62
827	18864.60
828	19455.87
829	20027.86
830	20574.91
831	21094.88
832	21586.91
833	22050.27
834	22484.21
835	22887.99
836	23260.85
837	23601.75
838	23908.88
839	24179.92
840	24412.39
841	24603.78
842	24751.62
843	24853.44
844	24907.41
845	24914.91
846	24882.87
847	24820.89
848	24739.01
849	24647.27
850	24555.70
851	24474.28
852	24411.88
853	24373.71
854	24361.16
855	24374.37
856	24413.39
857	24478.25
858	24568.98
859	24685.42
860	24826.03
861	24986.28
862	25159.75
863	25339.64
864	25519.13
865	25691.38
866	25849.61
867	25987.34
868	26099.53
869	26182.97
870	26235.19
871	26253.78
872	26236.36
873	26180.55
874	26084.16
875	25946.77
876	25772.48
877	25568.80
878	25344.09
879	25106.71
880	24865.07
881	24627.54
882	24401.62
883	24191.16
884	23994.26
885	23806.51
886	23623.21
887	23439.61
888	23250.97
889	23052.77
890	22842.54
891	22623.59
892	22404.00
893	22193.15
894	22000.49
895	21835.49
896	21707.53
897	21625.01
898	21591.40
899	21602.15
900	21649.10
901	21723.53
902	21816.68
903	21919.83
904	22024.36
905	22122.70
906	22210.34
907	22285.32
908	22346.37
909	22392.25
910	22421.76
911	22433.66
912	22426.78
913	22400.12
914	22352.98
915	22284.80
916	22195.05
917	22083.18
918	21948.64
919	21791.07
920	21611.59
921	21415.29
922	21210.31
923	21005.64
924	20810.25
925	20633.18
926	20483.34
927	20368.52
928	20291.60
929	20248.57
930	20232.69
931	20236.83
932	20253.89
933	20276.76
934	20298.56
935	20314.11
936	20322.15
937	20324.05
938	20321.75
939	20317.23
940	20312.46
941	20309.38
942	20309.53
943	20313.07
944	20318.49
945	20323.79
946	20326.89
947	20325.71
948	20318.18
949	20302.62
950	20279.39
951	20252.74
952	20228.91
953	20214.52
954	20216.17
955	20240.49
956	20293.87
957	20380.42
958	20497.91
959	20638.71
960	20793.79
961	20953.98
962	21110.14
963	21253.15
964	21374.41
965	21467.47
966	21528.85
967	21556.14
968	21547.12
969	21499.57
970	21411.24
971	21279.98
972	21104.11
973	20882.92
974	20616.28
975	20304.13
976	19946.44
977	19543.20
978	19094.59
979	18603.06
980	18077.65
981	17533.15
982	16985.96
983	16452.62
984	15949.61
985	15493.35
986	15098.28
987	14770.96
988	14507.58
989	14300.38
990	14141.14
991	14021.62
992	13933.60
993	13869.22
994	13822.62
995	13791.83
996	13776.89
997	13778.20
998	13796.18
999	13831.24
1000	13883.76
1001	13953.64
1002	14039.68
1003	14139.80
1004	14251.74
1005	14373.20
1006	14501.91
1007	14635.60
1008	14772.22
1009	14910.45
1010	15049.74
1011	15189.80
1012	15330.35
1013	15471.11
1014	15611.79
1015	15751.87
1016	15889.83
1017	16022.71
1018	16146.97
1019	16258.98
1020	16355.12
1021	16431.77
1022	16485.74
1023	16516.04
1024	16526.00
1025	16521.16
1026	16507.49
1027	16490.97
1028	16477.56
1029	16473.00
1030	16481.28
1031	16502.19
1032	16532.65
1033	16568.95
1034	16607.31
1035	16643.99
1036	16675.30
1037	16698.45
1038	16713.09
1039	16721.13
1040	16725.05
1041	16727.38
1042	16730.66
1043	16737.45
1044	16750.50
1045	16773.31
1046	16810.20
1047	16865.73
1048	16944.54
1049	17051.21
1050	17190.34
1051	17366.08
1052	17580.90
1053	17834.91
1054	18127.34
1055	18457.30
1056	18823.90
1057	19226.21
1058	19662.59
1059	20127.91
1060	20611.44
1061	21099.92
1062	21579.66
1063	22037.01
1064	22458.34
1065	22831.12
1066	23148.95
1067	23416.96
1068	23646.30
1069	23849.18
1070	24037.86
1071	24224.55
1072	24420.69
1073	24632.65
1074	24856.05
1075	25080.15
1076	25292.88
1077	25482.16
1078	25635.91
1079	25742.39
1080	25792.53
1081	25783.45
1082	25716.35
1083	25593.37
1084	25416.68
1085	25188.47
1086	24910.94
1087	24586.64
1088	24218.92
1089	23811.72
1090	23369.13
1091	22895.24
1092	22394.15
1093	21870.08
1094	21328.29
1095	20776.87
1096	20226.13
1097	19686.92
1098	19170.13
1099	18686.65
1100	18247.07
1101	17859.13
1102	17522.72
1103	17231.25
1104	16976.40
1105	16749.76
1106	16542.91
1107	16347.58
1108	16156.71
1109	15966.80
1110	15777.33
1111	15588.60
1112	15400.96
1113	15214.74
1114	15030.22
1115	14846.94
1116	14662.33
1117	14472.03
1118	14271.22
1119	14055.03
1120	13818.59
1121	13557.21
1122	13267.87
1123	12952.17
1124	12615.60
1125	12264.69
1126	11906.04
1127	11546.26
1128	11191.84
1129	10848.46
1130	10519.48
1131	10206.44
1132	9910.41
1133	9632.40
1134	9373.46
1135	9134.58
1136	8916.64
1137	8720.10
1138	8545.17
1139	8391.97
1140	8260.60
1141	8151.18
1142	8063.72
1143	7997.35
1144	7949.12
1145	7914.61
1146	7889.08
1147	7867.78
1148	7845.95
1149	7819.10
1150	7784.44
1151	7743.03
1152	7698.31
1153	7654.24
1154	7614.78
1155	7583.89
1156	7565.25
1157	7560.72
1158	7568.61
1159	7585.26
1160	7606.64
1161	7628.71
1162	7647.42
1163	7659.05
1164	7661.32
1165	7654.57
1166	7640.38
1167	7620.54
1168	7596.83
1169	7571.06
1170	7545.03
1171	7520.69
1172	7500.17
1173	7485.67
1174	7479.41
1175	7483.59
1176	7500.39
1177	7531.31
1178	7575.36
1179	7628.50
1180	7685.64
1181	7741.54
1182	7790.99
1183	7828.85
1184	7851.25
1185	7858.20
1186	7853.52
1187	7842.17
1188	7829.20
1189	7819.68
1190	7818.49
1191	7829.01
1192	7850.73
1193	7880.16
1194	7913.04
1195	7945.07
1196	7971.99
1197	7989.82
1198	7996.66
1199	7994.95
1200	7989.71
1201	7986.48
1202	7990.81
1203	8008.25
1204	8043.70
1205	8099.09
1206	8171.43
1207	8255.50
1208	8345.74
1209	8436.55
1210	8522.43
1211	8598.70
1212	8663.94
1213	8720.62
1214	8772.62
1215	8823.97
1216	8878.70
1217	8940.74
1218	9013.09
1219	9096.02
1220	9187.40
1221	9284.47
1222	9384.41
1223	9484.39
1224	9581.85
1225	9675.59
1226	9767.63
1227	9861.87
1228	9962.64
1229	10074.28
1230	10201.12
1231	10347.14
1232	10514.74
1233	10703.88
1234	10913.42
1235	11142.06
1236	11388.51
1237	11651.53
1238	11930.56
1239	12227.33
1240	12546.02
1241	12891.57
1242	13268.98
1243	13683.26
1244	14139.30
1245	14640.99
1246	15189.83
1247	15785.63
1248	16427.87
1249	17115.96
1250	17849.30
1251	18626.32
1252	19440.85
1253	20279.10
1254	21123.75
1255	21956.97
1256	22760.90
1257	23517.87
1258	24212.34
1259	24836.07
1260	25388.35
1261	25870.92
1262	26285.68
1263	26634.56
1264	26919.35
1265	27140.86
1266	27297.65
1267	27386.86
1268	27405.30
1269	27349.79
1270	27217.18
1271	27005.58
1272	26718.29
1273	26366.16
1274	25963.08
1275	25523.35
1276	25061.29
1277	24591.06
1278	24125.55
1279	23673.94
1280	23242.30
1281	22835.84
1282	22459.74
1283	22119.20
1284	21819.90
1285	21570.13
1286	21382.89
1287	21273.46
1288	21257.54
1289	21350.82
1290	21568.61
1291	21921.42
1292	22404.05
1293	22995.38
1294	23669.26
1295	24399.17
1296	25158.54
1297	25920.80
1298	26659.30
1299	27347.20
1300	27957.55
1301	28463.39
1302	28837.77
1303	29054.07
1304	29090.57
1305	28942.75
1306	28625.35
1307	28159.60
1308	27567.36
1309	26870.50
1310	26090.82
1311	25249.77
1312	24368.02
1313	23465.80
1314	22563.24
1315	21680.46
1316	20837.39
1317	20050.83
1318	19326.69
1319	18658.60
1320	18035.98
1321	17447.88
1322	16883.35
1323	16331.87
1324	15785.65
1325	15242.44
1326	14703.20
1327	14169.49
1328	13642.92
1329	13125.10
1330	12618.01
1331	12124.89
1332	11650.20
1333	11198.85
1334	10775.76
1335	10385.84
1336	10033.53
1337	9720.80
1338	9445.04
1339	9201.33
1340	8984.34
1341	8788.75
1342	8609.27
1343	8441.28
1344	8282.07
1345	8130.58
1346	7986.21
1347	7848.40
1348	7716.59
1349	7590.41
1350	7470.34
1351	7358.09
1352	7255.93
1353	7166.18
1354	7091.17
1355	7033.08
1356	6993.15
1357	6970.31
1358	6961.94
1359	6965.08
1360	6976.76
1361	6993.97
1362	7013.69
1363	7032.67
1364	7047.43
1365	7054.43
1366	7050.13
1367	7030.97
1368	6993.70
1369	6936.43
1370	6859.73
1371	6765.35
1372	6655.23
1373	6531.34
1374	6395.67
1375	6250.74
1376	6100.30
1377	5949.06
1378	5801.95
1379	5663.91
1380	5539.83
1381	5433.93
1382	5347.94
1383	5280.84
1384	5230.63
1385	5195.22
1386	5172.52
1387	5160.58
1388	5158.03
1389	5164.57
1390	5180.35
1391	5205.62
1392	5240.61
1393	5285.57
1394	5340.64
1395	5405.79
1396	5480.85
1397	5565.62
1398	5659.91
1399	5763.45
1400	5875.28
1401	5992.18
1402	6108.81
1403	6219.17
1404	6317.23
1405	6397.03
1406	6454.26
1407	6491.31
1408	6519.57
1409	6553.93
1410	6609.72
1411	6702.20
1412	6845.50
1413	7047.47
1414	7304.59
1415	7607.58
1416	7946.17
1417	8310.10
1418	8689.78
1419	9080.53
1420	9489.27
1421	9930.58
1422	10420.75
1423	10976.16
1424	11613.13
1425	12347.61
1426	13194.32
1427	14166.99
1428	15279.05
1429	16543.90
1430	17974.42
1431	19576.09
1432	21328.45
1433	23182.19
1434	25078.29
1435	26956.83
1436	28758.02
1437	30425.27
1438	31915.22
1439	33203.07
1440	34271.39
1441	35103.68
1442	35683.64
1443	35998.11
1444	36049.87
1445	35868.70
1446	35497.14
1447	34979.75
1448	34361.09
1449	33684.31
1450	32984.18
1451	32278.66
1452	31576.37
1453	30884.20
1454	30208.93
1455	29556.62
1456	28928.38
1457	28313.88
1458	27695.44
1459	27053.79
1460	26369.60
1461	25624.35
1462	24806.07
1463	23919.51
1464	22981.77
1465	22012.96
1466	21033.32
1467	20062.76
1468	19117.82
1469	18205.65
1470	17325.66
1471	16475.18
1472	15651.44
1473	14851.73
1474	14074.47
1475	13321.37
1476	12597.10
1477	11907.20
1478	11257.25
1479	10652.78
1480	10098.26
1481	9595.05
1482	9141.39
1483	8734.61
1484	8371.96
1485	8050.64
1486	7767.13
1487	7515.60
1488	7287.85
1489	7074.95
1490	6867.90
1491	6657.87
1492	6438.06
1493	6208.41
1494	5975.93
1495	5749.87
1496	5539.66
1497	5354.58
1498	5201.72
1499	5080.87
1500	4984.22
1501	4901.50
1502	4822.27
1503	4736.21
1504	4634.95
1505	4516.49
1506	4385.35
1507	4248.10
1508	4111.49
1509	3982.18
1510	3865.80
1511	3764.76
1512	3678.28
1513	3604.62
1514	3541.97
1515	3488.49
1516	3442.34
1517	3401.57
1518	3364.15
1519	3328.01
1520	3291.10
1521	3251.41
1522	3207.36
1523	3158.60
1524	3105.80
1525	3049.94
1526	2992.00
1527	2932.97
1528	2873.96
1529	2816.39
1530	2761.90
1531	2712.20
1532	2668.99
1533	2633.87
1534	2607.69
1535	2589.55
1536	2577.40
1537	2568.94
1538	2561.84
1539	2553.82
1540	2542.80
1541	2527.14
1542	2505.44
1543	2476.35
1544	2438.55
1545	2391.11
1546	2335.18
1547	2275.57
1548	2218.88
1549	2171.99
1550	2141.72
1551	2133.92
1552	2150.04
1553	2185.21
1554	2231.94
1555	2282.41
1556	2328.85
1557	2364.41
1558	2385.65
1559	2393.04
1560	2388.46
1561	2373.89
1562	2351.33
1563	2322.84
1564	2290.60
1565	2256.97
1566	2224.31
1567	2195.01
1568	2171.32
1569	2154.67
1570	2144.40
1571	2138.42
1572	2134.27
1573	2129.52
1574	2121.91
1575	2110.22
1576	2095.31
1577	2079.06
1578	2063.60
1579	2051.03
1580	2043.27
1581	2041.57
1582	2046.16
1583	2056.86
1584	2073.44
1585	2095.66
1586	2123.07
1587	2154.57
1588	2188.41
1589	2222.60
1590	2255.17
1591	2284.24
1592	2308.75
1593	2329.79
1594	2349.93
1595	2372.08
1596	2399.20
1597	2433.83
1598	2476.45
1599	2523.79
1600	2570.69
1601	2611.69
1602	2641.38
1603	2655.70
1604	2655.59
1605	2648.13
1606	2642.67
1607	2648.75
1608	2675.68
1609	2730.29
1610	2812.67
1611	2917.53
1612	3038.13
1613	3167.70
1614	3299.92
1615	3431.23
1616	3563.23
1617	3700.22
1618	3846.98
1619	4008.28
1620	4188.63
1621	4391.39
1622	4618.59
1623	4871.80
1624	5152.54
1625	5462.32
1626	5802.71
1627	6175.42
1628	6582.27
1629	7025.10
1630	7505.76
1631	8026.01
1632	8587.31
1633	9190.56
1634	9836.43
1635	10525.57
1636	11258.79
1637	12038.95
1638	12875.42
1639	13783.80
1640	14781.61
1641	15886.49
1642	17115.85
1643	18485.59
1644	20008.67
1645	21696.37
1646	23559.64
1647	25608.80
1648	27844.82
1649	30234.83
1650	32706.88
1651	35175.45
1652	37553.70
1653	39754.76
1654	41691.77
1655	43277.90
1656	44426.38
1657	45050.43
1658	45064.33
1659	44400.37
1660	43060.54
1661	41135.12
1662	38747.26
1663	36023.59
1664	33089.68
1665	30061.87
1666	27034.94
1667	24089.35
1668	21302.37
1669	18750.46
1670	16499.62
1671	14575.14
1672	12950.66
1673	11580.66
1674	10417.54
1675	9414.87
1676	8534.95
1677	7759.82
1678	7084.09
1679	6505.07
1680	6020.09
1681	5624.78
1682	5308.68
1683	5054.22
1684	4841.40
1685	4649.98
1686	4460.74
1687	4260.50
1688	4048.34
1689	3830.22
1690	3613.39
1691	3405.14
1692	3212.37
1693	3040.71
1694	2894.60
1695	2778.12
1696	2695.24
1697	2648.93
1698	2637.12
1699	2649.42
1700	2671.62
1701	2688.93
1702	2687.12
1703	2656.83
1704	2601.13
1705	2532.39
1706	2465.23
1707	2414.26
1708	2391.92
1709	2402.47
1710	2440.18
1711	2495.79
1712	2559.64
1713	2622.70
1714	2679.46
1715	2731.11
1716	2782.36
1717	2838.59
1718	2905.06
1719	2986.05
1720	3083.01
1721	3195.16
1722	3321.09
1723	3459.42
1724	3609.45
1725	3773.19
1726	3956.00
1727	4164.48
1728	4405.31
1729	4684.39
1730	5003.36
1731	5356.00
1732	5732.10
1733	6120.80
1734	6511.44
1735	6895.23
1736	7268.20
1737	7629.85
1738	7980.51
1739	8320.37
1740	8647.12
1741	8950.11
1742	9210.00
1743	9404.70
1744	9512.05
1745	9513.07
1746	9402.69
1747	9195.99
1748	8916.40
1749	8588.40
1750	8235.32
1751	7873.75
1752	7507.04
1753	7131.46
1754	6742.00
1755	6333.95
1756	5905.57
1757	5462.48
1758	5015.53
1759	4576.82
1760	4158.38
1761	3770.87
1762	3420.76
1763	3110.63
1764	2841.93
1765	2615.93
1766	2432.77
1767	2288.21
1768	2172.95
1769	2075.83
1770	1985.59
1771	1892.40
1772	1792.72
1773	1692.37
1774	1601.05
1775	1528.99
1776	1485.40
1777	1474.12
1778	1489.31
1779	1520.37
1780	1555.89
1781	1584.92
1782	1599.45
1783	1597.68
1784	1581.47
1785	1553.40
1786	1516.05
1787	1472.12
1788	1424.44
1789	1375.94
1790	1329.60
1791	1288.35
1792	1254.79
1793	1230.66
1794	1217.04
1795	1214.82
1796	1224.80
1797	1246.83
1798	1278.03
1799	1313.15
1800	1346.32
1801	1371.66
1802	1384.27
1803	1382.15
1804	1366.07
1805	1337.62
1806	1298.50
1807	1251.05
1808	1199.75
1809	1151.23
1810	1112.76
1811	1091.56
1812	1093.07
1813	1116.75
1814	1155.79
1815	1201.32
1816	1244.41
1817	1277.32
1818	1296.43
1819	1302.60
1820	1298.16
1821	1285.55
1822	1267.05
1823	1244.32
1824	1218.42
1825	1190.16
1826	1160.38
1827	1130.25
1828	1102.01
1829	1079.05
1830	1065.14
1831	1063.97
1832	1077.97
1833	1105.43
1834	1140.50
1835	1176.05
1836	1204.95
1837	1221.41
1838	1223.70
1839	1213.98
1840	1195.53
1841	1171.68
1842	1145.63
1843	1120.08
1844	1097.33
1845	1079.56
1846	1068.87
1847	1066.75
1848	1073.08
1849	1086.48
1850	1105.25
1851	1127.58
1852	1150.75
1853	1169.98
1854	1179.10
1855	1171.63
1856	1141.74
1857	1087.74
1858	1016.47
1859	939.73
1860	870.22
1861	819.86
1862	796.17
1863	798.88
1864	823.90
1865	866.49
1866	921.76
1867	984.11
1868	1046.96
1869	1103.33
1870	1146.26
1871	1169.89
1872	1172.48
1873	1157.05
1874	1128.27
1875	1090.98
1876	1049.91
1877	1009.50
1878	973.90
1879	947.16
1880	933.04
1881	933.05
1882	943.22
1883	955.75
1884	961.99
1885	954.07
1886	928.75
1887	891.65
1888	853.04
1889	823.98
1890	814.20
1891	827.75
1892	860.63
1893	905.57
1894	954.95
1895	1001.76
1896	1041.00
1897	1069.77
1898	1085.77
1899	1087.03
1900	1073.41
1901	1049.31
1902	1022.38
1903	1000.95
1904	992.57
1905	1000.33
1906	1019.34
1907	1040.79
1908	1055.35
1909	1055.77
1910	1042.64
1911	1025.98
1912	1019.15
1913	1035.23
1914	1081.64
1915	1150.50
1916	1221.99
1917	1273.31
1918	1283.63
1919	1244.11
1920	1167.99
1921	1079.81
1922	1005.80
1923	967.89
1924	972.29
1925	1006.72
1926	1052.49
1927	1090.95
1928	1108.80
1929	1106.09
1930	1092.46
1931	1079.73
1932	1078.49
1933	1092.88
1934	1116.81
1935	1139.66
1936	1150.43
1937	1141.21
1938	1113.66
1939	1078.31
1940	1048.27
1941	1035.80
1942	1047.27
1943	1077.53
1944	1115.28
1945	1148.24
1946	1166.28
1947	1167.07
1948	1156.84
1949	1144.70
1950	1139.44
1951	1146.08
1952	1161.42
1953	1177.25
1954	1184.48
1955	1175.83
1956	1150.96
1957	1117.98
1958	1087.91
1959	1071.47
1960	1074.61
1961	1092.71
1962	1114.45
1963	1127.24
1964	1120.82
1965	1093.87
1966	1055.78
1967	1019.71
1968	998.45
1969	999.51
1970	1019.05
1971	1046.43
1972	1069.74
1973	1079.11
1974	1071.91
1975	1053.41
1976	1031.47
1977	1013.83
1978	1006.08
1979	1009.71
1980	1024.06
1981	1047.99
1982	1079.30
1983	1112.76
1984	1140.32
1985	1153.24
1986	1143.99
1987	1111.02
1988	1062.04
1989	1008.73
1990	962.99
1991	933.99
1992	924.27
1993	931.73
1994	953.21
1995	985.08
1996	1022.25
1997	1058.03
1998	1085.21
1999	1097.14
2000	1090.56
2001	1068.18
2002	1035.65
2003	999.05
2004	964.07
2005	935.27
2006	916.41
2007	910.97
2008	921.44
2009	946.77
2010	981.92
2011	1020.47
2012	1056.13
2013	1083.94
2014	1101.17
2015	1106.19
2016	1097.77
2017	1076.72
2018	1048.54
2019	1021.90
2020	1005.87
2021	1006.79
2022	1022.25
2023	1041.59
2024	1051.87
2025	1042.39
2026	1012.40
2027	974.17
2028	944.94
2029	940.79
2030	968.75
2031	1019.68
2032	1076.52
2033	1121.54
2034	1141.82
2035	1135.48
2036	1107.75
2037	1065.42
2038	1015.65
2039	966.40
2040	926.30
2041	904.04
2042	906.35
2043	933.32
2044	978.01
2045	1031.16
2046	1083.62
2047	1127.40
2048	1156.07
2049	1163.84
2050	1146.45
2051	1106.45
2052	1057.40
2053	1017.75
2054	1004.79
2055	1025.31
2056	1066.08
2057	1103.45
2058	1113.47
2059	1082.27
2060	1018.01
2061	942.17
2062	878.13
2063	843.59
2064	842.11
2065	867.55
2066	911.49
2067	964.49
2068	1014.84
2069	1049.10
2070	1053.96
2071	1021.87
2072	961.33
2073	894.22
2074	845.45
2075	834.51
2076	864.26
2077	922.83
2078	994.26
2079	1063.30
2080	1117.61
2081	1147.56
2082	1144.74
2083	1105.25
2084	1039.03
2085	969.00
2086	921.36
2087	916.24
2088	954.34
2089	1018.13
2090	1085.06
2091	1135.85
2092	1162.30
2093	1166.25
2094	1152.55
2095	1126.68
2096	1095.49
2097	1066.97
2098	1049.13
2099	1047.04
2100	1057.64
2101	1071.34
2102	1077.11
2103	1066.56
2104	1038.14
2105	995.42
2106	943.53
2107	890.05
2108	848.17
2109	834.64
2110	865.07
2111	942.66
2112	1044.80
2113	1134.20
2114	1174.46
2115	1149.36
2116	1079.23
2117	1002.40
2118	955.79
2119	956.40
2120	990.90
2121	1033.24
2122	1059.71
2123	1062.14
2124	1051.64
2125	1045.92
2126	1058.85
2127	1089.57
2128	1122.81
2129	1139.64
2130	1127.71
2131	1092.80
2132	1054.51
2133	1034.56
2134	1045.90
2135	1082.66
2136	1127.96
2137	1163.87
2138	1177.94
2139	1166.72
2140	1130.92
2141	1073.17
2142	1001.02
2143	927.79
2144	868.60
2145	836.30
2146	836.88
2147	870.48
2148	934.91
2149	1022.81
2150	1116.21
2151	1190.99
2152	1225.41
2153	1213.64
2154	1173.53
2155	1132.47
2156	1113.31
2157	1120.10
2158	1138.32
2159	1148.48
2160	1136.63
2161	1102.51
2162	1054.67
2163	1003.13
2164	955.96
2165	918.02
2166	892.73
2167	882.25
2168	885.38
2169	897.76
2170	914.12
2171	929.39
2172	939.19
2173	939.50
2174	927.10
2175	901.43
2176	865.44
2177	823.55
2178	781.80
2179	750.10
2180	741.09
2181	765.71
2182	823.40
2183	895.23
2184	954.66
2185	980.51
2186	970.92
2187	941.21
2188	910.42
2189	891.74
2190	887.27
2191	893.56
2192	905.88
2193	918.23
2194	923.51
2195	915.51
2196	894.65
2197	873.72
2198	871.30
2199	900.83
2200	956.46
2201	1014.04
2202	1046.31
2203	1038.05
2204	995.98
2205	937.31
2206	878.91
2207	831.81
2208	801.81
2209	791.92
2210	798.62
2211	808.58
2212	805.14
2213	778.31
2214	736.15
2215	699.41
2216	688.54
2217	711.49
2218	760.87
2219	823.53
2220	884.38
2221	925.62
2222	928.81
2223	884.06
2224	807.26
2225	736.55
2226	710.14
2227	740.31
2228	802.73
2229	860.42
2230	887.68
2231	886.23
2232	873.47
2233	865.43
2234	865.08
2235	863.83
2236	852.18
2237	829.82
2238	808.74
2239	803.90
2240	821.26
2241	848.87
2242	866.20
2243	857.02
2244	819.91
2245	764.24
2246	701.78
2247	643.83
2248	600.98
2249	582.64
2250	593.91
2251	634.07
2252	698.54
2253	774.49
2254	834.70
2255	847.60
2256	799.94
2257	722.48
2258	671.79
2259	690.05
2260	764.24
2261	838.00
2262	858.68
2263	822.41
2264	773.99
2265	762.11
2266	794.00
2267	825.62
2268	804.48
2269	719.81
2270	623.31
2271	583.53
2272	628.32
2273	712.61
2274	764.05
2275	742.86
2276	679.47
2277	636.21
2278	652.55
2279	708.19
2280	752.21
2281	751.83
2282	728.44
2283	733.29
2284	796.92
2285	886.09
2286	929.70
2287	878.78
2288	758.77
2289	642.73
2290	590.54
2291	602.84
2292	640.39
2293	665.02
2294	663.56
2295	640.47
2296	605.83
2297	573.75
2298	560.13
2299	576.66
2300	624.03
2301	694.75
2302	771.35
2303	818.60
2304	796.92
2305	700.87
2306	595.12
2307	570.26
2308	660.86
2309	792.33
2310	852.17
2311	790.16
2312	663.40
2313	563.23
2314	537.63
2315	570.18
2316	623.21
2317	667.82
2318	687.90
2319	675.83
2320	637.20
2321	588.68
2322	548.46
2323	530.95
2324	545.77
2325	589.85
2326	636.53
2327	653.08
2328	635.99
2329	629.10
2330	680.21
2331	779.51
2332	851.33
2333	826.20
2334	715.36
2335	594.86
2336	533.86
2337	548.89
2338	622.35
2339	719.44
2340	789.57
2341	789.81
2342	724.97
2343	647.51
2344	605.07
2345	596.41
2346	590.40
2347	570.67
2348	557.45
2349	578.86
2350	633.78
2351	689.22
2352	713.91
2353	705.11
2354	678.87
2355	653.24
2356	642.48
2357	653.04
2358	672.53
2359	675.14
2360	648.30
2361	612.14
2362	595.99
2363	603.80
2364	611.57
2365	604.44
2366	607.88
2367	659.63
2368	752.96
2369	824.79
2370	820.83
2371	755.01
2372	680.30
2373	633.03
2374	616.69
2375	624.55
2376	653.07
2377	695.46
2378	722.34
2379	684.41
2380	571.55
2381	471.90
2382	494.48
2383	635.97
2384	777.73
2385	816.09
2386	740.51
2387	596.25
2388	461.32
2389	416.59
2390	474.34
2391	555.46
2392	584.74
2393	569.02
2394	558.13
2395	589.59
2396	672.87
2397	775.37
2398	820.72
2399	763.94
2400	663.22
2401	608.38
2402	613.76
2403	629.80
2404	625.88
2405	615.78
2406	615.90
2407	619.77
2408	617.00
2409	614.15
2410	624.62
2411	647.93
2412	667.37
2413	656.05
2414	591.52
2415	503.71
2416	489.38
2417	589.46
2418	689.64
2419	671.67
2420	588.04
2421	559.78
2422	597.97
2423	631.38
2424	627.68
2425	609.57
2426	606.88
2427	632.00
2428	662.75
2429	656.00
2430	624.92
2431	650.37
2432	744.82
2433	797.68
2434	739.11
2435	635.85
2436	575.92
2437	584.12
2438	637.87
2439	688.68
2440	707.03
2441	706.58
2442	700.62
2443	675.64
2444	621.40
2445	552.81
2446	501.36
2447	498.72
2448	542.09
2449	591.75
2450	620.02
