150	3651.92
151	3652.02
152	3652.53
153	3653.62
154	3655.27
155	3657.37
156	3659.80
157	3662.40
158	3665.05
159	3667.59
160	3669.91
161	3671.85
162	3673.31
163	3674.29
164	3674.94
165	3675.45
166	3676.02
167	3676.85
168	3678.13
169	3680.07
170	3682.86
171	3686.68
172	3691.64
173	3697.74
174	3704.98
175	3713.33
176	3722.77
177	3733.28
178	3744.84
179	3757.42
180	3771.04
181	3785.83
182	3802.07
183	3820.09
184	3840.23
185	3862.83
186	3888.24
187	3916.78
188	3948.79
189	3984.44
190	4023.30
191	4064.25
192	4105.92
193	4146.92
194	4185.83
195	4221.25
196	4251.80
197	4276.09
198	4292.98
199	4302.21
200	4304.49
201	4300.86
202	4292.42
203	4280.25
204	4265.41
205	4249.00
206	4232.09
207	4215.78
208	4201.23
209	4189.64
210	4182.23
211	4180.23
212	4184.87
213	4197.36
214	4218.94
215	4250.76
216	4293.38
217	4345.36
218	4403.47
219	4463.91
220	4522.86
221	4576.48
222	4620.95
223	4652.43
224	4667.23
225	4662.91
226	4640.56
227	4604.18
228	4558.59
229	4508.62
230	4459.14
231	4414.99
232	4381.01
233	4361.87
234	4360.77
235	4377.27
236	4408.29
237	4450.12
238	4499.04
239	4551.31
240	4603.19
241	4650.96
242	4691.06
243	4721.09
244	4741.17
245	4752.96
246	4758.43
247	4759.56
248	4758.35
249	4756.78
250	4756.84
251	4760.37
252	4768.45
253	4780.80
254	4796.37
255	4814.04
256	4832.65
257	4851.05
258	4868.10
259	4882.65
260	4893.72
261	4901.00
262	4905.22
263	4907.53
264	4909.18
265	4911.38
266	4915.37
267	4922.37
268	4933.60
269	4950.00
270	4971.47
271	4996.71
272	5023.96
273	5051.43
274	5077.34
275	5099.88
276	5117.26
277	5127.74
278	5130.01
279	5124.18
280	5111.64
281	5094.15
282	5073.51
283	5051.51
284	5029.95
285	5010.61
286	4995.22
287	4984.93
288	4979.54
289	4977.87
290	4978.53
291	4980.11
292	4981.20
293	4980.39
294	4976.29
295	4967.61
296	4953.79
297	4935.62
298	4914.57
299	4892.27
300	4870.34
301	4850.40
302	4834.06
303	4822.93
304	4818.41
305	4820.90
306	4829.50
307	4842.77
308	4859.21
309	4877.30
310	4895.53
311	4912.40
312	4926.42
313	4936.45
314	4942.44
315	4945.41
316	4946.70
317	4947.69
318	4949.76
319	4954.27
320	4962.59
321	4976.02
322	4995.22
323	5019.40
324	5046.73
325	5075.17
326	5102.67
327	5127.17
328	5146.61
329	5158.95
330	5162.39
331	5156.37
332	5142.45
333	5123.19
334	5101.31
335	5079.53
336	5060.59
337	5047.21
338	5042.08
339	5047.33
340	5063.11
341	5087.33
342	5117.13
343	5149.58
344	5181.73
345	5210.66
346	5233.43
347	5247.20
348	5250.02
349	5242.14
350	5225.41
351	5202.08
352	5174.42
353	5144.73
354	5115.26
355	5088.28
356	5065.89
357	5049.27
358	5038.10
359	5031.29
360	5027.65
361	5025.98
362	5025.09
363	5023.79
364	5020.88
365	5015.41
366	5007.10
367	4996.43
368	4984.15
369	4971.02
370	4957.78
371	4945.19
372	4934.02
373	4924.98
374	4918.62
375	4915.03
376	4914.01
377	4915.30
378	4918.65
379	4923.79
380	4930.46
381	4938.40
382	4947.37
383	4957.23
384	4967.98
385	4979.66
386	4992.32
387	5006.03
388	5020.84
389	5036.80
390	5053.95
391	5072.18
392	5090.96
393	5109.41
394	5126.56
395	5141.44
396	5153.06
397	5160.46
398	5162.65
399	5158.83
400	5148.88
401	5133.97
402	5115.87
403	5096.42
404	5077.49
405	5060.95
406	5048.66
407	5042.43
408	5043.67
409	5052.41
410	5067.38
411	5086.93
412	5109.39
413	5133.07
414	5156.29
415	5177.36
416	5194.72
417	5207.38
418	5215.46
419	5219.67
420	5220.83
421	5219.77
422	5217.30
423	5214.26
424	5211.45
425	5209.59
426	5209.08
427	5210.01
428	5212.35
429	5216.08
430	5221.15
431	5227.54
432	5235.22
433	5244.15
434	5254.28
435	5265.53
436	5277.77
437	5290.91
438	5304.84
439	5319.43
440	5334.58
441	5350.17
442	5366.03
443	5381.77
444	5396.82
445	5410.54
446	5422.27
447	5431.38
448	5437.22
449	5439.16
450	5436.63
451	5429.59
452	5418.89
453	5405.83
454	5391.80
455	5378.18
456	5366.36
457	5357.72
458	5353.62
459	5355.03
460	5361.89
461	5373.17
462	5387.60
463	5403.87
464	5420.68
465	5436.72
466	5450.71
467	5461.52
468	5468.89
469	5473.91
470	5478.23
471	5483.59
472	5491.72
473	5504.37
474	5523.29
475	5550.10
476	5585.62
477	5628.58
478	5676.23
479	5725.42
480	5773.03
481	5815.89
482	5850.86
483	5874.83
484	5885.26
485	5881.73
486	5866.44
487	5842.50
488	5813.14
489	5781.60
490	5751.10
491	5724.85
492	5705.89
493	5696.07
494	5694.97
495	5700.89
496	5711.94
497	5726.19
498	5741.73
499	5756.62
500	5769.00
501	5777.26
502	5780.74
503	5779.54
504	5773.97
505	5764.37
506	5751.07
507	5734.40
508	5714.71
509	5692.37
510	5667.97
511	5642.40
512	5616.64
513	5591.70
514	5568.56
515	5548.25
516	5531.74
517	5519.97
518	5513.34
519	5511.25
520	5512.49
521	5515.75
522	5519.70
523	5523.04
524	5524.44
525	5522.61
526	5516.67
527	5506.79
528	5494.10
529	5479.96
530	5465.76
531	5452.88
532	5442.73
533	5436.65
534	5435.69
535	5439.56
536	5446.37
537	5453.59
538	5458.64
539	5458.95
540	5451.92
541	5435.00
542	5405.90
543	5363.98
544	5311.46
545	5252.02
546	5189.55
547	5127.99
548	5071.24
549	5023.23
550	4987.70
551	4967.27
552	4961.78
553	4969.17
554	4986.93
555	5012.54
556	5043.47
557	5077.20
558	5111.23
559	5143.29
560	5171.85
561	5196.07
562	5215.32
563	5228.97
564	5236.41
565	5237.02
566	5230.19
567	5215.71
568	5194.73
569	5170.25
570	5145.92
571	5125.46
572	5112.61
573	5111.08
574	5124.60
575	5156.42
576	5207.55
577	5275.27
578	5355.13
579	5442.38
580	5532.28
581	5620.10
582	5701.10
583	5770.83
584	5826.59
585	5869.34
586	5902.21
587	5928.73
588	5952.48
589	5977.01
590	6005.88
591	6042.51
592	6089.07
593	6144.66
594	6206.10
595	6269.64
596	6331.54
597	6388.03
598	6435.35
599	6469.81
600	6488.44
601	6490.46
602	6477.01
603	6449.81
604	6410.63
605	6361.21
606	6303.32
607	6238.71
608	6169.21
609	6096.82
610	6023.77
611	5952.36
612	5884.87
613	5823.62
614	5770.90
615	5728.98
616	5699.65
617	5682.80
618	5675.86
619	5675.39
620	5677.80
621	5679.53
622	5677.01
623	5666.68
624	5645.41
625	5611.86
626	5567.35
627	5514.30
628	5455.31
629	5392.94
630	5329.81
631	5268.47
632	5211.36
633	5160.13
634	5115.13
635	5076.16
636	5042.89
637	5015.02
638	4992.22
639	4974.18
640	4960.55
641	4950.84
642	4944.26
643	4939.90
644	4936.81
645	4934.04
646	4930.67
647	4925.74
648	4918.40
649	4908.28
650	4895.95
651	4882.49
652	4869.08
653	4856.89
654	4847.10
655	4840.88
656	4839.33
657	4843.11
658	4851.98
659	4865.21
660	4881.94
661	4901.33
662	4922.54
663	4944.71
664	4967.04
665	4988.81
666	5009.62
667	5029.19
668	5047.31
669	5063.74
670	5078.25
671	5090.61
672	5100.68
673	5108.78
674	5116.21
675	5124.89
676	5136.81
677	5154.01
678	5178.50
679	5212.28
680	5257.21
681	5314.07
682	5381.48
683	5456.79
684	5537.10
685	5619.52
686	5701.14
687	5779.06
688	5850.62
689	5914.42
690	5971.69
691	6025.12
692	6077.65
693	6132.26
694	6191.91
695	6259.56
696	6337.94
697	6428.53
698	6530.43
699	6641.47
700	6759.25
701	6881.37
702	7005.41
703	7128.98
704	7249.84
705	7366.57
706	7479.22
707	7588.54
708	7695.41
709	7800.72
710	7905.36
711	8010.18
712	8115.91
713	8222.36
714	8328.03
715	8430.77
716	8528.36
717	8618.55
718	8699.11
719	8767.83
720	8822.73
721	8862.98
722	8889.28
723	8902.98
724	8905.51
725	8898.32
726	8882.84
727	8860.50
728	8832.62
729	8800.16
730	8763.57
731	8723.18
732	8679.25
733	8632.07
734	8581.92
735	8529.09
736	8473.93
737	8416.94
738	8358.83
739	8300.34
740	8242.24
741	8185.28
742	8130.22
743	8077.82
744	8028.69
745	7983.14
746	7941.17
747	7902.72
748	7867.73
749	7836.11
750	7807.80
751	7782.76
752	7761.23
753	7744.09
754	7732.65
755	7728.36
756	7732.62
757	7746.88
758	7772.55
759	7810.86
760	7861.83
761	7923.11
762	7991.10
763	8061.93
764	8131.73
765	8196.62
766	8252.75
767	8296.62
768	8326.41
769	8342.84
770	8347.76
771	8343.20
772	8331.16
773	8313.68
774	8292.75
775	8270.24
776	8247.47
777	8225.15
778	8203.72
779	8183.66
780	8165.42
781	8149.43
782	8136.18
783	8126.33
784	8121.12
785	8122.29
786	8131.72
787	8151.28
788	8182.86
789	8228.33
790	8289.52
791	8367.81
792	8463.67
793	8576.95
794	8707.41
795	8854.78
796	9018.80
797	9199.20
798	9395.47
799	9606.04
800	9827.57
801	10055.88
802	10286.73
803	10515.82
804	10738.88
805	10951.73
806	11151.24
807	11338.24
808	11517.92
809	11696.97
810	11882.23
811	12080.53
812	12298.71
813	12543.46
814	12820.18
815	13130.92
816	13475.24
817	13852.01
818	14260.09
819	14698.35
820	15165.64
821	15660.58
822	16180.62
823	16721.02
824	17275.91
825	17839.24
826	18404.96
827	18967.00
828	19519.33
829	20056.41
830	20574.56
831	21072.28
832	21548.86
833	22003.70
834	22436.18
835	22845.68
836	23231.50
837	23592.18
838	23924.32
839	24223.03
840	24483.05
841	24699.11
842	24865.92
843	24978.24
844	25031.78
845	25026.94
846	24972.33
847	24880.49
848	24764.60
849	24637.82
850	24513.38
851	24404.31
852	24322.07
853	24272.61
854	24256.14
855	24271.03
856	24315.48
857	24387.68
858	24485.84
859	24608.02
860	24751.47
861	24911.63
862	25082.80
863	25259.04
864	25434.41
865	25602.96
866	25758.76
867	25896.14
868	26010.55
869	26098.86
870	26158.54
871	26187.10
872	26182.06
873	26140.96
874	26061.50
875	25942.87
876	25788.16
877	25603.37
878	25395.20
879	25170.40
880	24935.72
881	24697.91
882	24463.25
883	24236.08
884	24017.74
885	23808.22
886	23607.39
887	23415.05
888	23231.04
889	23055.22
890	22887.73
891	22729.54
892	22582.29
893	22447.81
894	22327.94
895	22224.51
896	22139.34
897	22074.12
898	22029.69
899	22005.62
900	22000.89
901	22014.39
902	22045.01
903	22091.62
904	22153.01
905	22227.16
906	22309.64
907	22394.05
908	22473.45
909	22540.86
910	22589.29
911	22611.81
912	22602.10
913	22556.94
914	22477.88
915	22368.64
916	22233.21
917	22075.62
918	21899.90
919	21710.10
920	21510.65
921	21306.96
922	21105.18
923	20911.66
924	20732.77
925	20574.86
926	20444.25
927	20346.33
928	20282.53
929	20248.82
930	20238.92
931	20246.30
932	20264.40
933	20286.69
934	20306.85
935	20320.26
936	20326.27
937	20326.86
938	20324.56
939	20321.96
940	20321.64
941	20326.12
942	20337.39
943	20355.37
944	20377.69
945	20401.18
946	20422.62
947	20438.75
948	20446.36
949	20442.64
950	20427.08
951	20403.47
952	20377.86
953	20356.70
954	20346.44
955	20353.54
956	20384.27
957	20443.09
958	20529.38
959	20638.25
960	20763.66
961	20899.47
962	21039.57
963	21177.81
964	21308.02
965	21423.73
966	21518.12
967	21584.26
968	21615.17
969	21603.90
970	21543.49
971	21427.42
972	21251.89
973	21018.63
974	20732.61
975	20399.39
976	20024.57
977	19613.77
978	19172.62
979	18707.35
980	18225.81
981	17737.30
982	17251.50
983	16778.13
984	16326.91
985	15907.50
986	15528.53
987	15194.54
988	14904.71
989	14656.13
990	14445.65
991	14270.15
992	14126.47
993	14011.55
994	13922.73
995	13858.12
996	13816.25
997	13795.73
998	13795.16
999	13813.14
1000	13848.29
1001	13899.36
1002	13965.39
1003	14045.67
1004	14139.54
1005	14246.35
1006	14365.44
1007	14496.13
1008	14637.54
1009	14788.02
1010	14945.15
1011	15106.26
1012	15268.65
1013	15429.62
1014	15586.50
1015	15736.67
1016	15877.93
1017	16008.64
1018	16127.39
1019	16232.81
1020	16323.50
1021	16398.11
1022	16455.48
1023	16495.61
1024	16520.76
1025	16534.37
1026	16540.08
1027	16541.54
1028	16542.40
1029	16546.20
1030	16555.71
1031	16571.79
1032	16594.01
1033	16621.67
1034	16654.05
1035	16690.39
1036	16729.97
1037	16771.93
1038	16815.04
1039	16857.79
1040	16898.57
1041	16935.76
1042	16967.76
1043	16993.00
1044	17010.91
1045	17024.18
1046	17039.15
1047	17063.36
1048	17104.48
1049	17170.18
1050	17268.07
1051	17405.22
1052	17586.28
1053	17812.67
1054	18084.55
1055	18401.94
1056	18764.82
1057	19173.17
1058	19626.02
1059	20118.05
1060	20636.83
1061	21166.71
1062	21691.56
1063	22195.26
1064	22661.70
1065	23075.92
1066	23429.24
1067	23724.80
1068	23971.93
1069	24181.04
1070	24362.57
1071	24526.95
1072	24684.09
1073	24840.53
1074	24995.60
1075	25144.41
1076	25281.19
1077	25400.14
1078	25495.47
1079	25561.46
1080	25592.97
1081	25586.24
1082	25538.39
1083	25446.78
1084	25308.74
1085	25121.62
1086	24882.96
1087	24591.67
1088	24250.28
1089	23863.85
1090	23438.12
1091	22978.83
1092	22491.73
1093	21982.62
1094	21457.87
1095	20925.22
1096	20393.54
1097	19872.01
1098	19369.79
1099	18896.03
1100	18459.67
1101	18067.28
1102	17718.89
1103	17409.21
1104	17131.49
1105	16878.90
1106	16644.62
1107	16421.96
1108	16205.38
1109	15992.73
1110	15784.72
1111	15582.80
1112	15388.48
1113	15203.26
1114	15028.51
1115	14864.03
1116	14705.19
1117	14543.65
1118	14370.02
1119	14174.85
1120	13948.72
1121	13682.51
1122	13370.34
1123	13015.41
1124	12628.44
1125	12222.22
1126	11809.64
1127	11403.61
1128	11016.76
1129	10659.24
1130	10334.50
1131	10040.57
1132	9774.10
1133	9531.62
1134	9309.71
1135	9104.98
1136	8914.80
1137	8738.34
1138	8576.20
1139	8429.28
1140	8298.54
1141	8184.92
1142	8089.29
1143	8011.95
1144	7951.83
1145	7906.92
1146	7874.97
1147	7853.74
1148	7840.99
1149	7834.48
1150	7832.09
1151	7831.97
1152	7832.43
1153	7831.80
1154	7828.42
1155	7820.64
1156	7806.93
1157	7786.50
1158	7760.05
1159	7729.10
1160	7695.31
1161	7660.35
1162	7625.92
1163	7593.61
1164	7564.77
1165	7540.25
1166	7520.64
1167	7506.51
1168	7498.43
1169	7496.97
1170	7502.52
1171	7514.91
1172	7533.02
1173	7555.37
1174	7580.43
1175	7606.65
1176	7632.52
1177	7656.72
1178	7678.70
1179	7698.86
1180	7717.93
1181	7736.66
1182	7755.82
1183	7776.16
1184	7798.21
1185	7821.87
1186	7846.39
1187	7870.84
1188	7894.25
1189	7915.69
1190	7934.22
1191	7949.24
1192	7960.89
1193	7969.91
1194	7977.20
1195	7983.66
1196	7990.19
1197	7997.68
1198	8007.02
1199	8019.04
1200	8034.56
1201	8054.38
1202	8079.32
1203	8110.19
1204	8147.66
1205	8191.93
1206	8242.30
1207	8297.69
1208	8356.96
1209	8418.97
1210	8482.60
1211	8546.88
1212	8611.56
1213	8677.18
1214	8744.59
1215	8814.65
1216	8888.25
1217	8966.22
1218	9049.04
1219	9136.10
1220	9225.88
1221	9316.60
1222	9406.45
1223	9493.65
1224	9576.62
1225	9655.28
1226	9732.84
1227	9814.53
1228	9905.97
1229	10012.84
1230	10140.75
1231	10294.76
1232	10477.17
1233	10686.04
1234	10917.54
1235	11167.60
1236	11432.11
1237	11707.08
1238	11989.77
1239	12281.68
1240	12588.73
1241	12918.33
1242	13277.96
1243	13675.14
1244	14117.13
1245	14609.47
1246	15153.41
1247	15747.29
1248	16388.75
1249	17075.41
1250	17804.83
1251	18573.96
1252	19376.55
1253	20201.11
1254	21033.73
1255	21860.15
1256	22666.08
1257	23437.35
1258	24161.11
1259	24828.99
1260	25437.26
1261	25983.68
1262	26466.14
1263	26882.54
1264	27230.67
1265	27507.83
1266	27710.09
1267	27832.78
1268	27871.01
1269	27819.93
1270	27674.75
1271	27432.46
1272	27097.65
1273	26685.80
1274	26216.83
1275	25711.27
1276	25189.63
1277	24672.19
1278	24176.61
1279	23713.24
1280	23286.27
1281	22898.19
1282	22551.40
1283	22248.31
1284	21991.79
1285	21787.15
1286	21644.08
1287	21574.42
1288	21590.37
1289	21704.15
1290	21927.67
1291	22268.99
1292	22723.70
1293	23274.65
1294	23900.71
1295	24580.43
1296	25292.35
1297	26014.72
1298	26724.18
1299	27394.08
1300	27995.88
1301	28500.74
1302	28879.76
1303	29104.40
1304	29151.02
1305	29013.10
1306	28703.37
1307	28241.02
1308	27645.87
1309	26937.74
1310	26136.64
1311	25263.71
1312	24342.47
1313	23397.86
1314	22455.09
1315	21539.38
1316	20675.67
1317	19884.71
1318	19172.42
1319	18528.04
1320	17935.14
1321	17376.75
1322	16835.92
1323	16296.50
1324	15747.40
1325	15187.85
1326	14623.01
1327	14059.14
1328	13502.60
1329	12959.68
1330	12436.37
1331	11937.48
1332	11466.66
1333	11027.18
1334	10622.29
1335	10255.18
1336	9928.62
1337	9642.88
1338	9393.62
1339	9174.20
1340	8977.55
1341	8796.61
1342	8624.48
1343	8455.81
1344	8289.90
1345	8130.04
1346	7980.65
1347	7846.25
1348	7731.28
1349	7639.41
1350	7570.69
1351	7519.81
1352	7479.20
1353	7440.96
1354	7397.19
1355	7340.45
1356	7266.59
1357	7179.26
1358	7087.37
1359	7001.01
1360	6930.35
1361	6885.36
1362	6873.58
1363	6894.06
1364	6936.49
1365	6987.42
1366	7033.13
1367	7059.93
1368	7055.24
1369	7012.20
1370	6934.00
1371	6828.72
1372	6705.21
1373	6572.36
1374	6438.83
1375	6311.41
1376	6192.13
1377	6079.43
1378	5970.90
1379	5864.08
1380	5756.56
1381	5646.41
1382	5533.58
1383	5420.10
1384	5308.73
1385	5202.28
1386	5103.59
1387	5015.59
1388	4941.79
1389	4886.66
1390	4855.09
1391	4852.08
1392	4882.60
1393	4951.16
1394	5059.00
1395	5199.60
1396	5361.21
1397	5530.92
1398	5695.75
1399	5842.95
1400	5962.41
1401	6052.16
1402	6118.08
1403	6168.44
1404	6211.63
1405	6256.07
1406	6309.59
1407	6377.73
1408	6462.93
1409	6566.44
1410	6689.37
1411	6832.82
1412	6997.95
1413	7186.25
1414	7399.77
1415	7640.90
1416	7912.05
1417	8215.63
1418	8554.25
1419	8931.71
1420	9354.71
1421	9831.82
1422	10372.06
1423	10984.46
1424	11678.12
1425	12462.88
1426	13350.67
1427	14355.27
1428	15490.94
1429	16771.98
1430	18212.17
1431	19817.97
1432	21570.13
1433	23420.84
1434	25312.66
1435	27187.26
1436	28986.45
1437	30655.02
1438	32150.23
1439	33446.78
1440	34526.31
1441	35371.36
1442	35964.60
1443	36291.86
1444	36354.58
1445	36180.73
1446	35810.84
1447	35287.38
1448	34652.86
1449	33948.64
1450	33209.24
1451	32455.47
1452	31700.52
1453	30956.17
1454	30234.10
1455	29545.02
1456	28892.98
1457	28266.64
1458	27644.79
1459	27004.06
1460	26321.02
1461	25573.16
1462	24745.66
1463	23843.29
1464	22885.29
1465	21894.42
1466	20893.61
1467	19905.40
1468	18948.64
1469	18031.88
1470	17155.12
1471	16316.13
1472	15512.49
1473	14741.88
1474	14002.52
1475	13294.35
1476	12618.86
1477	11977.98
1478	11373.67
1479	10807.85
1480	10281.92
1481	9795.61
1482	9347.08
1483	8933.99
1484	8553.95
1485	8204.58
1486	7883.33
1487	7587.15
1488	7312.50
1489	7055.67
1490	6812.93
1491	6580.61
1492	6355.69
1493	6137.27
1494	5926.69
1495	5726.00
1496	5537.32
1497	5362.71
1498	5203.67
1499	5059.83
1500	4928.81
1501	4807.62
1502	4693.21
1503	4582.58
1504	4473.43
1505	4365.68
1506	4261.53
1507	4163.94
1508	4075.90
1509	4000.31
1510	3939.07
1511	3890.79
1512	3850.91
1513	3813.88
1514	3774.09
1515	3726.03
1516	3665.51
1517	3592.24
1518	3509.53
1519	3421.77
1520	3333.37
1521	3248.71
1522	3171.37
1523	3102.75
1524	3042.44
1525	2989.49
1526	2942.97
1527	2901.90
1528	2865.25
1529	2831.86
1530	2800.42
1531	2769.62
1532	2738.13
1533	2704.73
1534	2668.78
1535	2631.13
1536	2593.57
1537	2558.09
1538	2526.73
1539	2501.35
1540	2483.05
1541	2471.28
1542	2464.60
1543	2461.35
1544	2459.88
1545	2458.58
1546	2456.12
1547	2451.58
1548	2444.25
1549	2433.48
1550	2418.61
1551	2399.17
1552	2375.48
1553	2349.00
1554	2321.65
1555	2295.44
1556	2272.33
1557	2254.07
1558	2241.55
1559	2234.69
1560	2233.05
1561	2236.16
1562	2243.52
1563	2254.39
1564	2267.24
1565	2279.88
1566	2289.88
1567	2294.82
1568	2292.40
1569	2281.33
1570	2262.76
1571	2239.51
1572	2214.83
1573	2191.95
1574	2173.93
1575	2162.59
1576	2157.43
1577	2156.77
1578	2158.65
1579	2161.18
1580	2162.64
1581	2162.37
1582	2161.13
1583	2160.28
1584	2161.23
1585	2165.41
1586	2173.97
1587	2187.23
1588	2204.66
1589	2225.45
1590	2248.78
1591	2273.86
1592	2300.24
1593	2328.22
1594	2358.71
1595	2392.74
1596	2431.33
1597	2475.21
1598	2523.58
1599	2572.83
1600	2617.95
1601	2653.70
1602	2674.90
1603	2677.84
1604	2664.24
1605	2642.56
1606	2623.66
1607	2618.66
1608	2638.35
1609	2690.39
1610	2773.94
1611	2881.30
1612	3002.97
1613	3129.39
1614	3251.83
1615	3366.26
1616	3477.52
1617	3595.12
1618	3729.36
1619	3890.52
1620	4087.40
1621	4323.42
1622	4595.51
1623	4898.25
1624	5226.03
1625	5573.40
1626	5936.74
1627	6316.94
1628	6718.26
1629	7145.78
1630	7604.62
1631	8099.76
1632	8635.41
1633	9214.61
1634	9839.86
1635	10513.55
1636	11238.21
1637	12017.81
1638	12860.89
1639	13780.42
1640	14790.67
1641	15906.04
1642	17140.87
1643	18509.38
1644	20025.42
1645	21702.69
1646	23554.82
1647	25594.81
1648	27825.87
1649	30216.00
1650	32692.38
1651	35168.07
1652	37554.78
1653	39764.17
1654	41708.11
1655	43298.98
1656	44449.43
1657	45072.17
1658	45081.05
1659	44408.26
1660	43057.35
1661	41122.17
1662	38730.17
1663	36012.38
1664	33098.33
1665	30105.46
1666	27122.81
1667	24220.52
1668	21464.56
1669	18920.22
1670	16644.70
1671	14664.00
1672	12964.55
1673	11518.02
1674	10294.48
1675	9264.22
1676	8399.28
1677	7675.79
1678	7072.42
1679	6568.42
1680	6143.13
1681	5777.01
1682	5454.61
1683	5165.18
1684	4899.62
1685	4649.02
1686	4405.15
1687	4163.98
1688	3929.90
1689	3712.05
1690	3520.45
1691	3364.90
1692	3251.94
1693	3177.84
1694	3128.87
1695	3088.30
1696	3039.24
1697	2966.89
1698	2866.50
1699	2750.03
1700	2637.11
1701	2548.50
1702	2504.10
1703	2516.11
1704	2576.97
1705	2664.38
1706	2752.49
1707	2815.48
1708	2832.19
1709	2798.81
1710	2732.62
1711	2658.50
1712	2602.05
1713	2587.05
1714	2626.82
1715	2714.71
1716	2833.54
1717	2964.22
1718	3088.11
1719	3191.16
1720	3271.98
1721	3339.50
1722	3405.38
1723	3481.37
1724	3578.45
1725	3704.53
1726	3863.72
1727	4058.75
1728	4292.17
1729	4566.08
1730	4880.22
1731	5229.97
1732	5608.46
1733	6008.48
1734	6422.69
1735	6843.03
1736	7259.61
1737	7661.18
1738	8036.20
1739	8373.20
1740	8662.12
1741	8897.68
1742	9079.47
1743	9208.70
1744	9286.63
1745	9313.93
1746	9288.47
1747	9204.11
1748	9053.03
1749	8827.28
1750	8520.18
1751	8132.71
1752	7680.71
1753	7188.03
1754	6679.99
1755	6181.26
1756	5711.19
1757	5275.87
1758	4871.96
1759	4493.89
1760	4136.11
1761	3794.66
1762	3470.36
1763	3168.52
1764	2895.72
1765	2658.56
1766	2462.15
1767	2306.04
1768	2183.22
1769	2084.37
1770	1999.94
1771	1921.26
1772	1843.36
1773	1766.86
1774	1694.66
1775	1630.00
1776	1575.87
1777	1534.00
1778	1503.80
1779	1483.55
1780	1471.36
1781	1465.19
1782	1462.34
1783	1458.67
1784	1449.21
1785	1428.84
1786	1392.82
1787	1339.30
1788	1273.37
1789	1204.82
1790	1144.52
1791	1103.01
1792	1087.60
1793	1097.03
1794	1123.41
1795	1157.14
1796	1188.72
1797	1210.45
1798	1219.83
1799	1218.87
1800	1210.82
1801	1199.02
1802	1186.76
1803	1177.25
1804	1173.57
1805	1178.75
1806	1195.76
1807	1226.19
1808	1267.30
1809	1311.96
1810	1351.69
1811	1377.98
1812	1384.10
1813	1369.09
1814	1338.15
1815	1298.44
1816	1257.27
1817	1221.20
1818	1194.26
1819	1177.78
1820	1172.18
1821	1177.74
1822	1193.97
1823	1217.69
1824	1242.83
1825	1262.37
1826	1269.33
1827	1258.49
1828	1230.39
1829	1191.74
1830	1151.18
1831	1117.40
1832	1097.10
1833	1090.60
1834	1091.77
1835	1092.52
1836	1084.76
1837	1062.67
1838	1027.38
1839	986.57
1840	949.82
1841	926.61
1842	923.95
1843	941.66
1844	973.41
1845	1011.17
1846	1047.05
1847	1075.01
1848	1093.99
1849	1106.78
1850	1117.08
1851	1128.51
1852	1143.52
1853	1161.72
1854	1180.89
1855	1198.36
1856	1211.56
1857	1218.55
1858	1218.76
1859	1212.40
1860	1199.82
1861	1181.55
1862	1158.93
1863	1134.75
1864	1112.52
1865	1095.81
1866	1087.59
1867	1088.06
1868	1093.41
1869	1098.17
1870	1096.73
1871	1084.41
1872	1059.99
1873	1026.33
1874	987.65
1875	948.34
1876	912.65
1877	884.48
1878	867.38
1879	864.81
1880	879.83
1881	912.55
1882	955.88
1883	997.71
1884	1024.82
1885	1025.24
1886	994.45
1887	942.09
1888	885.26
1889	842.31
1890	829.21
1891	851.78
1892	901.48
1893	963.91
1894	1024.15
1895	1069.57
1896	1095.17
1897	1103.64
1898	1100.08
1899	1089.74
1900	1077.52
1901	1067.42
1902	1062.81
1903	1066.88
1904	1082.13
1905	1107.41
1906	1135.06
1907	1154.23
1908	1153.72
1909	1125.13
1910	1070.64
1911	1005.17
1912	948.15
1913	918.76
1914	929.89
1915	977.39
1916	1043.82
1917	1108.34
1918	1151.49
1919	1162.36
1920	1145.81
1921	1114.83
1922	1083.61
1923	1064.16
1924	1060.31
1925	1066.27
1926	1072.94
1927	1071.28
1928	1055.60
1929	1028.51
1930	998.57
1931	975.68
1932	968.70
1933	981.18
1934	1008.24
1935	1041.27
1936	1071.22
1937	1090.53
1938	1096.23
1939	1089.58
1940	1073.10
1941	1049.52
1942	1022.27
1943	996.15
1944	976.70
1945	969.45
1946	978.14
1947	1000.21
1948	1026.12
1949	1044.03
1950	1042.73
1951	1016.51
1952	971.73
1953	922.04
1954	882.47
1955	865.92
1956	877.05
1957	910.67
1958	958.03
1959	1010.07
1960	1058.18
1961	1094.72
1962	1112.66
1963	1105.31
1964	1068.83
1965	1010.02
1966	948.43
1967	908.08
1968	911.68
1969	970.24
1970	1069.51
1971	1180.03
1972	1269.66
1973	1311.50
1974	1297.38
1975	1239.51
1976	1156.84
1977	1068.32
1978	989.29
1979	928.25
1980	890.00
1981	878.51
1982	895.23
1983	934.20
1984	982.74
1985	1026.34
1986	1052.13
1987	1055.45
1988	1044.37
1989	1032.46
1990	1033.29
1991	1054.63
1992	1090.15
1993	1123.69
1994	1137.14
1995	1116.08
1996	1059.58
1997	981.95
1998	902.61
1999	840.27
2000	807.30
2001	804.85
2002	828.51
2003	872.81
2004	930.96
2005	992.84
2006	1045.85
2007	1076.98
2008	1076.08
2009	1043.41
2010	991.12
2011	935.38
2012	891.46
2013	868.14
2014	863.28
2015	869.59
2016	879.31
2017	887.29
2018	894.50
2019	905.98
2020	927.50
2021	962.68
2022	1008.35
2023	1054.88
2024	1090.85
2025	1106.30
2026	1097.76
2027	1070.31
2028	1032.31
2029	992.04
2030	955.58
2031	925.04
2032	900.55
2033	882.05
2034	870.41
2035	868.61
2036	881.02
2037	911.94
2038	962.56
2039	1025.08
2040	1084.31
2041	1123.25
2042	1128.49
2043	1098.98
2044	1046.89
2045	988.61
2046	939.43
2047	908.75
2048	898.16
2049	906.17
2050	930.26
2051	964.55
2052	997.82
2053	1016.46
2054	1008.05
2055	968.61
2056	910.23
2057	853.42
2058	819.09
2059	821.28
2060	858.91
2061	921.79
2062	997.95
2063	1075.84
2064	1145.17
2065	1196.53
2066	1221.08
2067	1213.22
2068	1175.84
2069	1118.30
2070	1051.42
2071	984.65
2072	923.31
2073	869.27
2074	823.55
2075	787.81
2076	765.75
2077	762.85
2078	784.85
2079	834.40
2080	904.75
2081	980.50
2082	1043.99
2083	1080.60
2084	1085.62
2085	1063.63
2086	1022.06
2087	969.26
2088	915.92
2089	874.84
2090	859.07
2091	877.05
2092	923.35
2093	979.86
2094	1025.34
2095	1043.47
2096	1033.06
2097	1006.03
2098	977.66
2099	960.79
2100	960.90
2101	977.45
2102	1008.17
2103	1048.97
2104	1091.35
2105	1123.66
2106	1134.21
2107	1117.03
2108	1079.43
2109	1037.48
2110	1008.01
2111	1000.73
2112	1010.32
2113	1022.89
2114	1024.49
2115	1009.82
2116	989.25
2117	980.84
2118	1000.82
2119	1051.48
2120	1113.97
2121	1160.64
2122	1167.94
2123	1132.25
2124	1074.66
2125	1024.71
2126	1006.22
2127	1021.85
2128	1053.43
2129	1077.27
2130	1076.73
2131	1054.95
2132	1030.16
2133	1022.90
2134	1044.42
2135	1085.81
2136	1126.48
2137	1145.95
2138	1135.30
2139	1104.49
2140	1071.80
2141	1053.86
2142	1056.63
2143	1073.43
2144	1093.39
2145	1107.74
2146	1114.92
2147	1119.41
2148	1126.80
2149	1139.37
2150	1152.10
2151	1155.78
2152	1141.83
2153	1108.28
2154	1062.99
2155	1017.81
2156	983.11
2157	962.73
2158	954.00
2159	952.23
2160	952.20
2161	947.87
2162	932.77
2163	902.08
2164	859.05
2165	819.30
2166	803.22
2167	825.31
2168	879.58
2169	940.46
2170	978.56
2171	977.00
2172	946.15
2173	912.11
2174	899.85
2175	917.54
2176	951.44
2177	980.26
2178	987.62
2179	972.45
2180	945.10
2181	917.62
2182	896.89
2183	881.19
2184	865.18
2185	844.89
2186	822.04
2187	803.36
2188	796.40
2189	805.25
2190	827.67
2191	858.23
2192	890.62
2193	917.19
2194	929.17
2195	918.80
2196	885.85
2197	844.10
2198	813.95
2199	810.81
2200	830.75
2201	851.51
2202	848.34
2203	811.74
2204	759.76
2205	722.97
2206	724.58
2207	760.53
2208	803.32
2209	823.00
2210	807.92
2211	774.94
2212	752.03
2213	758.82
2214	789.98
2215	822.61
2216	833.83
2217	816.70
2218	783.78
2219	753.47
2220	737.93
2221	735.50
2222	737.31
2223	736.42
2224	735.47
2225	745.44
2226	776.61
2227	826.51
2228	874.81
2229	896.10
2230	877.45
2231	834.08
2232	796.83
2233	791.04
2234	816.51
2235	850.61
2236	867.45
2237	853.21
2238	810.37
2239	748.31
2240	680.59
2241	627.26
2242	610.35
2243	641.12
2244	702.24
2245	756.33
2246	770.09
2247	739.32
2248	689.17
2249	650.96
2250	644.10
2251	670.64
2252	724.68
2253	793.67
2254	854.59
2255	881.22
2256	860.88
2257	813.29
2258	777.34
2259	782.70
2260	822.27
2261	859.98
2262	862.11
2263	827.00
2264	784.99
2265	769.59
2266	789.07
2267	820.37
2268	832.74
2269	809.93
2270	758.24
2271	693.70
2272	635.78
2273	607.62
2274	630.39
2275	705.09
2276	794.56
2277	845.80
2278	827.16
2279	757.80
2280	683.89
2281	643.09
2282	642.18
2283	668.71
2284	706.04
2285	736.97
2286	745.11
2287	722.07
2288	678.82
2289	638.44
2290	619.39
2291	621.91
2292	634.37
2293	648.39
2294	670.23
2295	714.58
2296	785.48
2297	856.68
2298	884.59
2299	841.46
2300	745.20
2301	641.13
2302	570.09
2303	550.37
2304	584.67
2305	660.06
2306	738.52
2307	773.83
2308	745.18
2309	680.20
2310	625.90
2311	613.27
2312	643.17
2313	702.23
2314	770.66
2315	823.04
2316	838.10
2317	816.18
2318	780.41
2319	752.35
2320	726.89
2321	677.68
2322	593.21
2323	513.88
2324	508.47
2325	604.71
2326	733.39
2327	788.49
2328	731.07
2329	638.02
2330	612.21
2331	674.62
2332	748.12
2333	751.19
2334	683.51
2335	610.46
2336	588.96
2337	619.34
2338	669.99
2339	712.48
2340	733.33
2341	726.62
2342	690.86
2343	629.56
2344	558.51
2345	519.81
2346	563.31
2347	690.90
2348	820.29
2349	855.86
2350	785.07
2351	684.96
2352	630.70
2353	625.09
2354	627.45
2355	612.53
2356	592.94
2357	590.40
2358	607.15
2359	627.57
2360	637.14
2361	633.17
2362	620.05
2363	605.73
2364	600.21
2365	609.73
2366	630.49
2367	651.93
2368	659.76
2369	638.64
2370	586.96
2371	536.57
2372	530.09
2373	571.11
2374	612.36
2375	616.87
2376	614.19
2377	660.15
2378	753.11
2379	819.41
2380	802.13
2381	733.46
2382	682.88
2383	676.47
2384	687.81
2385	682.97
2386	644.73
2387	574.12
2388	500.51
2389	467.77
2390	495.40
2391	563.56
2392	637.58
2393	683.59
2394	684.76
2395	673.26
2396	709.18
2397	792.87
2398	832.71
2399	759.81
2400	631.11
2401	550.16
2402	549.06
2403	590.13
2404	627.48
2405	633.64
2406	613.32
2407	613.61
2408	666.60
2409	724.47
2410	715.76
2411	649.79
2412	603.69
2413	627.71
2414	710.87
2415	799.62
2416	815.38
2417	728.64
2418	620.99
2419	585.40
2420	613.17
2421	642.51
2422	646.19
2423	632.97
2424	616.32
2425	603.90
2426	595.56
2427	588.07
2428	590.63
2429	621.21
2430	668.11
2431	683.38
2432	648.77
2433	607.16
2434	603.70
2435	644.00
2436	696.37
2437	706.53
2438	666.65
2439	646.33
2440	672.95
2441	668.67
2442	603.67
2443	572.64
2444	604.58
2445	584.50
2446	496.24
2447	497.85
2448	621.46
2449	694.25
2450	655.93
