150	4267.08
151	4276.53
152	4287.41
153	4296.81
154	4304.40
155	4310.00
156	4313.43
157	4314.50
158	4313.04
159	4308.86
160	4301.78
161	4291.63
162	4278.36
163	4262.43
164	4244.87
165	4226.96
166	4209.98
167	4195.23
168	4183.99
169	4177.57
170	4177.23
171	4184.02
172	4198.05
173	4218.32
174	4243.39
175	4271.79
176	4302.05
177	4332.67
178	4362.19
179	4389.15
180	4412.35
181	4431.61
182	4448.02
183	4463.10
184	4478.42
185	4495.58
186	4516.15
187	4541.71
188	4573.82
189	4613.67
190	4661.11
191	4714.38
192	4771.15
193	4829.05
194	4885.68
195	4938.66
196	4985.61
197	5024.17
198	5052.44
199	5070.09
200	5078.59
201	5079.98
202	5076.40
203	5069.97
204	5062.80
205	5057.01
206	5054.71
207	5057.61
208	5066.22
209	5079.77
210	5097.09
211	5116.97
212	5138.20
213	5159.57
214	5179.87
215	5197.92
216	5212.80
217	5224.43
218	5233.50
219	5240.93
220	5247.65
221	5254.62
222	5262.77
223	5273.03
224	5286.33
225	5303.38
226	5324.30
227	5348.73
228	5376.18
229	5406.14
230	5438.13
231	5471.64
232	5506.17
233	5541.20
234	5576.14
235	5610.12
236	5642.12
237	5671.07
238	5695.89
239	5715.52
240	5728.88
241	5734.91
242	5732.64
243	5721.80
244	5703.62
245	5680.29
246	5654.13
247	5627.53
248	5602.83
249	5582.41
250	5568.61
251	5563.59
252	5568.42
253	5582.13
254	5602.73
255	5628.06
256	5655.95
257	5684.20
258	5710.66
259	5733.16
260	5749.80
261	5759.92
262	5764.68
263	5766.04
264	5766.06
265	5766.82
266	5770.39
267	5778.83
268	5794.19
269	5818.13
270	5850.87
271	5890.94
272	5936.25
273	5984.63
274	6033.95
275	6082.03
276	6126.73
277	6165.93
278	6197.93
279	6222.29
280	6239.76
281	6251.42
282	6258.38
283	6261.75
284	6262.63
285	6262.13
286	6261.33
287	6261.00
288	6261.21
289	6261.56
290	6261.49
291	6260.48
292	6257.97
293	6253.43
294	6246.31
295	6236.11
296	6222.46
297	6205.29
298	6184.69
299	6160.78
300	6133.67
301	6103.47
302	6070.29
303	6034.27
304	5995.62
305	5955.04
306	5913.85
307	5873.62
308	5835.99
309	5802.55
310	5774.91
311	5754.71
312	5743.50
313	5742.42
314	5751.19
315	5768.12
316	5791.09
317	5817.97
318	5846.61
319	5874.86
320	5900.57
321	5921.67
322	5936.65
323	5945.30
324	5948.32
325	5946.61
326	5941.09
327	5932.67
328	5922.26
329	5910.78
330	5899.15
331	5888.29
332	5879.16
333	5872.72
334	5869.92
335	5871.74
336	5879.13
337	5893.07
338	5914.48
339	5943.91
340	5980.56
341	6022.06
342	6065.51
343	6107.98
344	6146.51
345	6178.15
346	6199.97
347	6209.15
348	6203.94
349	6185.31
350	6156.22
351	6120.09
352	6080.39
353	6040.60
354	6004.16
355	5974.53
356	5954.83
357	5946.45
358	5947.90
359	5956.25
360	5968.38
361	5981.14
362	5991.39
363	5995.99
364	5991.86
365	5976.68
366	5950.75
367	5917.17
368	5879.95
369	5843.18
370	5810.95
371	5787.36
372	5776.48
373	5782.15
374	5806.47
375	5847.45
376	5900.55
377	5960.60
378	6022.45
379	6080.92
380	6130.83
381	6167.07
382	6185.20
383	6183.82
384	6165.85
385	6135.93
386	6098.97
387	6059.86
388	6023.50
389	5994.77
390	5978.43
391	5977.95
392	5993.19
393	6021.04
394	6057.63
395	6099.00
396	6141.22
397	6180.35
398	6212.46
399	6233.98
400	6243.14
401	6241.26
402	6231.15
403	6215.87
404	6198.47
405	6182.01
406	6169.54
407	6164.05
408	6167.80
409	6180.70
410	6200.41
411	6223.96
412	6248.28
413	6270.33
414	6287.07
415	6295.46
416	6292.72
417	6277.64
418	6251.89
419	6218.70
420	6181.58
421	6144.02
422	6109.56
423	6081.68
424	6063.85
425	6058.80
426	6066.83
427	6085.83
428	6112.89
429	6145.04
430	6179.33
431	6212.77
432	6242.41
433	6265.46
434	6280.04
435	6286.10
436	6284.58
437	6276.57
438	6263.17
439	6245.50
440	6224.64
441	6201.72
442	6177.78
443	6153.71
444	6130.24
445	6108.06
446	6087.84
447	6070.27
448	6056.03
449	6045.78
450	6040.14
451	6039.41
452	6043.29
453	6051.19
454	6062.46
455	6076.46
456	6092.55
457	6110.07
458	6128.39
459	6146.93
460	6165.28
461	6183.18
462	6200.41
463	6216.76
464	6232.01
465	6245.97
466	6258.41
467	6269.22
468	6278.75
469	6288.04
470	6298.42
471	6311.30
472	6328.07
473	6350.12
474	6378.84
475	6415.52
476	6460.62
477	6512.49
478	6567.98
479	6623.55
480	6675.67
481	6720.80
482	6755.40
483	6775.96
484	6779.70
485	6766.42
486	6739.18
487	6702.15
488	6659.67
489	6616.04
490	6575.59
491	6542.61
492	6521.15
493	6513.61
494	6519.20
495	6535.40
496	6559.35
497	6588.19
498	6619.05
499	6649.07
500	6675.44
501	6695.98
502	6710.29
503	6719.55
504	6725.35
505	6729.31
506	6733.07
507	6738.24
508	6746.45
509	6758.97
510	6775.73
511	6794.77
512	6813.43
513	6828.93
514	6838.51
515	6839.39
516	6828.82
517	6804.28
518	6764.80
519	6712.58
520	6651.65
521	6586.36
522	6521.09
523	6460.22
524	6408.13
525	6369.08
526	6346.17
527	6339.19
528	6345.11
529	6360.11
530	6380.33
531	6401.92
532	6421.01
533	6433.78
534	6436.89
535	6428.97
536	6411.08
537	6385.20
538	6353.40
539	6317.75
540	6280.34
541	6243.23
542	6208.38
543	6177.07
544	6149.44
545	6125.05
546	6103.35
547	6083.78
548	6065.81
549	6048.88
550	6032.48
551	6016.27
552	6000.41
553	5985.38
554	5971.72
555	5959.99
556	5950.75
557	5944.54
558	5941.92
559	5943.27
560	5948.49
561	5957.02
562	5968.18
563	5981.27
564	5995.58
565	6010.42
566	6025.10
567	6039.10
568	6052.58
569	6066.53
570	6082.28
571	6101.20
572	6124.64
573	6153.96
574	6190.52
575	6235.46
576	6288.98
577	6349.65
578	6415.28
579	6483.57
580	6552.22
581	6618.93
582	6681.39
583	6737.46
584	6785.95
585	6827.72
586	6864.77
587	6899.37
588	6933.77
589	6970.26
590	7011.08
591	7058.40
592	7113.42
593	7175.00
594	7240.26
595	7305.90
596	7368.61
597	7425.07
598	7471.95
599	7506.01
600	7524.60
601	7526.95
602	7513.97
603	7487.03
604	7447.57
605	7397.00
606	7336.74
607	7268.21
608	7192.89
609	7112.42
610	7028.61
611	6943.34
612	6858.51
613	6776.00
614	6697.70
615	6625.48
616	6560.97
617	6504.90
618	6456.78
619	6415.71
620	6380.73
621	6350.87
622	6325.17
623	6302.65
624	6282.40
625	6263.60
626	6245.63
627	6227.95
628	6210.04
629	6191.36
630	6171.39
631	6149.59
632	6125.57
633	6099.44
634	6072.25
635	6045.45
636	6020.56
637	5999.09
638	5982.57
639	5972.51
640	5970.21
641	5975.89
642	5987.82
643	6003.23
644	6019.24
645	6032.91
646	6041.35
647	6041.63
648	6031.14
649	6008.85
650	5976.87
651	5938.97
652	5899.21
653	5861.70
654	5830.52
655	5809.76
656	5803.19
657	5812.78
658	5836.85
659	5871.61
660	5912.92
661	5956.57
662	5998.40
663	6034.22
664	6060.10
665	6073.57
666	6075.26
667	6067.59
668	6053.30
669	6035.19
670	6016.03
671	5998.61
672	5985.62
673	5979.29
674	5980.91
675	5991.14
676	6010.58
677	6039.80
678	6079.36
679	6129.83
680	6191.67
681	6264.55
682	6346.60
683	6435.03
684	6526.86
685	6619.12
686	6708.83
687	6793.03
688	6868.96
689	6935.16
690	6992.73
691	7044.22
692	7092.45
693	7140.26
694	7190.49
695	7245.94
696	7309.30
697	7382.28
698	7464.83
699	7555.96
700	7654.49
701	7759.26
702	7869.09
703	7982.83
704	8099.32
705	8217.66
706	8337.29
707	8457.83
708	8578.93
709	8700.26
710	8821.47
711	8942.21
712	9062.08
713	9180.41
714	9296.07
715	9407.76
716	9514.15
717	9613.89
718	9705.63
719	9788.06
720	9860.01
721	9921.09
722	9971.97
723	10013.75
724	10047.58
725	10074.65
726	10096.10
727	10113.08
728	10126.43
729	10135.83
730	10139.52
731	10135.26
732	10120.74
733	10093.65
734	10051.66
735	9992.56
736	9915.14
737	9821.54
738	9717.44
739	9609.56
740	9504.75
741	9409.87
742	9331.75
743	9277.04
744	9250.44
745	9251.14
746	9273.65
747	9311.17
748	9356.83
749	9403.75
750	9445.09
751	9474.28
752	9487.08
753	9484.88
754	9472.89
755	9457.20
756	9443.96
757	9439.31
758	9449.38
759	9479.75
760	9532.93
761	9605.26
762	9689.76
763	9778.82
764	9864.80
765	9940.07
766	9997.04
767	10029.01
768	10033.46
769	10014.32
770	9978.32
771	9932.60
772	9884.31
773	9840.59
774	9808.54
775	9794.18
776	9799.73
777	9822.94
778	9859.99
779	9906.90
780	9959.71
781	10014.44
782	10067.21
783	10115.32
784	10159.31
785	10202.56
786	10249.21
787	10303.49
788	10369.60
789	10451.75
790	10553.96
791	10679.09
792	10827.38
793	10997.45
794	11187.57
795	11395.99
796	11620.96
797	11860.73
798	12113.54
799	12377.51
800	12650.62
801	12930.78
802	13215.87
803	13503.79
804	13792.43
805	14079.69
806	14363.82
807	14644.16
808	14921.35
809	15196.43
810	15470.49
811	15744.64
812	16019.98
813	16297.65
814	16579.34
815	16868.07
816	17167.89
817	17483.12
818	17818.07
819	18177.08
820	18564.44
821	18984.00
822	19437.20
823	19920.95
824	20429.90
825	20958.27
826	21500.29
827	22050.20
828	22602.22
829	23150.94
830	23692.11
831	24222.96
832	24741.21
833	25244.67
834	25731.11
835	26198.32
836	26644.10
837	27066.16
838	27462.12
839	27829.49
840	28165.73
841	28468.34
842	28734.79
843	28962.59
844	29149.64
845	29296.05
846	29405.63
847	29484.00
848	29537.06
849	29570.74
850	29590.96
851	29603.62
852	29614.50
853	29628.94
854	29651.82
855	29687.87
856	29741.81
857	29818.36
858	29922.22
859	30057.61
860	30225.47
861	30419.51
862	30628.95
863	30842.02
864	31046.95
865	31231.95
866	31385.30
867	31496.54
868	31560.22
869	31577.64
870	31552.65
871	31489.41
872	31392.10
873	31264.91
874	31112.00
875	30937.48
876	30745.31
877	30539.35
878	30323.42
879	30101.34
880	29876.93
881	29653.98
882	29435.78
883	29223.18
884	29013.35
885	28801.88
886	28584.09
887	28355.34
888	28110.97
889	27846.53
890	27559.76
891	27254.45
892	26939.41
893	26624.78
894	26320.82
895	26037.77
896	25785.84
897	25574.23
898	25407.51
899	25282.58
900	25192.90
901	25131.41
902	25091.01
903	25064.62
904	25045.28
905	25027.05
906	25006.99
907	24984.67
908	24960.33
909	24934.23
910	24906.67
911	24877.92
912	24847.90
913	24815.03
914	24775.26
915	24723.48
916	24654.44
917	24562.85
918	24443.47
919	24291.34
920	24104.29
921	23887.53
922	23652.06
923	23410.33
924	23174.87
925	22958.24
926	22772.87
927	22629.54
928	22531.90
929	22473.66
930	22444.50
931	22433.63
932	22430.23
933	22423.49
934	22403.06
935	22361.78
936	22300.08
937	22223.36
938	22138.12
939	22050.93
940	21968.35
941	21896.86
942	21841.74
943	21803.94
944	21779.54
945	21762.93
946	21748.37
947	21730.08
948	21702.33
949	21660.03
950	21601.65
951	21532.35
952	21460.80
953	21396.27
954	21348.04
955	21325.42
956	21337.39
957	21390.09
958	21481.58
959	21603.14
960	21744.20
961	21894.08
962	22042.10
963	22177.60
964	22290.65
965	22374.14
966	22424.80
967	22440.88
968	22420.81
969	22363.02
970	22265.94
971	22128.14
972	21949.07
973	21729.95
974	21473.01
975	21180.71
976	20855.49
977	20499.82
978	20116.27
979	19708.57
980	19283.83
981	18852.17
982	18424.51
983	18011.82
984	17625.10
985	17275.25
986	16972.02
987	16720.43
988	16519.34
989	16365.19
990	16254.20
991	16182.54
992	16146.39
993	16142.02
994	16166.00
995	16215.58
996	16288.35
997	16381.95
998	16494.05
999	16622.28
1000	16764.31
1001	16917.90
1002	17081.03
1003	17251.87
1004	17428.62
1005	17609.51
1006	17792.73
1007	17976.51
1008	18159.20
1009	18339.57
1010	18516.84
1011	18690.38
1012	18859.57
1013	19023.78
1014	19182.38
1015	19334.65
1016	19479.35
1017	19614.58
1018	19738.14
1019	19847.83
1020	19941.39
1021	20016.62
1022	20071.69
1023	20106.83
1024	20126.29
1025	20136.43
1026	20143.95
1027	20155.60
1028	20178.09
1029	20217.79
1030	20278.39
1031	20357.15
1032	20446.96
1033	20539.70
1034	20627.17
1035	20701.23
1036	20753.89
1037	20779.33
1038	20777.87
1039	20755.23
1040	20718.68
1041	20675.55
1042	20633.21
1043	20598.99
1044	20579.95
1045	20582.21
1046	20610.85
1047	20670.61
1048	20766.20
1049	20902.31
1050	21083.63
1051	21314.19
1052	21595.47
1053	21925.48
1054	22300.85
1055	22718.08
1056	23173.65
1057	23664.00
1058	24184.96
1059	24729.35
1060	25285.13
1061	25838.07
1062	26373.60
1063	26877.13
1064	27334.15
1065	27731.49
1066	28063.46
1067	28338.56
1068	28572.67
1069	28782.92
1070	28986.56
1071	29200.72
1072	29441.47
1073	29717.55
1074	30022.22
1075	30339.57
1076	30651.82
1077	30941.14
1078	31189.68
1079	31380.10
1080	31498.44
1081	31538.80
1082	31500.57
1083	31384.33
1084	31190.74
1085	30920.45
1086	30574.22
1087	30153.92
1088	29664.09
1089	29111.25
1090	28502.39
1091	27844.54
1092	27144.71
1093	26410.02
1094	25648.46
1095	24870.32
1096	24087.72
1097	23313.22
1098	22559.42
1099	21838.91
1100	21164.04
1101	20544.92
1102	19985.42
1103	19484.28
1104	19038.86
1105	18646.46
1106	18304.36
1107	18009.84
1108	17759.92
1109	17551.05
1110	17379.14
1111	17239.94
1112	17129.21
1113	17042.72
1114	16976.06
1115	16923.52
1116	16875.50
1117	16819.15
1118	16740.75
1119	16626.50
1120	16462.60
1121	16235.75
1122	15937.18
1123	15570.84
1124	15151.35
1125	14696.16
1126	14222.94
1127	13749.30
1128	13292.57
1129	12866.92
1130	12478.06
1131	12124.88
1132	11804.51
1133	11513.97
1134	11250.26
1135	11010.45
1136	10791.85
1137	10592.56
1138	10411.18
1139	10246.48
1140	10097.24
1141	9962.22
1142	9840.20
1143	9730.00
1144	9630.50
1145	9540.66
1146	9459.46
1147	9385.85
1148	9318.81
1149	9257.30
1150	9200.26
1151	9146.59
1152	9095.13
1153	9044.74
1154	8994.26
1155	8942.55
1156	8888.64
1157	8832.70
1158	8777.06
1159	8725.32
1160	8681.28
1161	8648.76
1162	8631.55
1163	8632.93
1164	8653.48
1165	8689.13
1166	8733.54
1167	8780.04
1168	8821.91
1169	8852.49
1170	8865.89
1171	8859.73
1172	8836.72
1173	8801.75
1174	8759.95
1175	8716.48
1176	8676.47
1177	8644.39
1178	8622.28
1179	8609.27
1180	8603.41
1181	8602.64
1182	8604.92
1183	8608.22
1184	8610.96
1185	8612.90
1186	8615.14
1187	8619.17
1188	8626.50
1189	8638.65
1190	8657.07
1191	8682.55
1192	8714.17
1193	8749.71
1194	8786.60
1195	8822.28
1196	8854.17
1197	8879.79
1198	8897.27
1199	8905.96
1200	8905.99
1201	8897.63
1202	8881.15
1203	8856.84
1204	8825.28
1205	8788.59
1206	8751.31
1207	8719.11
1208	8697.86
1209	8693.39
1210	8711.50
1211	8756.79
1212	8829.55
1213	8924.78
1214	9035.61
1215	9154.95
1216	9275.73
1217	9391.06
1218	9495.81
1219	9590.06
1220	9678.38
1221	9766.62
1222	9860.67
1223	9966.47
1224	10089.55
1225	10233.18
1226	10395.57
1227	10571.80
1228	10756.32
1229	10943.57
1230	11127.99
1231	11304.86
1232	11473.23
1233	11638.03
1234	11806.78
1235	11987.39
1236	12187.74
1237	12415.67
1238	12677.75
1239	12976.50
1240	13310.11
1241	13675.37
1242	14068.97
1243	14487.60
1244	14928.12
1245	15388.85
1246	15871.56
1247	16380.47
1248	16920.33
1249	17495.92
1250	18111.97
1251	18771.89
1252	19472.64
1253	20200.57
1254	20937.13
1255	21663.01
1256	22358.92
1257	23005.78
1258	23587.88
1259	24100.61
1260	24550.96
1261	24949.62
1262	25307.60
1263	25635.89
1264	25944.62
1265	26237.92
1266	26506.21
1267	26731.13
1268	26892.40
1269	26969.67
1270	26942.77
1271	26795.14
1272	26525.82
1273	26156.19
1274	25716.79
1275	25239.31
1276	24755.51
1277	24296.60
1278	23888.72
1279	23543.56
1280	23260.70
1281	23036.38
1282	22866.65
1283	22747.58
1284	22676.16
1285	22654.07
1286	22691.44
1287	22802.61
1288	23002.58
1289	23306.41
1290	23728.73
1291	24279.39
1292	24952.39
1293	25725.76
1294	26572.45
1295	27465.03
1296	28376.05
1297	29277.97
1298	30142.96
1299	30942.46
1300	31647.54
1301	32229.18
1302	32658.37
1303	32906.47
1304	32950.12
1305	32784.57
1306	32425.94
1307	31897.31
1308	31222.48
1309	30425.25
1310	29529.42
1311	28558.95
1312	27538.02
1313	26491.02
1314	25442.30
1315	24416.27
1316	23437.05
1317	22524.95
1318	21686.78
1319	20914.18
1320	20193.59
1321	19510.99
1322	18852.37
1323	18204.39
1324	17557.90
1325	16912.35
1326	16272.12
1327	15642.51
1328	15028.87
1329	14436.53
1330	13870.23
1331	13332.86
1332	12825.40
1333	12348.19
1334	11901.54
1335	11485.75
1336	11101.10
1337	10747.80
1338	10425.94
1339	10135.53
1340	9876.56
1341	9649.05
1342	9452.89
1343	9286.95
1344	9147.14
1345	9026.79
1346	8918.47
1347	8814.73
1348	8708.15
1349	8592.24
1350	8464.64
1351	8329.14
1352	8192.16
1353	8060.44
1354	7940.77
1355	7839.61
1356	7761.43
1357	7705.81
1358	7669.06
1359	7646.77
1360	7634.48
1361	7627.75
1362	7622.52
1363	7615.90
1364	7606.36
1365	7592.81
1366	7574.19
1367	7549.45
1368	7517.49
1369	7476.90
1370	7425.75
1371	7361.88
1372	7283.05
1373	7187.07
1374	7071.90
1375	6937.09
1376	6786.20
1377	6625.75
1378	6463.03
1379	6305.33
1380	6159.89
1381	6032.70
1382	5925.35
1383	5834.48
1384	5754.97
1385	5681.58
1386	5609.08
1387	5532.99
1388	5452.68
1389	5373.96
1390	5305.71
1391	5257.27
1392	5238.00
1393	5256.75
1394	5318.62
1395	5419.88
1396	5550.89
1397	5700.64
1398	5858.08
1399	6012.31
1400	6154.05
1401	6279.14
1402	6388.34
1403	6483.90
1404	6568.15
1405	6643.46
1406	6712.49
1407	6779.10
1408	6848.73
1409	6927.48
1410	7021.50
1411	7136.93
1412	7279.76
1413	7455.04
1414	7666.11
1415	7915.50
1416	8205.54
1417	8538.60
1418	8917.22
1419	9345.24
1420	9829.51
1421	10378.94
1422	11002.86
1423	11710.64
1424	12511.69
1425	13415.80
1426	14433.95
1427	15578.16
1428	16860.67
1429	18293.79
1430	19889.27
1431	21651.18
1432	23556.73
1433	25553.29
1434	27578.12
1435	29567.60
1436	31458.23
1437	33190.33
1438	34719.98
1439	36025.29
1440	37093.18
1441	37911.68
1442	38468.98
1443	38756.29
1444	38779.97
1445	38572.09
1446	38176.84
1447	37640.34
1448	37008.70
1449	36326.32
1450	35627.44
1451	34925.93
1452	34224.36
1453	33523.18
1454	32822.72
1455	32122.98
1456	31421.31
1457	30709.08
1458	29973.82
1459	29202.22
1460	28380.94
1461	27497.34
1462	26544.52
1463	25530.25
1464	24473.08
1465	23394.21
1466	22314.94
1467	21256.25
1468	20235.56
1469	19260.47
1470	18330.47
1471	17442.89
1472	16594.92
1473	15783.80
1474	15007.17
1475	14264.02
1476	13554.46
1477	12878.98
1478	12238.08
1479	11632.23
1480	11061.90
1481	10527.35
1482	10028.71
1483	9566.06
1484	9139.47
1485	8748.98
1486	8394.22
1487	8073.47
1488	7783.65
1489	7521.25
1490	7282.71
1491	7064.50
1492	6863.05
1493	6674.80
1494	6496.18
1495	6323.59
1496	6153.46
1497	5982.27
1498	5807.45
1499	5629.55
1500	5452.39
1501	5280.82
1502	5119.79
1503	4974.15
1504	4847.46
1505	4739.07
1506	4644.02
1507	4556.01
1508	4468.60
1509	4375.49
1510	4271.97
1511	4158.35
1512	4039.85
1513	3923.22
1514	3815.29
1515	3722.75
1516	3650.53
1517	3598.22
1518	3560.53
1519	3530.76
1520	3502.10
1521	3467.93
1522	3423.39
1523	3368.73
1524	3308.42
1525	3248.08
1526	3193.41
1527	3149.89
1528	3121.20
1529	3106.26
1530	3100.49
1531	3098.36
1532	3094.35
1533	3083.16
1534	3061.26
1535	3029.27
1536	2990.52
1537	2948.98
1538	2908.62
1539	2873.25
1540	2845.70
1541	2826.74
1542	2815.94
1543	2812.69
1544	2816.34
1545	2826.10
1546	2840.50
1547	2856.86
1548	2871.89
1549	2882.24
1550	2884.53
1551	2875.84
1552	2855.04
1553	2823.60
1554	2784.10
1555	2739.23
1556	2691.71
1557	2644.09
1558	2598.40
1559	2556.08
1560	2518.34
1561	2486.39
1562	2461.41
1563	2444.49
1564	2436.32
1565	2437.32
1566	2447.79
1567	2468.02
1568	2498.15
1569	2537.11
1570	2580.87
1571	2623.34
1572	2657.94
1573	2678.12
1574	2677.90
1575	2654.78
1576	2612.91
1577	2559.93
1578	2504.13
1579	2453.78
1580	2416.32
1581	2395.68
1582	2390.78
1583	2398.49
1584	2415.44
1585	2438.23
1586	2463.63
1587	2488.91
1588	2511.84
1589	2530.35
1590	2542.40
1591	2546.03
1592	2540.12
1593	2525.59
1594	2504.81
1595	2480.50
1596	2455.41
1597	2432.34
1598	2414.29
1599	2404.71
1600	2407.23
1601	2425.53
1602	2463.23
1603	2522.91
1604	2603.27
1605	2698.23
1606	2799.99
1607	2900.56
1608	2992.18
1609	3069.15
1610	3131.42
1611	3183.48
1612	3231.00
1613	3279.71
1614	3335.22
1615	3402.20
1616	3483.70
1617	3581.85
1618	3698.65
1619	3836.08
1620	3995.96
1621	4179.51
1622	4387.27
1623	4619.48
1624	4876.40
1625	5158.27
1626	5465.45
1627	5798.58
1628	6158.49
1629	6546.07
1630	6962.21
1631	7408.14
1632	7886.67
1633	8403.20
1634	8964.29
1635	9576.73
1636	10247.49
1637	10985.98
1638	11809.23
1639	12741.67
1640	13809.94
1641	15040.77
1642	16459.44
1643	18082.23
1644	19907.31
1645	21922.72
1646	24114.59
1647	26468.42
1648	28961.33
1649	31540.30
1650	34117.41
1651	36592.66
1652	38864.92
1653	40834.42
1654	42411.36
1655	43528.32
1656	44132.15
1657	44172.75
1658	43601.14
1659	42384.56
1660	40553.24
1661	38217.16
1662	35515.93
1663	32592.34
1664	29586.72
1665	26620.63
1666	23771.62
1667	21087.96
1668	18611.40
1669	16382.98
1670	14436.95
1671	12781.21
1672	11390.31
1673	10226.36
1674	9250.14
1675	8423.14
1676	7711.98
1677	7095.03
1678	6558.10
1679	6088.60
1680	5674.10
1681	5303.37
1682	4969.55
1683	4670.81
1684	4407.11
1685	4178.54
1686	3984.93
1687	3824.46
1688	3691.89
1689	3580.13
1690	3481.69
1691	3389.22
1692	3296.86
1693	3203.55
1694	3112.85
1695	3029.73
1696	2959.24
1697	2905.82
1698	2870.91
1699	2850.98
1700	2840.22
1701	2832.50
1702	2821.86
1703	2804.18
1704	2779.98
1705	2753.27
1706	2728.90
1707	2711.73
1708	2706.25
1709	2715.44
1710	2740.51
1711	2781.99
1712	2840.36
1713	2915.81
1714	3007.06
1715	3110.04
1716	3219.15
1717	3328.55
1718	3432.64
1719	3528.17
1720	3618.35
1721	3711.67
1722	3817.98
1723	3947.19
1724	4108.08
1725	4305.24
1726	4538.05
1727	4803.98
1728	5100.28
1729	5424.31
1730	5773.91
1731	6147.81
1732	6545.19
1733	6965.32
1734	7407.17
1735	7867.26
1736	8336.02
1737	8799.37
1738	9242.22
1739	9649.46
1740	10007.33
1741	10306.40
1742	10541.77
1743	10710.00
1744	10807.76
1745	10832.05
1746	10781.15
1747	10655.23
1748	10455.24
1749	10182.23
1750	9837.73
1751	9425.70
1752	8954.98
1753	8437.01
1754	7883.71
1755	7307.12
1756	6720.18
1757	6138.03
1758	5577.38
1759	5055.28
1760	4588.46
1761	4189.56
1762	3858.81
1763	3584.87
1764	3353.07
1765	3148.56
1766	2958.25
1767	2775.45
1768	2601.11
1769	2438.85
1770	2292.55
1771	2165.68
1772	2059.91
1773	1974.20
1774	1906.38
1775	1854.13
1776	1815.10
1777	1786.76
1778	1766.29
1779	1750.73
1780	1737.08
1781	1722.54
1782	1705.36
1783	1686.00
1784	1666.26
1785	1648.19
1786	1633.70
1787	1623.82
1788	1617.36
1789	1611.64
1790	1603.63
1791	1590.41
1792	1569.87
1793	1542.17
1794	1509.17
1795	1473.21
1796	1436.63
1797	1401.98
1798	1372.25
1799	1350.86
1800	1341.36
1801	1347.15
1802	1370.06
1803	1407.07
1804	1450.58
1805	1491.61
1806	1521.24
1807	1532.57
1808	1525.21
1809	1505.35
1810	1481.24
1811	1461.20
1812	1451.83
1813	1454.07
1814	1462.85
1815	1471.19
1816	1472.00
1817	1459.68
1818	1433.52
1819	1398.18
1820	1360.02
1821	1325.54
1822	1300.39
1823	1287.37
1824	1286.22
1825	1295.66
1826	1314.31
1827	1340.22
1828	1369.78
1829	1397.54
1830	1417.45
1831	1423.59
1832	1411.73
1833	1383.29
1834	1345.29
1835	1306.55
1836	1275.83
1837	1259.96
1838	1259.76
1839	1270.42
1840	1285.45
1841	1298.42
1842	1304.53
1843	1303.72
1844	1300.02
1845	1298.55
1846	1304.27
1847	1320.05
1848	1343.29
1849	1367.14
1850	1383.73
1851	1385.55
1852	1368.45
1853	1336.14
1854	1297.65
1855	1263.15
1856	1242.27
1857	1240.76
1858	1256.35
1859	1282.11
1860	1310.25
1861	1333.30
1862	1345.91
1863	1346.36
1864	1334.76
1865	1311.52
1866	1277.46
1867	1235.16
1868	1189.69
1869	1147.20
1870	1113.92
1871	1095.23
1872	1093.52
1873	1107.62
1874	1135.15
1875	1173.55
1876	1219.57
1877	1267.93
1878	1311.51
1879	1342.68
1880	1354.26
1881	1342.86
1882	1314.34
1883	1281.00
1884	1256.59
1885	1253.72
1886	1278.19
1887	1322.80
1888	1373.49
1889	1415.09
1890	1434.41
1891	1426.98
1892	1400.58
1893	1368.00
1894	1342.41
1895	1334.07
1896	1343.71
1897	1362.39
1898	1378.19
1899	1379.51
1900	1359.33
1901	1321.98
1902	1279.76
1903	1246.80
1904	1235.91
1905	1252.23
1906	1287.37
1907	1326.21
1908	1352.69
1909	1353.66
1910	1326.90
1911	1283.34
1912	1238.57
1913	1208.20
1914	1203.39
1915	1223.41
1916	1258.16
1917	1295.19
1918	1322.66
1919	1333.02
1920	1326.63
1921	1307.87
1922	1281.79
1923	1253.41
1924	1227.36
1925	1207.87
1926	1198.99
1927	1204.44
1928	1225.42
1929	1256.77
1930	1288.82
1931	1310.87
1932	1313.48
1933	1293.29
1934	1256.64
1935	1214.17
1936	1176.96
1937	1153.84
1938	1146.81
1939	1151.52
1940	1161.73
1941	1171.38
1942	1176.19
1943	1175.23
1944	1169.45
1945	1160.16
1946	1149.16
1947	1140.03
1948	1138.25
1949	1149.93
1950	1180.55
1951	1230.96
1952	1291.96
1953	1348.27
1954	1383.52
1955	1384.46
1956	1349.60
1957	1291.61
1958	1228.20
1959	1176.82
1960	1149.52
1961	1146.16
1962	1158.91
1963	1178.37
1964	1196.07
1965	1207.31
1966	1211.91
1967	1211.33
1968	1207.16
1969	1200.97
1970	1194.29
1971	1188.60
1972	1185.36
1973	1185.96
1974	1191.43
1975	1202.49
1976	1219.70
1977	1243.27
1978	1271.42
1979	1298.57
1980	1317.14
1981	1319.40
1982	1299.90
1983	1260.05
1984	1207.48
1985	1151.59
1986	1101.22
1987	1062.01
1988	1034.65
1989	1017.72
1990	1009.59
1991	1009.56
1992	1019.15
1993	1041.41
1994	1079.64
1995	1135.18
1996	1202.46
1997	1268.13
1998	1316.25
1999	1332.51
2000	1312.24
2001	1268.01
2002	1220.83
2003	1192.28
2004	1196.89
2005	1230.87
2006	1276.69
2007	1313.65
2008	1324.18
2009	1302.52
2010	1256.43
2011	1198.27
2012	1140.40
2013	1092.82
2014	1061.59
2015	1050.86
2016	1064.00
2017	1100.67
2018	1151.84
2019	1202.72
2020	1237.54
2021	1244.50
2022	1224.17
2023	1188.85
2024	1154.18
2025	1133.97
2026	1133.59
2027	1147.27
2028	1165.01
2029	1177.09
2030	1177.96
2031	1169.50
2032	1157.24
2033	1147.01
2034	1142.58
2035	1142.97
2036	1144.14
2037	1141.56
2038	1132.77
2039	1121.04
2040	1114.43
2041	1122.13
2042	1150.42
2043	1195.64
2044	1243.53
2045	1276.50
2046	1279.68
2047	1250.24
2048	1201.35
2049	1152.26
2050	1121.11
2051	1117.38
2052	1136.54
2053	1167.75
2054	1199.82
2055	1224.53
2056	1239.47
2057	1245.26
2058	1243.23
2059	1235.80
2060	1227.75
2061	1225.23
2062	1234.19
2063	1256.75
2064	1285.79
2065	1307.87
2066	1308.71
2067	1279.22
2068	1224.17
2069	1158.89
2070	1100.96
2071	1064.43
2072	1052.95
2073	1061.53
2074	1082.93
2075	1110.03
2076	1136.56
2077	1157.04
2078	1166.38
2079	1161.29
2080	1144.02
2081	1121.90
2082	1103.61
2083	1096.51
2084	1103.63
2085	1123.88
2086	1154.89
2087	1193.56
2088	1234.77
2089	1271.53
2090	1296.43
2091	1303.84
2092	1293.52
2093	1270.16
2094	1239.87
2095	1208.66
2096	1182.06
2097	1165.14
2098	1162.52
2099	1175.99
2100	1199.45
2101	1220.47
2102	1225.56
2103	1206.45
2104	1168.32
2105	1126.26
2106	1096.94
2107	1090.98
2108	1104.61
2109	1124.64
2110	1136.89
2111	1134.09
2112	1123.51
2113	1120.70
2114	1140.85
2115	1188.48
2116	1248.80
2117	1297.57
2118	1312.29
2119	1285.60
2120	1233.08
2121	1179.91
2122	1148.90
2123	1148.82
2124	1171.07
2125	1200.85
2126	1224.86
2127	1236.59
2128	1236.20
2129	1226.09
2130	1210.14
2131	1195.81
2132	1193.21
2133	1212.25
2134	1257.13
2135	1319.91
2136	1385.61
2137	1439.04
2138	1470.82
2139	1480.97
2140	1473.82
2141	1454.66
2142	1430.06
2143	1408.05
2144	1396.86
2145	1401.80
2146	1419.77
2147	1440.62
2148	1453.01
2149	1450.00
2150	1434.26
2151	1414.03
2152	1396.95
2153	1383.06
2154	1361.02
2155	1315.19
2156	1235.53
2157	1131.84
2158	1033.64
2159	974.74
2160	977.00
2161	1033.72
2162	1119.78
2163	1207.42
2164	1274.99
2165	1310.50
2166	1306.53
2167	1261.03
2168	1186.81
2169	1110.82
2170	1062.17
2171	1057.17
2172	1084.44
2173	1116.74
2174	1128.86
2175	1116.36
2176	1101.67
2177	1115.85
2178	1177.53
2179	1270.20
2180	1351.17
2181	1376.89
2182	1330.56
2183	1238.55
2184	1145.57
2185	1088.97
2186	1076.15
2187	1087.84
2188	1099.30
2189	1096.34
2190	1084.68
2191	1079.54
2192	1093.21
2193	1123.84
2194	1155.92
2195	1171.46
2196	1161.31
2197	1133.18
2198	1103.14
2199	1085.25
2200	1082.71
2201	1088.43
2202	1093.24
2203	1093.13
2204	1093.61
2205	1104.31
2206	1130.49
2207	1162.76
2208	1179.20
2209	1157.84
2210	1092.10
2211	999.32
2212	906.61
2213	837.78
2214	804.99
2215	811.87
2216	857.43
2217	930.68
2218	1008.75
2219	1066.29
2220	1088.26
2221	1080.95
2222	1061.70
2223	1044.06
2224	1024.40
2225	984.18
2226	906.80
2227	801.09
2228	711.57
2229	692.08
2230	766.12
2231	889.81
2232	982.28
2233	980.01
2234	892.94
2235	795.27
2236	765.30
2237	825.94
2238	926.19
2239	992.88
2240	983.66
2241	920.01
2242	854.55
2243	829.18
2244	844.51
2245	871.59
2246	881.26
2247	866.87
2248	844.66
2249	834.97
2250	846.14
2251	869.32
2252	889.60
2253	895.12
2254	881.02
2255	846.94
2256	800.17
2257	764.02
2258	770.25
2259	836.83
2260	938.43
2261	1016.10
2262	1017.91
2263	943.35
2264	843.18
2265	775.42
2266	766.28
2267	801.91
2268	855.51
2269	904.97
2270	937.14
2271	944.16
2272	926.61
2273	898.29
2274	877.62
2275	875.61
2276	887.67
2277	901.75
2278	908.61
2279	907.61
2280	902.46
2281	893.55
2282	872.06
2283	825.01
2284	749.89
2285	671.04
2286	628.38
2287	650.08
2288	727.11
2289	825.73
2290	911.84
2291	964.12
2292	971.42
2293	934.15
2294	875.43
2295	831.88
2296	828.26
2297	853.47
2298	874.33
2299	866.43
2300	836.79
2301	811.04
2302	809.20
2303	830.53
2304	862.16
2305	890.11
2306	903.04
2307	893.38
2308	866.04
2309	846.93
2310	865.12
2311	918.31
2312	954.74
2313	916.09
2314	801.41
2315	686.67
2316	655.66
2317	720.22
2318	812.69
2319	858.35
2320	837.72
2321	781.08
2322	726.93
2323	700.01
2324	712.83
2325	763.39
2326	825.62
2327	864.12
2328	858.49
2329	814.93
2330	751.99
2331	692.56
2332	662.03
2333	679.54
2334	743.98
2335	837.10
2336	934.43
2337	1007.79
2338	1032.00
2339	1004.62
2340	957.75
2341	929.56
2342	930.22
2343	939.78
2344	935.75
2345	912.49
2346	877.13
2347	842.58
2348	826.44
2349	842.01
2350	880.83
2351	912.76
2352	912.92
2353	885.41
2354	850.69
2355	819.24
2356	781.52
2357	729.62
2358	685.05
2359	690.42
2360	761.76
2361	852.15
2362	895.32
2363	868.14
2364	800.62
2365	741.48
2366	742.30
2367	836.68
2368	985.28
2369	1067.87
2370	996.19
2371	825.82
2372	687.78
2373	653.64
2374	696.55
2375	765.33
2376	834.41
2377	894.23
2378	928.84
2379	913.10
2380	836.90
2381	729.93
2382	639.77
2383	600.49
2384	625.27
2385	707.25
2386	814.63
2387	907.79
2388	957.21
2389	946.93
2390	880.67
2391	785.04
2392	695.57
2393	647.82
2394	662.02
2395	712.20
2396	739.64
2397	715.08
2398	665.94
2399	634.89
2400	648.70
2401	711.27
2402	788.72
2403	826.68
2404	801.79
2405	738.52
2406	678.24
2407	660.37
2408	704.18
2409	784.22
2410	853.00
2411	878.17
2412	849.34
2413	774.61
2414	680.24
2415	608.88
2416	610.81
2417	687.34
2418	745.06
2419	708.81
2420	652.46
2421	690.51
2422	795.55
2423	854.04
2424	842.11
2425	826.18
2426	839.68
2427	858.08
2428	865.90
2429	876.70
2430	891.19
2431	884.00
2432	847.36
2433	810.81
2434	797.54
2435	798.02
2436	795.55
2437	783.86
2438	759.44
2439	719.38
2440	680.70
2441	685.64
2442	748.23
2443	824.72
2444	871.85
2445	880.30
2446	841.87
2447	746.42
2448	642.35
2449	629.01
2450	700.08
