150	4148.47
151	4141.33
152	4137.56
153	4141.32
154	4152.74
155	4170.85
156	4194.33
157	4221.85
158	4252.07
159	4283.66
160	4315.26
161	4345.54
162	4373.30
163	4397.72
164	4418.52
165	4435.61
166	4448.92
167	4458.38
168	4463.91
169	4465.46
170	4462.94
171	4456.42
172	4446.41
173	4433.98
174	4420.40
175	4407.00
176	4395.06
177	4385.90
178	4380.81
179	4381.10
180	4387.91
181	4401.81
182	4422.65
183	4450.02
184	4483.51
185	4522.67
186	4567.08
187	4616.31
188	4669.92
189	4727.30
190	4787.26
191	4847.88
192	4907.01
193	4962.45
194	5012.02
195	5053.54
196	5084.81
197	5103.68
198	5108.56
199	5099.81
200	5080.01
201	5052.45
202	5020.53
203	4987.63
204	4957.13
205	4932.44
206	4916.87
207	4913.12
208	4921.73
209	4940.97
210	4968.44
211	5001.63
212	5038.07
213	5075.26
214	5110.71
215	5141.99
216	5167.11
217	5185.57
218	5198.21
219	5206.30
220	5211.12
221	5213.96
222	5216.12
223	5218.87
224	5223.50
225	5231.08
226	5242.13
227	5256.74
228	5274.87
229	5296.47
230	5321.48
231	5349.88
232	5381.59
233	5416.54
234	5454.35
235	5493.92
236	5533.65
237	5571.77
238	5606.55
239	5636.24
240	5659.08
241	5673.34
242	5677.40
243	5670.52
244	5653.89
245	5629.86
246	5601.00
247	5569.93
248	5539.24
249	5511.53
250	5489.40
251	5475.27
252	5470.68
253	5475.49
254	5488.72
255	5509.24
256	5535.93
257	5567.65
258	5603.26
259	5641.64
260	5681.65
261	5722.28
262	5762.58
263	5801.69
264	5838.73
265	5872.83
266	5903.12
267	5928.72
268	5948.80
269	5962.69
270	5970.57
271	5973.55
272	5973.09
273	5970.70
274	5967.88
275	5966.11
276	5966.89
277	5971.71
278	5981.73
279	5997.26
280	6017.77
281	6042.49
282	6070.66
283	6101.48
284	6134.17
285	6167.97
286	6202.06
287	6235.54
288	6267.17
289	6295.52
290	6319.10
291	6336.44
292	6346.04
293	6346.42
294	6336.10
295	6313.82
296	6279.57
297	6235.74
298	6185.92
299	6133.96
300	6083.69
301	6038.98
302	6003.65
303	5981.52
304	5975.76
305	5986.84
306	6011.46
307	6044.83
308	6081.97
309	6117.89
310	6147.59
311	6166.09
312	6168.50
313	6151.18
314	6114.49
315	6062.67
316	6001.21
317	5935.66
318	5871.59
319	5814.56
320	5770.12
321	5743.59
322	5738.41
323	5753.50
324	5784.75
325	5827.34
326	5876.41
327	5927.10
328	5974.57
329	6013.96
330	6040.90
331	6053.22
332	6052.60
333	6042.51
334	6026.74
335	6009.04
336	5993.21
337	5983.03
338	5982.21
339	5993.76
340	6018.01
341	6052.35
342	6093.11
343	6136.55
344	6178.90
345	6216.41
346	6245.33
347	6262.04
348	6264.00
349	6251.42
350	6226.55
351	6192.09
352	6150.81
353	6105.46
354	6058.78
355	6013.53
356	5972.27
357	5936.70
358	5907.05
359	5882.80
360	5863.35
361	5848.08
362	5836.36
363	5827.59
364	5821.13
365	5816.39
366	5812.79
367	5809.80
368	5806.89
369	5803.53
370	5799.22
371	5793.41
372	5785.60
373	5775.31
374	5762.44
375	5747.77
376	5732.60
377	5718.38
378	5706.54
379	5698.53
380	5695.79
381	5699.76
382	5711.62
383	5731.49
384	5758.02
385	5789.23
386	5823.04
387	5857.42
388	5890.29
389	5919.59
390	5943.35
391	5960.14
392	5970.24
393	5975.26
394	5977.20
395	5978.05
396	5979.83
397	5984.55
398	5994.21
399	6010.59
400	6034.40
401	6064.46
402	6098.71
403	6134.93
404	6170.90
405	6204.42
406	6233.25
407	6255.23
408	6268.60
409	6273.01
410	6269.40
411	6259.10
412	6243.50
413	6223.96
414	6201.85
415	6178.55
416	6155.42
417	6133.80
418	6114.98
419	6100.21
420	6090.75
421	6087.86
422	6092.77
423	6106.74
424	6130.98
425	6166.11
426	6210.86
427	6262.01
428	6315.73
429	6368.13
430	6415.32
431	6453.43
432	6478.58
433	6487.21
434	6477.64
435	6451.76
436	6413.38
437	6366.67
438	6315.83
439	6265.01
440	6218.42
441	6180.16
442	6153.58
443	6139.55
444	6136.44
445	6141.89
446	6153.43
447	6168.65
448	6185.08
449	6200.30
450	6212.06
451	6219.15
452	6222.21
453	6222.81
454	6222.70
455	6223.62
456	6227.32
457	6235.54
458	6249.96
459	6271.70
460	6300.14
461	6333.14
462	6368.13
463	6402.50
464	6433.66
465	6458.99
466	6475.92
467	6482.24
468	6477.46
469	6463.81
470	6444.67
471	6423.63
472	6404.27
473	6390.15
474	6384.87
475	6391.82
476	6413.15
477	6447.77
478	6492.29
479	6542.74
480	6595.12
481	6645.43
482	6689.69
483	6723.93
484	6744.86
485	6751.64
486	6746.43
487	6732.51
488	6713.22
489	6691.95
490	6672.07
491	6656.93
492	6649.68
493	6652.08
494	6663.26
495	6680.86
496	6702.29
497	6724.90
498	6746.10
499	6763.24
500	6773.77
501	6775.73
502	6768.90
503	6754.55
504	6734.40
505	6710.19
506	6683.64
507	6656.50
508	6630.49
509	6607.18
510	6587.45
511	6571.27
512	6558.22
513	6547.87
514	6539.76
515	6533.44
516	6528.45
517	6524.38
518	6520.92
519	6518.01
520	6515.77
521	6514.30
522	6513.75
523	6514.25
524	6515.91
525	6518.85
526	6522.97
527	6527.55
528	6531.37
529	6533.08
530	6531.30
531	6524.66
532	6511.80
533	6491.34
534	6462.28
535	6424.81
536	6380.70
537	6332.29
538	6282.00
539	6232.22
540	6185.38
541	6143.86
542	6109.87
543	6084.53
544	6067.06
545	6055.68
546	6048.49
547	6043.57
548	6039.00
549	6032.87
550	6023.33
551	6009.18
552	5990.71
553	5969.23
554	5946.32
555	5923.53
556	5902.45
557	5884.64
558	5871.64
559	5864.77
560	5864.55
561	5870.80
562	5883.10
563	5901.05
564	5924.21
565	5952.17
566	5984.50
567	6020.70
568	6060.00
569	6101.26
570	6143.23
571	6184.62
572	6224.15
573	6260.53
574	6292.51
575	6319.00
576	6339.89
577	6356.66
578	6371.55
579	6386.90
580	6405.07
581	6428.42
582	6459.28
583	6499.86
584	6551.48
585	6613.52
586	6684.31
587	6761.92
588	6844.43
589	6929.91
590	7016.43
591	7102.08
592	7184.95
593	7263.23
594	7335.14
595	7398.93
596	7452.85
597	7495.13
598	7524.02
599	7537.83
600	7535.51
601	7517.93
602	7487.69
603	7447.89
604	7401.66
605	7352.14
606	7302.47
607	7255.74
608	7214.43
609	7179.02
610	7147.76
611	7118.17
612	7087.69
613	7053.77
614	7013.86
615	6965.45
616	6906.46
617	6836.59
618	6757.82
619	6672.97
620	6584.97
621	6496.75
622	6411.24
623	6331.34
624	6259.71
625	6197.85
626	6145.57
627	6101.97
628	6066.04
629	6036.80
630	6013.24
631	5994.35
632	5979.18
633	5967.01
634	5957.45
635	5950.30
636	5945.38
637	5942.52
638	5941.53
639	5942.23
640	5944.43
641	5947.89
642	5952.22
643	5957.01
644	5961.81
645	5966.20
646	5969.73
647	5971.96
648	5972.49
649	5970.99
650	5967.36
651	5961.60
652	5953.72
653	5943.75
654	5931.71
655	5917.62
656	5901.54
657	5883.72
658	5864.86
659	5845.86
660	5827.69
661	5811.32
662	5797.70
663	5787.81
664	5782.57
665	5782.61
666	5788.00
667	5798.50
668	5813.76
669	5833.47
670	5857.28
671	5884.87
672	5915.92
673	5950.18
674	5987.52
675	6027.89
676	6071.28
677	6117.65
678	6166.98
679	6219.23
680	6274.37
681	6332.17
682	6392.15
683	6453.59
684	6515.79
685	6578.01
686	6639.53
687	6699.62
688	6757.65
689	6813.52
690	6868.24
691	6923.38
692	6980.66
693	7041.78
694	7108.47
695	7182.42
696	7265.23
697	7357.74
698	7459.46
699	7569.15
700	7685.45
701	7807.01
702	7932.45
703	8060.41
704	8189.58
705	8318.79
706	8447.25
707	8574.31
708	8699.33
709	8821.70
710	8940.79
711	9055.99
712	9166.68
713	9272.37
714	9372.67
715	9467.29
716	9555.94
717	9638.32
718	9714.14
719	9783.11
720	9844.99
721	9899.76
722	9947.68
723	9989.13
724	10024.54
725	10054.30
726	10078.82
727	10098.50
728	10113.64
729	10124.11
730	10129.30
731	10128.42
732	10120.65
733	10105.17
734	10081.17
735	10047.86
736	10004.80
737	9952.73
738	9893.59
739	9829.70
740	9763.40
741	9697.06
742	9633.03
743	9573.63
744	9520.92
745	9476.16
746	9439.98
747	9412.81
748	9395.06
749	9387.16
750	9389.53
751	9402.53
752	9426.13
753	9459.37
754	9500.62
755	9548.09
756	9600.00
757	9654.58
758	9710.04
759	9764.66
760	9817.07
761	9866.60
762	9912.99
763	9956.00
764	9995.43
765	10031.07
766	10062.71
767	10090.08
768	10112.69
769	10129.63
770	10139.89
771	10142.39
772	10136.06
773	10119.83
774	10092.69
775	10054.21
776	10006.21
777	9953.08
778	9900.15
779	9852.82
780	9816.50
781	9796.59
782	9798.41
783	9826.05
784	9880.32
785	9959.08
786	10059.42
787	10178.36
788	10312.95
789	10460.20
790	10617.29
791	10782.26
792	10955.15
793	11137.23
794	11330.04
795	11535.11
796	11753.99
797	11988.20
798	12238.97
799	12506.02
800	12786.65
801	13077.02
802	13373.17
803	13671.10
804	13966.84
805	14256.43
806	14536.50
807	14805.78
808	15065.29
809	15316.86
810	15562.39
811	15803.80
812	16042.98
813	16281.95
814	16523.52
815	16772.66
816	17035.96
817	17320.40
818	17633.02
819	17980.82
820	18370.78
821	18809.09
822	19297.59
823	19830.07
824	20396.26
825	20985.16
826	21585.76
827	22187.04
828	22778.05
829	23349.06
830	23894.73
831	24415.06
832	24911.97
833	25387.56
834	25843.94
835	26283.21
836	26707.36
837	27117.19
838	27510.55
839	27882.99
840	28229.50
841	28545.06
842	28824.61
843	29063.16
844	29256.37
845	29403.37
846	29509.29
847	29582.10
848	29630.28
849	29662.28
850	29686.59
851	29711.59
852	29744.67
853	29789.73
854	29847.10
855	29915.93
856	29995.27
857	30084.16
858	30181.67
859	30286.80
860	30398.37
861	30514.72
862	30633.95
863	30754.04
864	30873.03
865	30988.90
866	31099.66
867	31202.97
868	31295.12
869	31370.62
870	31423.28
871	31446.83
872	31435.00
873	31381.52
874	31280.44
875	31128.61
876	30929.94
877	30693.74
878	30430.61
879	30151.24
880	29866.32
881	29586.47
882	29321.32
883	29075.81
884	28847.71
885	28631.66
886	28421.88
887	28212.58
888	27997.95
889	27772.39
890	27532.15
891	27278.59
892	27017.40
893	26755.38
894	26499.43
895	26256.44
896	26033.26
897	25836.17
898	25668.64
899	25529.56
900	25415.74
901	25323.70
902	25249.92
903	25190.89
904	25143.14
905	25103.63
906	25070.41
907	25042.52
908	25019.26
909	24999.93
910	24983.84
911	24970.29
912	24958.25
913	24945.11
914	24925.84
915	24894.30
916	24844.22
917	24769.30
918	24663.28
919	24520.20
920	24337.14
921	24119.23
922	23877.87
923	23626.04
924	23376.83
925	23143.33
926	22938.54
927	22773.84
928	22653.82
929	22573.52
930	22524.15
931	22496.45
932	22481.13
933	22468.94
934	22450.93
935	22420.68
936	22377.64
937	22325.12
938	22267.29
939	22208.38
940	22152.60
941	22104.09
942	22066.10
943	22038.56
944	22017.67
945	21998.38
946	21975.48
947	21943.78
948	21898.13
949	21833.99
950	21750.49
951	21653.59
952	21552.81
953	21458.28
954	21380.15
955	21328.61
956	21313.49
957	21341.90
958	21413.04
959	21519.53
960	21652.16
961	21801.64
962	21958.64
963	22113.88
964	22258.32
965	22383.91
966	22483.99
967	22552.43
968	22583.15
969	22570.09
970	22507.19
971	22388.83
972	22211.98
973	21978.98
974	21695.27
975	21366.90
976	20999.93
977	20600.41
978	20174.50
979	19728.97
980	19272.55
981	18815.66
982	18369.15
983	17943.96
984	17550.99
985	17201.09
986	16903.75
987	16663.21
988	16476.74
989	16338.92
990	16244.06
991	16186.43
992	16160.33
993	16160.24
994	16181.82
995	16222.94
996	16282.64
997	16360.15
998	16454.72
999	16565.60
1000	16692.03
1001	16833.27
1002	16988.55
1003	17157.11
1004	17338.17
1005	17530.99
1006	17734.79
1007	17948.76
1008	18171.64
1009	18400.61
1010	18631.21
1011	18858.45
1012	19077.32
1013	19282.79
1014	19469.85
1015	19634.03
1016	19773.09
1017	19888.00
1018	19981.08
1019	20054.80
1020	20111.64
1021	20154.08
1022	20184.65
1023	20205.99
1024	20221.06
1025	20232.96
1026	20244.82
1027	20259.76
1028	20280.91
1029	20311.25
1030	20352.53
1031	20403.69
1032	20461.70
1033	20523.09
1034	20584.36
1035	20642.02
1036	20692.64
1037	20733.43
1038	20763.46
1039	20783.42
1040	20794.47
1041	20797.80
1042	20794.58
1043	20786.08
1044	20774.54
1045	20765.66
1046	20768.92
1047	20795.06
1048	20854.95
1049	20959.46
1050	21119.38
1051	21344.06
1052	21637.04
1053	21993.91
1054	22407.17
1055	22868.95
1056	23371.38
1057	23906.55
1058	24466.19
1059	25040.17
1060	25615.37
1061	26177.31
1062	26711.31
1063	27202.70
1064	27636.85
1065	28000.64
1066	28289.38
1067	28514.19
1068	28694.48
1069	28851.09
1070	29004.92
1071	29176.83
1072	29386.35
1073	29644.47
1074	29943.97
1075	30266.92
1076	30593.17
1077	30902.52
1078	31174.74
1079	31390.18
1080	31533.10
1081	31596.93
1082	31581.22
1083	31486.86
1084	31314.81
1085	31066.04
1086	30741.58
1087	30342.93
1088	29872.82
1089	29334.89
1090	28732.98
1091	28070.94
1092	27352.63
1093	26582.21
1094	25766.43
1095	24919.01
1096	24059.09
1097	23207.23
1098	22384.03
1099	21610.11
1100	20905.61
1101	20286.21
1102	19755.29
1103	19306.01
1104	18928.88
1105	18614.24
1106	18352.41
1107	18133.82
1108	17949.75
1109	17794.01
1110	17662.50
1111	17551.69
1112	17458.09
1113	17378.21
1114	17308.44
1115	17243.83
1116	17175.77
1117	17092.50
1118	16981.38
1119	16829.72
1120	16624.88
1121	16354.64
1122	16011.37
1123	15600.25
1124	15137.12
1125	14640.72
1126	14129.97
1127	13623.77
1128	13140.67
1129	12695.78
1130	12294.95
1131	11936.56
1132	11617.07
1133	11332.81
1134	11080.10
1135	10855.31
1136	10655.06
1137	10476.72
1138	10318.15
1139	10177.37
1140	10052.39
1141	9941.22
1142	9841.89
1143	9752.37
1144	9670.52
1145	9594.17
1146	9521.11
1147	9449.13
1148	9376.04
1149	9299.80
1150	9219.45
1151	9136.46
1152	9053.82
1153	8974.83
1154	8902.81
1155	8841.05
1156	8792.65
1157	8759.33
1158	8740.10
1159	8732.51
1160	8733.79
1161	8741.20
1162	8751.96
1163	8763.50
1164	8774.10
1165	8783.56
1166	8792.39
1167	8801.25
1168	8810.78
1169	8821.62
1170	8834.22
1171	8848.19
1172	8861.93
1173	8873.31
1174	8880.13
1175	8880.21
1176	8871.40
1177	8852.10
1178	8822.90
1179	8787.00
1180	8748.54
1181	8711.76
1182	8680.89
1183	8660.10
1184	8652.66
1185	8659.06
1186	8677.04
1187	8703.52
1188	8735.36
1189	8769.43
1190	8802.64
1191	8832.44
1192	8857.61
1193	8878.00
1194	8893.71
1195	8904.86
1196	8911.57
1197	8914.00
1198	8912.58
1199	8908.37
1200	8902.73
1201	8897.13
1202	8893.01
1203	8891.85
1204	8894.99
1205	8903.36
1206	8917.17
1207	8936.29
1208	8960.54
1209	8989.75
1210	9023.75
1211	9062.41
1212	9105.84
1213	9154.38
1214	9208.50
1215	9268.65
1216	9335.29
1217	9408.89
1218	9489.91
1219	9578.90
1220	9676.43
1221	9783.08
1222	9899.46
1223	10026.14
1224	10163.59
1225	10311.45
1226	10467.58
1227	10628.70
1228	10791.36
1229	10952.05
1230	11107.31
1231	11254.46
1232	11394.39
1233	11533.60
1234	11681.01
1235	11845.93
1236	12037.66
1237	12265.38
1238	12536.62
1239	12853.46
1240	13212.14
1241	13607.07
1242	14032.49
1243	14482.65
1244	14952.05
1245	15437.21
1246	15939.52
1247	16463.74
1248	17015.42
1249	17600.14
1250	18223.42
1251	18889.50
1252	19596.30
1253	20331.31
1254	21077.23
1255	21816.02
1256	22529.62
1257	23200.18
1258	23812.27
1259	24358.67
1260	24840.68
1261	25262.31
1262	25627.84
1263	25941.51
1264	26207.30
1265	26427.22
1266	26598.81
1267	26716.72
1268	26774.99
1269	26767.64
1270	26688.74
1271	26533.96
1272	26305.68
1273	26015.93
1274	25680.72
1275	25316.54
1276	24939.90
1277	24567.12
1278	24212.58
1279	23885.13
1280	23589.01
1281	23327.18
1282	23102.54
1283	22917.99
1284	22777.11
1285	22686.93
1286	22660.71
1287	22714.78
1288	22865.99
1289	23131.18
1290	23526.79
1291	24063.86
1292	24735.83
1293	25518.33
1294	26381.33
1295	27294.39
1296	28227.04
1297	29148.87
1298	30030.03
1299	30841.71
1300	31555.70
1301	32143.89
1302	32578.19
1303	32830.88
1304	32879.50
1305	32720.15
1306	32369.64
1307	31851.81
1308	31191.13
1309	30412.12
1310	29539.13
1311	28595.64
1312	27603.22
1313	26582.34
1314	25553.21
1315	24536.08
1316	23550.97
1317	22615.31
1318	21737.21
1319	20914.35
1320	20140.81
1321	19410.38
1322	18716.81
1323	18054.00
1324	17416.54
1325	16800.53
1326	16202.94
1327	15620.87
1328	15051.44
1329	14491.88
1330	13940.54
1331	13399.59
1332	12875.14
1333	12374.57
1334	11905.35
1335	11474.95
1336	11090.14
1337	10753.99
1338	10462.80
1339	10209.43
1340	9986.13
1341	9785.13
1342	9598.81
1343	9420.82
1344	9248.58
1345	9082.77
1346	8925.01
1347	8776.98
1348	8640.34
1349	8516.51
1350	8405.89
1351	8307.32
1352	8218.95
1353	8138.87
1354	8065.18
1355	7996.07
1356	7930.63
1357	7870.04
1358	7816.90
1359	7774.12
1360	7744.62
1361	7731.25
1362	7735.52
1363	7754.38
1364	7779.74
1365	7801.81
1366	7810.66
1367	7796.40
1368	7750.02
1369	7667.10
1370	7551.28
1371	7410.11
1372	7251.77
1373	7084.47
1374	6916.25
1375	6753.74
1376	6599.99
1377	6455.36
1378	6319.58
1379	6192.34
1380	6073.31
1381	5962.26
1382	5859.23
1383	5764.57
1384	5678.73
1385	5602.16
1386	5535.35
1387	5478.88
1388	5433.95
1389	5402.79
1390	5388.10
1391	5392.69
1392	5419.32
1393	5470.56
1394	5547.24
1395	5646.20
1396	5761.56
1397	5886.80
1398	6015.44
1399	6141.01
1400	6258.03
1401	6363.95
1402	6459.05
1403	6544.48
1404	6621.41
1405	6691.09
1406	6755.30
1407	6818.01
1408	6886.23
1409	6968.10
1410	7071.90
1411	7205.90
1412	7377.82
1413	7592.47
1414	7849.30
1415	8145.06
1416	8476.08
1417	8838.67
1418	9229.59
1419	9649.08
1420	10105.47
1421	10612.45
1422	11184.90
1423	11837.77
1424	12585.98
1425	13444.13
1426	14425.92
1427	15544.28
1428	16811.89
1429	18241.45
1430	19845.05
1431	21626.84
1432	23562.94
1433	25598.37
1434	27667.65
1435	29704.35
1436	31642.21
1437	33418.88
1438	34988.44
1439	36327.89
1440	37423.39
1441	38262.25
1442	38831.93
1443	39122.97
1444	39141.30
1445	38918.96
1446	38500.30
1447	37931.62
1448	37259.21
1449	36527.86
1450	35773.40
1451	35013.61
1452	34256.28
1453	33507.34
1454	32772.63
1455	32057.27
1456	31361.59
1457	30674.92
1458	29979.45
1459	29255.86
1460	28484.77
1461	27647.63
1462	26732.79
1463	25746.17
1464	24706.62
1465	23636.17
1466	22557.00
1467	21490.94
1468	20456.39
1469	19462.21
1470	18509.38
1471	17596.79
1472	16723.20
1473	15887.38
1474	15088.47
1475	14326.66
1476	13603.08
1477	12919.14
1478	12276.28
1479	11675.87
1480	11118.64
1481	10603.24
1482	10126.35
1483	9684.06
1484	9272.38
1485	8887.39
1486	8525.68
1487	8185.61
1488	7867.32
1489	7571.51
1490	7298.90
1491	7050.20
1492	6825.51
1493	6622.98
1494	6438.70
1495	6268.13
1496	6106.65
1497	5949.73
1498	5793.54
1499	5636.74
1500	5480.56
1501	5327.03
1502	5178.28
1503	5036.40
1504	4903.01
1505	4778.28
1506	4660.86
1507	4548.96
1508	4440.70
1509	4334.29
1510	4228.44
1511	4123.61
1512	4021.89
1513	3925.92
1514	3838.36
1515	3761.79
1516	3698.04
1517	3646.65
1518	3605.00
1519	3569.89
1520	3538.07
1521	3506.32
1522	3471.98
1523	3433.86
1524	3392.03
1525	3346.88
1526	3298.83
1527	3248.36
1528	3196.21
1529	3143.88
1530	3093.43
1531	3047.07
1532	3007.02
1533	2975.33
1534	2952.98
1535	2938.39
1536	2928.33
1537	2919.17
1538	2907.28
1539	2889.26
1540	2863.14
1541	2829.85
1542	2792.02
1543	2752.59
1544	2714.49
1545	2680.54
1546	2652.84
1547	2632.28
1548	2619.12
1549	2613.56
1550	2615.75
1551	2625.51
1552	2641.19
1553	2659.02
1554	2674.36
1555	2682.45
1556	2678.58
1557	2659.20
1558	2624.75
1559	2580.39
1560	2532.90
1561	2489.20
1562	2456.08
1563	2438.64
1564	2436.85
1565	2446.07
1566	2460.32
1567	2473.53
1568	2479.89
1569	2475.48
1570	2461.11
1571	2440.86
1572	2419.57
1573	2402.12
1574	2392.98
1575	2394.55
1576	2405.12
1577	2420.86
1578	2437.54
1579	2450.95
1580	2457.34
1581	2455.04
1582	2445.31
1583	2430.61
1584	2413.56
1585	2396.75
1586	2382.45
1587	2371.88
1588	2365.19
1589	2362.19
1590	2362.65
1591	2366.36
1592	2373.17
1593	2383.10
1594	2396.28
1595	2412.89
1596	2433.08
1597	2457.03
1598	2484.98
1599	2517.27
1600	2554.28
1601	2596.43
1602	2644.08
1603	2697.27
1604	2754.74
1605	2813.63
1606	2870.48
1607	2921.80
1608	2964.27
1609	2996.21
1610	3020.47
1611	3043.49
1612	3072.68
1613	3115.48
1614	3178.91
1615	3267.59
1616	3381.56
1617	3518.51
1618	3675.70
1619	3850.37
1620	4040.03
1621	4243.02
1622	4458.73
1623	4686.93
1624	4927.43
1625	5180.24
1626	5446.93
1627	5733.11
1628	6047.39
1629	6399.06
1630	6797.46
1631	7251.12
1632	7764.80
1633	8337.06
1634	8963.62
1635	9639.78
1636	10361.21
1637	11128.37
1638	11956.67
1639	12875.96
1640	13920.45
1641	15124.62
1642	16521.09
1643	18131.26
1644	19953.93
1645	21975.25
1646	24178.98
1647	26548.23
1648	29057.97
1649	31653.79
1650	34247.30
1651	36738.30
1652	39025.52
1653	41009.00
1654	42598.17
1655	43723.71
1656	44329.80
1657	44363.53
1658	43773.10
1659	42523.88
1660	40647.53
1661	38259.74
1662	35507.40
1663	32540.76
1664	29507.24
1665	26533.01
1666	23694.28
1667	21034.07
1668	18588.01
1669	16390.98
1670	14471.64
1671	12834.49
1672	11453.36
1673	10290.68
1674	9307.68
1675	8466.42
1676	7735.14
1677	7096.14
1678	6540.64
1679	6061.77
1680	5652.75
1681	5306.51
1682	5014.99
1683	4768.96
1684	4558.78
1685	4374.81
1686	4207.69
1687	4049.93
1688	3897.78
1689	3749.64
1690	3604.27
1691	3460.55
1692	3318.19
1693	3179.64
1694	3049.93
1695	2934.92
1696	2840.49
1697	2771.74
1698	2730.02
1699	2710.46
1700	2705.31
1701	2706.42
1702	2705.88
1703	2698.05
1704	2683.14
1705	2665.70
1706	2651.35
1707	2645.73
1708	2653.87
1709	2678.44
1710	2719.30
1711	2775.28
1712	2845.08
1713	2927.25
1714	3019.36
1715	3117.11
1716	3215.22
1717	3308.23
1718	3391.03
1719	3461.50
1720	3525.90
1721	3597.27
1722	3690.42
1723	3820.16
1724	3999.16
1725	4231.94
1726	4512.87
1727	4832.61
1728	5181.45
1729	5550.02
1730	5931.12
1731	6321.40
1732	6719.52
1733	7124.44
1734	7535.08
1735	7949.73
1736	8365.08
1737	8776.66
1738	9179.71
1739	9569.33
1740	9938.89
1741	10275.99
1742	10562.22
1743	10777.27
1744	10900.81
1745	10915.21
1746	10814.72
1747	10610.82
1748	10322.09
1749	9968.00
1750	9567.40
1751	9135.14
1752	8678.33
1753	8199.90
1754	7702.04
1755	7187.14
1756	6659.75
1757	6129.62
1758	5610.28
1759	5116.08
1760	4661.21
1761	4256.97
1762	3905.93
1763	3602.58
1764	3339.00
1765	3107.18
1766	2899.98
1767	2713.53
1768	2547.84
1769	2404.29
1770	2284.37
1771	2189.03
1772	2116.80
1773	2062.68
1774	2020.13
1775	1982.47
1776	1943.45
1777	1899.48
1778	1851.60
1779	1803.16
1780	1757.90
1781	1719.39
1782	1689.85
1783	1668.77
1784	1654.00
1785	1643.11
1786	1633.73
1787	1624.31
1788	1615.22
1789	1608.12
1790	1604.97
1791	1607.61
1792	1616.54
1793	1628.83
1794	1638.85
1795	1640.29
1796	1627.00
1797	1594.91
1798	1545.85
1799	1486.84
1800	1426.28
1801	1372.60
1802	1333.09
1803	1311.56
1804	1308.53
1805	1323.55
1806	1356.00
1807	1404.19
1808	1462.98
1809	1523.68
1810	1576.52
1811	1611.82
1812	1622.05
1813	1606.99
1814	1574.12
1815	1533.43
1816	1494.97
1817	1467.03
1818	1451.68
1819	1444.36
1820	1438.28
1821	1426.62
1822	1404.18
1823	1371.45
1824	1335.02
1825	1303.49
1826	1285.46
1827	1287.23
1828	1307.38
1829	1336.32
1830	1361.84
1831	1371.76
1832	1357.09
1833	1319.22
1834	1269.97
1835	1224.42
1836	1197.57
1837	1200.79
1838	1234.24
1839	1287.51
1840	1347.10
1841	1399.49
1842	1433.45
1843	1444.34
1844	1433.14
1845	1402.40
1846	1354.95
1847	1294.98
1848	1230.34
1849	1171.67
1850	1130.30
1851	1116.88
1852	1136.85
1853	1183.26
1854	1240.83
1855	1292.49
1856	1322.08
1857	1320.03
1858	1290.40
1859	1245.10
1860	1197.55
1861	1160.26
1862	1140.73
1863	1137.55
1864	1144.95
1865	1156.48
1866	1166.27
1867	1171.11
1868	1171.67
1869	1170.26
1870	1169.33
1871	1171.05
1872	1176.37
1873	1184.87
1874	1195.62
1875	1207.69
1876	1220.39
1877	1233.83
1878	1248.86
1879	1266.51
1880	1287.63
1881	1311.56
1882	1333.95
1883	1347.90
1884	1345.92
1885	1321.49
1886	1273.57
1887	1211.62
1888	1150.63
1889	1106.45
1890	1092.51
1891	1111.88
1892	1152.95
1893	1198.15
1894	1229.48
1895	1232.93
1896	1207.56
1897	1165.64
1898	1123.54
1899	1097.33
1900	1097.94
1901	1123.61
1902	1163.62
1903	1205.16
1904	1236.16
1905	1248.88
1906	1243.35
1907	1223.42
1908	1193.59
1909	1158.41
1910	1122.55
1911	1090.82
1912	1068.07
1913	1058.99
1914	1066.58
1915	1089.45
1916	1122.69
1917	1160.52
1918	1197.48
1919	1229.95
1920	1257.87
1921	1282.94
1922	1307.11
1923	1331.73
1924	1355.77
1925	1375.43
1926	1385.98
1927	1382.80
1928	1363.26
1929	1329.53
1930	1287.28
1931	1242.98
1932	1202.80
1933	1171.36
1934	1150.81
1935	1142.16
1936	1146.19
1937	1162.40
1938	1186.46
1939	1210.47
1940	1225.53
1941	1223.57
1942	1201.71
1943	1167.22
1944	1132.78
1945	1111.90
1946	1115.01
1947	1141.91
1948	1180.56
1949	1215.01
1950	1229.96
1951	1216.77
1952	1181.40
1953	1138.62
1954	1104.90
1955	1094.29
1956	1111.59
1957	1150.46
1958	1200.57
1959	1251.47
1960	1294.57
1961	1325.50
1962	1342.60
1963	1344.80
1964	1331.62
1965	1304.77
1966	1268.53
1967	1228.09
1968	1188.57
1969	1153.73
1970	1124.55
1971	1100.28
1972	1079.88
1973	1062.92
1974	1051.17
1975	1048.76
1976	1060.63
1977	1090.98
1978	1139.86
1979	1199.20
1980	1256.70
1981	1299.55
1982	1318.04
1983	1311.77
1984	1288.80
1985	1259.60
1986	1233.93
1987	1217.74
1988	1211.00
1989	1211.07
1990	1215.05
1991	1220.49
1992	1226.18
1993	1231.74
1994	1236.93
1995	1240.95
1996	1240.82
1997	1231.20
1998	1205.99
1999	1160.32
2000	1096.42
2001	1029.06
2002	979.12
2003	967.53
2004	1006.51
2005	1085.77
2006	1178.13
2007	1252.67
2008	1284.15
2009	1268.46
2010	1225.70
2011	1184.12
2012	1170.03
2013	1196.09
2014	1251.89
2015	1316.11
2016	1366.61
2017	1387.22
2018	1376.07
2019	1340.73
2020	1290.89
2021	1235.86
2022	1183.52
2023	1140.37
2024	1112.46
2025	1104.46
2026	1115.64
2027	1138.23
2028	1161.75
2029	1176.28
2030	1176.34
2031	1164.47
2032	1147.11
2033	1131.03
2034	1120.83
2035	1115.98
2036	1112.74
2037	1106.80
2038	1095.75
2039	1082.48
2040	1074.32
2041	1079.62
2042	1104.21
2043	1145.21
2044	1190.40
2045	1224.69
2046	1235.03
2047	1217.67
2048	1181.27
2049	1139.20
2050	1104.55
2051	1086.46
2052	1087.62
2053	1107.83
2054	1145.68
2055	1195.61
2056	1244.12
2057	1273.65
2058	1267.40
2059	1218.46
2060	1141.42
2061	1063.82
2062	1014.50
2063	1012.12
2064	1050.51
2065	1106.50
2066	1153.83
2067	1172.98
2068	1162.73
2069	1135.76
2070	1107.95
2071	1092.38
2072	1093.81
2073	1110.06
2074	1137.02
2075	1169.95
2076	1202.60
2077	1227.39
2078	1236.60
2079	1225.29
2080	1197.07
2081	1163.42
2082	1137.76
2083	1130.09
2084	1139.30
2085	1153.82
2086	1159.36
2087	1145.32
2088	1113.14
2089	1075.57
2090	1048.38
2091	1044.43
2092	1067.13
2093	1111.20
2094	1168.86
2095	1231.54
2096	1289.04
2097	1329.71
2098	1342.05
2099	1319.27
2100	1267.67
2101	1204.11
2102	1147.70
2103	1113.11
2104	1103.30
2105	1112.59
2106	1133.25
2107	1157.96
2108	1180.54
2109	1195.62
2110	1198.37
2111	1186.48
2112	1162.74
2113	1132.91
2114	1103.34
2115	1080.53
2116	1071.10
2117	1081.69
2118	1117.10
2119	1173.71
2120	1235.26
2121	1280.29
2122	1290.43
2123	1261.86
2124	1208.71
2125	1151.45
2126	1108.44
2127	1089.14
2128	1094.22
2129	1121.52
2130	1167.16
2131	1223.29
2132	1279.10
2133	1323.71
2134	1350.82
2135	1363.82
2136	1371.73
2137	1383.55
2138	1402.75
2139	1423.80
2140	1437.21
2141	1434.69
2142	1414.45
2143	1382.41
2144	1347.10
2145	1316.18
2146	1294.09
2147	1282.53
2148	1282.32
2149	1293.19
2150	1312.68
2151	1337.04
2152	1362.00
2153	1382.18
2154	1390.54
2155	1379.55
2156	1344.05
2157	1286.76
2158	1218.20
2159	1151.00
2160	1095.76
2161	1058.07
2162	1040.23
2163	1042.99
2164	1063.41
2165	1092.90
2166	1120.62
2167	1137.59
2168	1141.68
2169	1137.25
2170	1130.38
2171	1125.57
2172	1123.72
2173	1123.60
2174	1122.95
2175	1117.23
2176	1098.90
2177	1060.05
2178	998.66
2179	928.38
2180	874.50
2181	861.64
2182	897.71
2183	963.69
2184	1029.21
2185	1069.26
2186	1079.82
2187	1075.53
2188	1074.88
2189	1088.79
2190	1114.06
2191	1140.54
2192	1157.50
2193	1156.09
2194	1129.39
2195	1072.92
2196	992.44
2197	912.59
2198	866.79
2199	879.91
2200	945.05
2201	1025.17
2202	1078.07
2203	1081.04
2204	1046.82
2205	1004.84
2206	981.12
2207	983.89
2208	1005.96
2209	1035.86
2210	1062.02
2211	1073.16
2212	1058.97
2213	1016.38
2214	960.26
2215	917.98
2216	914.59
2217	955.33
2218	1021.20
2219	1085.89
2220	1130.20
2221	1150.91
2222	1153.46
2223	1145.08
2224	1133.48
2225	1126.61
2226	1130.51
2227	1142.63
2228	1148.56
2229	1130.85
2230	1082.58
2231	1020.06
2232	972.41
2233	962.41
2234	986.54
2235	1018.28
2236	1029.04
2237	1007.73
2238	966.74
2239	926.02
2240	898.97
2241	884.75
2242	875.47
2243	865.11
2244	855.48
2245	853.90
2246	866.44
2247	890.66
2248	915.58
2249	929.36
2250	927.41
2251	915.33
2252	902.25
2253	894.98
2254	895.37
2255	902.60
2256	914.40
2257	926.20
2258	932.04
2259	926.77
2260	908.19
2261	876.70
2262	835.71
2263	796.32
2264	777.00
2265	793.70
2266	844.25
2267	904.43
2268	944.68
2269	946.05
2270	906.10
2271	831.22
2272	738.82
2273	663.08
2274	642.01
2275	692.33
2276	788.81
2277	886.53
2278	949.89
2279	970.15
2280	954.34
2281	915.01
2282	870.35
2283	840.71
2284	837.50
2285	849.89
2286	854.03
2287	834.73
2288	804.87
2289	794.73
2290	824.70
2291	881.07
2292	928.06
2293	937.15
2294	910.10
2295	868.86
2296	834.51
2297	815.01
2298	809.48
2299	815.20
2300	829.70
2301	850.41
2302	872.66
2303	887.34
2304	884.37
2305	863.01
2306	841.57
2307	844.77
2308	878.64
2309	913.66
2310	910.03
2311	857.96
2312	797.09
2313	777.78
2314	809.92
2315	848.00
2316	840.13
2317	783.47
2318	729.18
2319	729.55
2320	788.30
2321	866.48
2322	923.52
2323	944.21
2324	932.12
2325	898.28
2326	860.13
2327	835.79
2328	831.20
2329	833.10
2330	824.54
2331	804.31
2332	789.64
2333	795.41
2334	812.32
2335	813.20
2336	782.69
2337	741.68
2338	727.49
2339	757.65
2340	813.39
2341	863.35
2342	884.56
2343	866.49
2344	814.94
2345	766.62
2346	770.44
2347	835.66
2348	899.74
2349	889.83
2350	807.67
2351	734.29
2352	742.00
2353	821.92
2354	915.39
2355	974.38
2356	984.63
2357	951.88
2358	900.37
2359	865.54
2360	866.50
2361	884.34
2362	886.25
2363	857.29
2364	806.18
2365	753.46
2366	728.74
2367	757.10
2368	827.18
2369	885.39
2370	888.82
2371	855.14
2372	833.29
2373	844.47
2374	866.13
2375	872.55
2376	867.39
2377	868.15
2378	873.75
2379	859.73
2380	815.38
2381	776.18
2382	787.09
2383	838.12
2384	866.46
2385	834.90
2386	781.09
2387	759.69
2388	774.66
2389	792.32
2390	798.74
2391	817.14
2392	860.02
2393	887.78
2394	854.33
2395	784.43
2396	757.58
2397	806.47
2398	875.29
2399	903.03
2400	892.15
2401	876.45
2402	873.57
2403	877.50
2404	862.45
2405	794.01
2406	681.09
2407	611.54
2408	665.08
2409	814.78
2410	969.35
2411	1049.53
2412	1018.19
2413	913.90
2414	838.53
2415	841.01
2416	860.12
2417	834.95
2418	792.11
2419	783.98
2420	816.35
2421	864.00
2422	904.56
2423	921.39
2424	894.81
2425	812.17
2426	700.12
2427	619.91
2428	614.16
2429	682.14
2430	785.40
2431	862.91
2432	888.80
2433	895.60
2434	904.98
2435	891.40
2436	842.19
2437	795.91
2438	794.76
2439	843.99
2440	906.41
2441	916.37
2442	866.88
2443	843.77
2444	880.64
2445	894.30
2446	847.48
2447	814.32
2448	829.31
2449	835.90
2450	811.52
