150	3668.52
151	3669.61
152	3675.57
153	3688.09
154	3706.84
155	3730.30
156	3756.52
157	3783.56
158	3809.42
159	3832.15
160	3849.77
161	3860.32
162	3862.25
163	3855.36
164	3841.22
165	3822.02
166	3800.01
167	3777.45
168	3756.60
169	3739.71
170	3729.01
171	3726.37
172	3732.19
173	3745.09
174	3763.00
175	3783.81
176	3805.39
177	3825.62
178	3842.36
179	3853.52
180	3857.48
181	3854.44
182	3846.83
183	3837.89
184	3830.96
185	3829.37
186	3836.45
187	3855.54
188	3889.91
189	3942.03
190	4011.24
191	4093.27
192	4182.51
193	4273.25
194	4359.74
195	4436.27
196	4497.10
197	4536.59
198	4550.28
199	4537.92
200	4503.98
201	4454.55
202	4395.87
203	4334.18
204	4275.71
205	4226.72
206	4193.34
207	4180.59
208	4189.62
209	4217.63
210	4260.53
211	4314.12
212	4374.21
213	4436.59
214	4497.07
215	4551.51
216	4596.52
217	4630.95
218	4655.80
219	4672.67
220	4683.23
221	4689.13
222	4692.05
223	4693.63
224	4695.53
225	4699.19
226	4705.52
227	4714.97
228	4727.87
229	4744.57
230	4765.38
231	4790.64
232	4820.66
233	4855.73
234	4895.65
235	4939.14
236	4984.06
237	5028.14
238	5069.04
239	5104.44
240	5132.05
241	5149.55
242	5154.78
243	5146.64
244	5126.33
245	5096.43
246	5059.82
247	5019.38
248	4978.00
249	4938.57
250	4903.97
251	4876.91
252	4859.11
253	4850.47
254	4849.99
255	4856.50
256	4868.80
257	4885.73
258	4906.10
259	4928.73
260	4952.50
261	4976.52
262	5000.24
263	5023.29
264	5045.30
265	5065.91
266	5084.74
267	5101.45
268	5115.66
269	5127.14
270	5136.06
271	5143.08
272	5149.07
273	5154.88
274	5161.39
275	5169.46
276	5179.97
277	5193.75
278	5211.42
279	5232.87
280	5257.35
281	5283.88
282	5311.50
283	5339.24
284	5366.12
285	5391.17
286	5413.44
287	5432.19
288	5447.13
289	5458.34
290	5465.96
291	5470.14
292	5471.01
293	5468.74
294	5463.45
295	5455.31
296	5444.43
297	5430.90
298	5414.79
299	5396.18
300	5375.12
301	5351.69
302	5325.95
303	5297.97
304	5267.90
305	5236.18
306	5203.71
307	5171.53
308	5140.71
309	5112.33
310	5087.47
311	5067.19
312	5052.55
313	5044.35
314	5042.56
315	5046.38
316	5054.73
317	5066.53
318	5080.70
319	5096.16
320	5111.82
321	5126.62
322	5139.78
323	5151.07
324	5160.69
325	5168.93
326	5176.08
327	5182.43
328	5188.28
329	5193.90
330	5199.60
331	5205.64
332	5212.26
333	5219.68
334	5228.14
335	5237.85
336	5249.04
337	5261.92
338	5276.72
339	5293.55
340	5312.15
341	5331.86
342	5351.85
343	5371.31
344	5389.39
345	5405.27
346	5418.14
347	5427.17
348	5431.80
349	5431.99
350	5428.14
351	5420.73
352	5410.24
353	5397.16
354	5381.99
355	5365.21
356	5347.31
357	5328.77
358	5310.06
359	5291.64
360	5273.97
361	5257.52
362	5242.75
363	5230.12
364	5220.07
365	5213.03
366	5209.21
367	5208.65
368	5211.29
369	5217.12
370	5226.08
371	5238.14
372	5253.26
373	5271.36
374	5292.22
375	5315.18
376	5339.35
377	5363.76
378	5387.46
379	5409.47
380	5428.84
381	5444.61
382	5455.95
383	5462.51
384	5464.67
385	5463.12
386	5458.56
387	5451.70
388	5443.25
389	5433.93
390	5424.45
391	5415.48
392	5407.62
393	5401.41
394	5397.36
395	5396.00
396	5397.83
397	5403.38
398	5413.14
399	5427.49
400	5446.07
401	5467.27
402	5488.86
403	5508.56
404	5524.03
405	5532.98
406	5533.09
407	5522.11
408	5498.55
409	5463.20
410	5419.09
411	5369.92
412	5319.44
413	5271.40
414	5229.54
415	5197.60
416	5179.04
417	5175.74
418	5186.59
419	5208.91
420	5239.72
421	5276.04
422	5314.89
423	5353.29
424	5388.30
425	5417.43
426	5439.72
427	5455.76
428	5466.61
429	5473.41
430	5477.27
431	5479.29
432	5480.61
433	5482.27
434	5484.97
435	5488.66
436	5492.97
437	5497.41
438	5501.51
439	5504.80
440	5506.81
441	5507.07
442	5505.27
443	5501.53
444	5496.41
445	5490.63
446	5484.92
447	5479.98
448	5476.54
449	5475.31
450	5476.94
451	5481.65
452	5488.92
453	5497.83
454	5507.41
455	5516.69
456	5524.69
457	5530.45
458	5533.01
459	5531.75
460	5526.98
461	5519.84
462	5511.69
463	5503.92
464	5497.93
465	5495.09
466	5496.79
467	5504.29
468	5518.21
469	5538.27
470	5563.72
471	5593.80
472	5627.72
473	5664.68
474	5703.92
475	5744.63
476	5785.99
477	5827.11
478	5866.99
479	5904.67
480	5939.14
481	5969.43
482	5994.55
483	6013.51
484	6025.52
485	6030.45
486	6028.97
487	6022.04
488	6010.67
489	5995.85
490	5978.59
491	5959.88
492	5940.70
493	5921.83
494	5903.75
495	5886.72
496	5871.01
497	5856.85
498	5844.49
499	5834.17
500	5826.13
501	5820.58
502	5817.64
503	5817.33
504	5819.65
505	5824.61
506	5832.23
507	5842.49
508	5855.40
509	5870.86
510	5888.37
511	5906.85
512	5925.04
513	5941.60
514	5955.23
515	5964.62
516	5968.46
517	5965.56
518	5955.40
519	5938.92
520	5917.85
521	5894.08
522	5869.52
523	5846.07
524	5825.63
525	5810.03
526	5800.56
527	5796.88
528	5797.25
529	5799.57
530	5801.72
531	5801.55
532	5796.95
533	5785.81
534	5766.35
535	5738.12
536	5702.34
537	5660.83
538	5615.48
539	5568.18
540	5520.82
541	5475.29
542	5433.41
543	5396.57
544	5365.43
545	5340.27
546	5321.33
547	5308.82
548	5302.98
549	5304.01
550	5312.09
551	5326.87
552	5346.82
553	5369.60
554	5392.67
555	5413.50
556	5429.55
557	5438.27
558	5437.20
559	5424.64
560	5401.38
561	5370.49
562	5335.72
563	5300.90
564	5269.83
565	5246.33
566	5234.17
567	5236.54
568	5254.25
569	5285.11
570	5325.82
571	5372.95
572	5423.08
573	5472.76
574	5518.57
575	5557.47
576	5588.12
577	5612.13
578	5632.46
579	5652.28
580	5674.76
581	5703.08
582	5740.40
583	5789.65
584	5852.22
585	5926.27
586	6008.07
587	6093.53
588	6178.53
589	6258.96
590	6330.72
591	6389.84
592	6433.61
593	6462.49
594	6479.23
595	6487.14
596	6489.58
597	6489.90
598	6491.45
599	6497.47
600	6510.30
601	6529.47
602	6551.97
603	6574.10
604	6592.08
605	6602.15
606	6600.55
607	6583.57
608	6548.33
609	6494.85
610	6426.23
611	6346.63
612	6260.30
613	6171.48
614	6084.42
615	6003.34
616	5931.90
617	5871.63
618	5821.31
619	5778.68
620	5741.37
621	5707.02
622	5673.24
623	5637.69
624	5598.33
625	5554.53
626	5507.78
627	5460.41
628	5414.89
629	5373.68
630	5339.26
631	5314.06
632	5300.24
633	5298.42
634	5306.66
635	5321.90
636	5340.87
637	5360.30
638	5376.93
639	5387.51
640	5389.02
641	5379.85
642	5360.84
643	5334.12
644	5302.00
645	5266.80
646	5230.86
647	5196.50
648	5165.93
649	5140.68
650	5120.97
651	5106.31
652	5096.09
653	5089.69
654	5086.49
655	5085.87
656	5087.23
657	5090.15
658	5094.53
659	5100.44
660	5108.01
661	5117.35
662	5128.59
663	5141.84
664	5157.18
665	5174.50
666	5193.25
667	5212.63
668	5231.79
669	5249.87
670	5266.04
671	5279.44
672	5289.35
673	5295.83
674	5300.54
675	5306.12
676	5315.39
677	5331.17
678	5356.28
679	5393.55
680	5445.55
681	5513.48
682	5595.54
683	5688.29
684	5787.91
685	5890.59
686	5992.53
687	6089.91
688	6179.19
689	6258.38
690	6328.57
691	6392.62
692	6453.70
693	6514.98
694	6579.66
695	6650.91
696	6731.64
697	6823.31
698	6924.58
699	7032.66
700	7144.47
701	7256.93
702	7366.97
703	7471.52
704	7567.77
705	7654.29
706	7732.11
707	7803.41
708	7870.61
709	7936.12
710	8002.35
711	8071.70
712	8146.36
713	8227.49
714	8314.61
715	8406.48
716	8501.77
717	8599.14
718	8697.25
719	8794.75
720	8890.20
721	8981.78
722	9067.08
723	9143.51
724	9208.40
725	9259.11
726	9293.00
727	9307.45
728	9300.40
729	9271.87
730	9224.41
731	9161.50
732	9086.72
733	9003.64
734	8915.85
735	8826.89
736	8740.06
737	8657.73
738	8581.32
739	8511.97
740	8450.79
741	8398.89
742	8357.37
743	8327.31
744	8309.32
745	8302.80
746	8306.11
747	8317.30
748	8334.41
749	8355.48
750	8378.55
751	8401.73
752	8423.52
753	8443.42
754	8461.59
755	8478.39
756	8494.15
757	8509.21
758	8523.92
759	8538.60
760	8553.55
761	8568.99
762	8585.09
763	8602.00
764	8619.90
765	8638.94
766	8659.29
767	8681.02
768	8703.84
769	8726.87
770	8748.99
771	8769.04
772	8785.87
773	8798.30
774	8805.20
775	8805.68
776	8799.82
777	8788.82
778	8774.26
779	8757.77
780	8740.98
781	8725.52
782	8713.03
783	8705.36
784	8704.89
785	8714.51
786	8737.23
787	8776.05
788	8833.99
789	8914.07
790	9019.07
791	9150.29
792	9305.69
793	9481.17
794	9672.18
795	9874.17
796	10082.56
797	10292.81
798	10500.82
799	10704.57
800	10905.48
801	11106.52
802	11310.90
803	11521.81
804	11742.48
805	11976.06
806	12224.93
807	12488.73
808	12763.97
809	13046.15
810	13330.64
811	13612.82
812	13888.08
813	14152.06
814	14402.77
815	14644.28
816	14885.30
817	15135.68
818	15405.35
819	15704.25
820	16042.23
821	16428.25
822	16866.02
823	17349.65
824	17868.37
825	18410.55
826	18964.53
827	19518.66
828	20061.37
829	20582.42
830	21076.57
831	21544.59
832	21989.38
833	22414.06
834	22821.78
835	23215.67
836	23598.65
837	23972.06
838	24332.96
839	24675.22
840	24991.90
841	25276.03
842	25520.62
843	25718.72
844	25864.31
845	25956.08
846	26000.81
847	26009.22
848	25992.64
849	25962.43
850	25929.92
851	25906.36
852	25901.40
853	25919.39
854	25959.09
855	26017.49
856	26091.42
857	26177.69
858	26273.13
859	26374.63
860	26479.59
861	26586.51
862	26694.57
863	26803.09
864	26911.40
865	27018.83
866	27124.69
867	27227.79
868	27324.92
869	27410.20
870	27476.72
871	27517.46
872	27525.39
873	27493.47
874	27415.04
875	27286.34
876	27111.21
877	26899.16
878	26661.11
879	26408.04
880	26150.97
881	25900.82
882	25667.40
883	25455.21
884	25260.68
885	25076.74
886	24895.79
887	24710.23
888	24512.49
889	24295.25
890	24054.05
891	23792.29
892	23519.98
893	23248.83
894	22990.70
895	22757.44
896	22560.85
897	22411.45
898	22313.67
899	22262.03
900	22246.52
901	22256.49
902	22281.24
903	22310.08
904	22332.54
905	22340.30
906	22331.04
907	22307.54
908	22273.95
909	22234.50
910	22193.44
911	22154.97
912	22122.63
913	22096.76
914	22072.76
915	22043.78
916	22002.65
917	21942.21
918	21855.31
919	21735.11
920	21577.89
921	21388.08
922	21176.50
923	20955.60
924	20737.92
925	20536.00
926	20362.31
927	20227.70
928	20136.26
929	20082.63
930	20057.63
931	20051.61
932	20054.92
933	20057.89
934	20051.27
935	20028.70
936	19990.54
937	19941.64
938	19887.85
939	19835.03
940	19789.06
941	19755.75
942	19739.71
943	19741.27
944	19755.97
945	19777.67
946	19800.08
947	19816.92
948	19821.91
949	19809.41
950	19777.21
951	19729.58
952	19674.13
953	19619.08
954	19572.68
955	19543.14
956	19538.48
957	19564.41
958	19620.24
959	19699.86
960	19795.70
961	19900.09
962	20005.37
963	20103.90
964	20188.42
965	20253.28
966	20294.96
967	20310.84
968	20298.32
969	20254.87
970	20177.94
971	20065.09
972	19914.60
973	19726.23
974	19500.57
975	19238.40
976	18940.48
977	18607.60
978	18240.68
979	17842.37
980	17420.17
981	16985.92
982	16552.61
983	16133.35
984	15741.24
985	15389.28
986	15088.91
987	14845.31
988	14655.39
989	14512.93
990	14411.34
991	14343.99
992	14304.29
993	14285.95
994	14284.34
995	14298.02
996	14327.25
997	14372.56
998	14434.51
999	14513.67
1000	14610.51
1001	14724.85
1002	14854.87
1003	14997.48
1004	15149.29
1005	15306.91
1006	15466.93
1007	15625.98
1008	15781.17
1009	15931.15
1010	16076.23
1011	16217.22
1012	16355.00
1013	16490.45
1014	16624.40
1015	16757.42
1016	16888.70
1017	17015.57
1018	17134.52
1019	17241.98
1020	17334.36
1021	17408.08
1022	17459.98
1023	17489.26
1024	17499.54
1025	17496.80
1026	17487.46
1027	17477.92
1028	17474.60
1029	17483.64
1030	17509.18
1031	17550.53
1032	17603.73
1033	17664.07
1034	17726.79
1035	17787.14
1036	17840.46
1037	17883.17
1038	17914.70
1039	17937.19
1040	17953.50
1041	17966.57
1042	17979.32
1043	17994.69
1044	18015.67
1045	18045.53
1046	18087.80
1047	18146.10
1048	18224.08
1049	18325.36
1050	18453.58
1051	18612.27
1052	18804.52
1053	19032.85
1054	19299.59
1055	19606.98
1056	19957.31
1057	20352.79
1058	20794.44
1059	21277.50
1060	21787.88
1061	22307.25
1062	22816.64
1063	23297.07
1064	23729.63
1065	24097.01
1066	24390.98
1067	24620.34
1068	24802.78
1069	24957.56
1070	25103.99
1071	25261.34
1072	25447.68
1073	25673.18
1074	25931.35
1075	26205.77
1076	26478.04
1077	26729.68
1078	26942.22
1079	27097.77
1080	27182.68
1081	27193.24
1082	27132.32
1083	27004.28
1084	26813.52
1085	26564.45
1086	26261.45
1087	25908.54
1088	25508.88
1089	25064.97
1090	24579.18
1091	24053.86
1092	23491.37
1093	22894.27
1094	22266.86
1095	21618.13
1096	20960.74
1097	20308.27
1098	19674.35
1099	19072.63
1100	18516.44
1101	18016.23
1102	17574.48
1103	17187.11
1104	16848.32
1105	16552.16
1106	16292.70
1107	16064.09
1108	15861.02
1109	15679.85
1110	15518.30
1111	15374.49
1112	15246.56
1113	15132.64
1114	15030.73
1115	14937.70
1116	14847.06
1117	14749.55
1118	14635.12
1119	14493.65
1120	14315.08
1121	14089.65
1122	13811.06
1123	13482.67
1124	13115.83
1125	12724.09
1126	12321.15
1127	11920.66
1128	11536.02
1129	11177.93
1130	10849.82
1131	10549.25
1132	10272.30
1133	10014.91
1134	9773.06
1135	9542.87
1136	9321.78
1137	9110.66
1138	8912.97
1139	8732.82
1140	8574.35
1141	8441.68
1142	8338.67
1143	8267.09
1144	8223.68
1145	8201.67
1146	8193.47
1147	8191.45
1148	8188.01
1149	8175.85
1150	8149.92
1151	8110.12
1152	8059.44
1153	8001.52
1154	7940.05
1155	7878.70
1156	7821.01
1157	7769.73
1158	7726.05
1159	7690.29
1160	7662.58
1161	7643.07
1162	7631.91
1163	7629.11
1164	7634.14
1165	7645.41
1166	7660.89
1167	7678.45
1168	7695.96
1169	7711.30
1170	7722.57
1171	7728.79
1172	7730.36
1173	7728.26
1174	7723.54
1175	7717.26
1176	7710.46
1177	7704.18
1178	7699.30
1179	7696.58
1180	7696.73
1181	7700.44
1182	7708.41
1183	7721.31
1184	7739.58
1185	7762.83
1186	7789.93
1187	7819.51
1188	7850.17
1189	7880.52
1190	7909.21
1191	7935.15
1192	7958.00
1193	7977.99
1194	7995.48
1195	8010.84
1196	8024.43
1197	8036.58
1198	8047.30
1199	8055.90
1200	8061.31
1201	8062.39
1202	8057.98
1203	8046.94
1204	8028.54
1205	8003.94
1206	7977.48
1207	7954.90
1208	7942.21
1209	7945.37
1210	7970.29
1211	8021.50
1212	8098.39
1213	8194.13
1214	8299.66
1215	8405.70
1216	8502.94
1217	8582.38
1218	8637.72
1219	8670.68
1220	8689.89
1221	8705.91
1222	8729.42
1223	8771.11
1224	8841.05
1225	8945.42
1226	9081.84
1227	9242.66
1228	9419.13
1229	9602.46
1230	9783.91
1231	9955.88
1232	10116.04
1233	10270.30
1234	10428.20
1235	10599.77
1236	10795.09
1237	11024.05
1238	11294.49
1239	11607.22
1240	11955.71
1241	12331.04
1242	12724.08
1243	13125.73
1244	13527.43
1245	13924.90
1246	14324.23
1247	14738.72
1248	15183.29
1249	15672.98
1250	16222.70
1251	16845.04
1252	17541.16
1253	18293.46
1254	19075.65
1255	19860.10
1256	20619.17
1257	21325.53
1258	21955.92
1259	22500.65
1260	22964.21
1261	23355.63
1262	23684.28
1263	23959.56
1264	24190.38
1265	24382.22
1266	24532.83
1267	24634.91
1268	24680.14
1269	24660.10
1270	24566.51
1271	24392.91
1272	24140.91
1273	23823.59
1274	23458.77
1275	23064.87
1276	22660.31
1277	22263.28
1278	21889.48
1279	21547.60
1280	21240.41
1281	20969.09
1282	20734.71
1283	20538.36
1284	20381.82
1285	20270.45
1286	20216.03
1287	20233.54
1288	20338.45
1289	20546.29
1290	20872.15
1291	21325.97
1292	21900.92
1293	22573.06
1294	23313.11
1295	24091.37
1296	24878.11
1297	25644.07
1298	26362.62
1299	27012.51
1300	27575.52
1301	28034.00
1302	28370.37
1303	28567.19
1304	28609.91
1305	28493.99
1306	28226.11
1307	27816.75
1308	27276.73
1309	26616.92
1310	25848.86
1311	24988.43
1312	24060.76
1313	23096.39
1314	22126.99
1315	21184.27
1316	20299.56
1317	19499.09
1318	18790.93
1319	18162.71
1320	17595.13
1321	17068.23
1322	16562.06
1323	16057.59
1324	15541.54
1325	15012.35
1326	14475.22
1327	13936.60
1328	13403.02
1329	12880.97
1330	12376.33
1331	11892.97
1332	11432.71
1333	10996.71
1334	10586.05
1335	10201.84
1336	9845.16
1337	9516.99
1338	9218.20
1339	8949.55
1340	8711.82
1341	8505.76
1342	8332.00
1343	8189.77
1344	8074.27
1345	7977.17
1346	7889.15
1347	7800.83
1348	7702.90
1349	7587.36
1350	7452.05
1351	7303.60
1352	7152.33
1353	7009.07
1354	6884.66
1355	6789.43
1356	6730.13
1357	6704.94
1358	6706.27
1359	6725.24
1360	6752.89
1361	6780.36
1362	6799.84
1363	6807.18
1364	6802.32
1365	6786.54
1366	6761.24
1367	6727.84
1368	6687.61
1369	6641.16
1370	6587.95
1371	6526.85
1372	6456.65
1373	6376.13
1374	6284.17
1375	6180.26
1376	6065.54
1377	5942.34
1378	5813.32
1379	5681.12
1380	5548.41
1381	5417.76
1382	5291.45
1383	5171.44
1384	5059.58
1385	4957.69
1386	4867.63
1387	4791.28
1388	4730.76
1389	4688.62
1390	4667.60
1391	4670.47
1392	4699.99
1393	4758.58
1394	4846.27
1395	4957.30
1396	5082.10
1397	5210.21
1398	5331.14
1399	5434.63
1400	5512.90
1401	5566.00
1402	5601.51
1403	5629.25
1404	5659.22
1405	5701.36
1406	5764.51
1407	5853.10
1408	5965.57
1409	6098.04
1410	6246.36
1411	6406.39
1412	6574.57
1413	6750.51
1414	6939.54
1415	7149.90
1416	7390.33
1417	7669.55
1418	7996.14
1419	8377.30
1420	8817.08
1421	9317.42
1422	9879.81
1423	10505.70
1424	11196.82
1425	11957.58
1426	12800.17
1427	13743.52
1428	14808.41
1429	16015.78
1430	17385.91
1431	18930.31
1432	20629.69
1433	22430.47
1434	24267.58
1435	26074.84
1436	27786.31
1437	29340.62
1438	30695.63
1439	31836.04
1440	32757.23
1441	33455.96
1442	33929.10
1443	34175.34
1444	34202.57
1445	34034.27
1446	33701.29
1447	33235.61
1448	32669.26
1449	32033.62
1450	31356.18
1451	30656.78
1452	29950.93
1453	29253.38
1454	28578.76
1455	27940.55
1456	27343.80
1457	26774.31
1458	26205.51
1459	25608.07
1460	24952.65
1461	24211.16
1462	23366.31
1463	22428.37
1464	21427.89
1465	20400.36
1466	19381.54
1467	18406.40
1468	17502.62
1469	16677.48
1470	15921.45
1471	15220.53
1472	14560.39
1473	13926.98
1474	13308.59
1475	12700.65
1476	12105.06
1477	11525.54
1478	10965.98
1479	10430.20
1480	9921.59
1481	9442.17
1482	8992.60
1483	8573.14
1484	8184.01
1485	7825.43
1486	7497.25
1487	7198.30
1488	6926.30
1489	6678.63
1490	6452.66
1491	6245.74
1492	6055.25
1493	5878.63
1494	5713.38
1495	5557.01
1496	5407.05
1497	5261.05
1498	5117.03
1499	4974.55
1500	4834.78
1501	4699.40
1502	4570.14
1503	4448.69
1504	4336.37
1505	4233.23
1506	4138.06
1507	4049.22
1508	3965.04
1509	3883.88
1510	3804.28
1511	3725.32
1512	3646.69
1513	3568.22
1514	3489.77
1515	3411.22
1516	3332.89
1517	3256.33
1518	3184.24
1519	3119.66
1520	3065.65
1521	3025.13
1522	2999.71
1523	2987.27
1524	2982.54
1525	2979.43
1526	2971.79
1527	2953.69
1528	2921.28
1529	2876.04
1530	2823.45
1531	2770.00
1532	2722.22
1533	2686.34
1534	2666.32
1535	2660.87
1536	2665.20
1537	2673.76
1538	2680.95
1539	2681.41
1540	2671.21
1541	2649.33
1542	2616.39
1543	2573.36
1544	2521.23
1545	2461.18
1546	2395.50
1547	2328.33
1548	2264.78
1549	2210.06
1550	2169.38
1551	2147.19
1552	2144.61
1553	2158.01
1554	2181.79
1555	2210.08
1556	2237.04
1557	2257.47
1558	2268.51
1559	2269.93
1560	2262.48
1561	2246.97
1562	2224.27
1563	2195.57
1564	2163.09
1565	2129.98
1566	2099.65
1567	2075.52
1568	2060.91
1569	2058.30
1570	2068.06
1571	2089.13
1572	2120.10
1573	2159.55
1574	2205.84
1575	2256.23
1576	2305.82
1577	2348.58
1578	2378.24
1579	2388.64
1580	2374.86
1581	2337.38
1582	2284.43
1583	2227.40
1584	2178.06
1585	2148.01
1586	2146.33
1587	2173.83
1588	2222.87
1589	2283.15
1590	2344.17
1591	2395.72
1592	2430.14
1593	2446.13
1594	2446.93
1595	2436.89
1596	2420.37
1597	2401.67
1598	2384.43
1599	2371.20
1600	2363.98
1601	2364.65
1602	2375.11
1603	2396.77
1604	2429.53
1605	2471.27
1606	2519.22
1607	2570.51
1608	2622.34
1609	2672.67
1610	2721.44
1611	2770.20
1612	2820.92
1613	2875.60
1614	2936.38
1615	3006.09
1616	3088.88
1617	3189.61
1618	3313.28
1619	3464.78
1620	3647.90
1621	3862.18
1622	4102.06
1623	4360.16
1624	4628.93
1625	4901.19
1626	5172.97
1627	5448.47
1628	5737.90
1629	6052.99
1630	6405.46
1631	6806.38
1632	7263.43
1633	7778.77
1634	8352.01
1635	8982.40
1636	9669.40
1637	10415.17
1638	11230.28
1639	12133.52
1640	13146.08
1641	14289.34
1642	15583.61
1643	17042.87
1644	18668.28
1645	20453.85
1646	22392.25
1647	24475.60
1648	26688.71
1649	28990.09
1650	31307.84
1651	33559.48
1652	35661.52
1653	37530.91
1654	39087.76
1655	40259.38
1656	40977.63
1657	41175.36
1658	40786.52
1659	39762.95
1660	38125.72
1661	35983.68
1662	33478.23
1663	30754.27
1664	27953.86
1665	25197.38
1666	22554.26
1667	20060.16
1668	17743.15
1669	15630.74
1670	13746.71
1671	12100.50
1672	10683.32
1673	9479.60
1674	8473.01
1675	7646.77
1676	6980.94
1677	6448.54
1678	6018.12
1679	5657.22
1680	5333.67
1681	5019.79
1682	4704.27
1683	4394.71
1684	4105.35
1685	3851.00
1686	3645.44
1687	3495.93
1688	3396.56
1689	3334.06
1690	3293.74
1691	3261.01
1692	3223.39
1693	3174.87
1694	3115.82
1695	3048.50
1696	2975.35
1697	2898.75
1698	2821.00
1699	2744.17
1700	2670.24
1701	2601.18
1702	2538.96
1703	2485.40
1704	2441.98
1705	2409.95
1706	2390.48
1707	2384.73
1708	2393.66
1709	2417.48
1710	2455.49
1711	2506.65
1712	2569.89
1713	2644.12
1714	2728.06
1715	2820.08
1716	2918.40
1717	3021.18
1718	3126.64
1719	3233.42
1720	3341.29
1721	3450.96
1722	3563.39
1723	3679.58
1724	3801.30
1725	3933.09
1726	4083.01
1727	4260.38
1728	4474.63
1729	4734.19
1730	5042.10
1731	5391.51
1732	5770.54
1733	6166.48
1734	6566.79
1735	6960.86
1736	7342.84
1737	7710.44
1738	8062.15
1739	8396.43
1740	8710.15
1741	8995.07
1742	9237.56
1743	9422.27
1744	9533.83
1745	9558.76
1746	9491.95
1747	9340.38
1748	9116.05
1749	8831.58
1750	8499.32
1751	8129.78
1752	7729.88
1753	7304.63
1754	6858.68
1755	6396.79
1756	5924.70
1757	5450.62
1758	4984.45
1759	4536.52
1760	4117.04
1761	3734.57
1762	3392.62
1763	3090.05
1764	2824.36
1765	2592.93
1766	2393.31
1767	2223.54
1768	2082.29
1769	1968.44
1770	1880.86
1771	1817.95
1772	1775.94
1773	1747.91
1774	1725.55
1775	1700.46
1776	1665.00
1777	1615.89
1778	1557.61
1779	1498.47
1780	1447.43
1781	1412.90
1782	1399.72
1783	1405.25
1784	1422.46
1785	1443.49
1786	1460.69
1787	1468.64
1788	1467.15
1789	1459.59
1790	1450.14
1791	1442.87
1792	1440.71
1793	1443.46
1794	1448.52
1795	1452.67
1796	1452.76
1797	1446.43
1798	1433.71
1799	1416.67
1800	1397.96
1801	1380.22
1802	1365.67
1803	1355.20
1804	1348.48
1805	1344.78
1806	1343.35
1807	1343.18
1808	1342.48
1809	1338.67
1810	1328.94
1811	1310.52
1812	1282.02
1813	1246.47
1814	1211.65
1815	1186.86
1816	1181.34
1817	1201.78
1818	1246.15
1819	1303.01
1820	1357.81
1821	1395.96
1822	1405.98
1823	1386.99
1824	1349.60
1825	1308.15
1826	1277.08
1827	1267.66
1828	1280.50
1829	1304.94
1830	1326.69
1831	1331.48
1832	1308.78
1833	1260.31
1834	1200.10
1835	1146.01
1836	1115.78
1837	1122.41
1838	1164.19
1839	1225.60
1840	1287.08
1841	1329.22
1842	1337.54
1843	1311.68
1844	1263.42
1845	1207.85
1846	1159.87
1847	1130.76
1848	1122.24
1849	1128.70
1850	1142.70
1851	1156.92
1852	1165.75
1853	1167.67
1854	1163.92
1855	1156.33
1856	1146.79
1857	1137.29
1858	1130.02
1859	1127.31
1860	1131.49
1861	1144.38
1862	1165.17
1863	1188.43
1864	1206.43
1865	1211.14
1866	1195.69
1867	1158.43
1868	1105.23
1869	1045.12
1870	987.50
1871	941.05
1872	911.84
1873	902.93
1874	916.27
1875	953.54
1876	1014.11
1877	1090.60
1878	1169.39
1879	1235.16
1880	1273.17
1881	1274.53
1882	1244.56
1883	1198.49
1884	1153.76
1885	1126.66
1886	1126.08
1887	1146.88
1888	1176.47
1889	1201.07
1890	1208.66
1891	1195.09
1892	1167.29
1893	1136.69
1894	1115.07
1895	1111.44
1896	1125.80
1897	1149.03
1898	1169.14
1899	1174.52
1900	1158.17
1901	1124.51
1902	1085.99
1903	1056.93
1904	1050.29
1905	1071.53
1906	1112.63
1907	1158.97
1908	1194.96
1909	1207.51
1910	1192.85
1911	1158.52
1912	1116.04
1913	1077.08
1914	1050.76
1915	1039.33
1916	1039.71
1917	1047.40
1918	1057.97
1919	1067.69
1920	1074.19
1921	1075.75
1922	1070.83
1923	1058.62
1924	1041.05
1925	1023.17
1926	1011.17
1927	1011.02
1928	1026.15
1929	1053.74
1930	1086.49
1931	1116.05
1932	1134.95
1933	1140.00
1934	1134.81
1935	1126.04
1936	1120.60
1937	1123.52
1938	1134.07
1939	1146.12
1940	1152.03
1941	1144.85
1942	1122.47
1943	1092.18
1944	1066.31
1945	1057.87
1946	1076.58
1947	1120.49
1948	1174.76
1949	1220.25
1950	1238.64
1951	1219.73
1952	1170.90
1953	1110.23
1954	1057.81
1955	1030.39
1956	1032.01
1957	1051.40
1958	1071.81
1959	1076.92
1960	1057.04
1961	1017.51
1962	973.09
1963	940.42
1964	933.42
1965	955.66
1966	998.24
1967	1047.89
1968	1091.44
1969	1119.52
1970	1130.95
1971	1129.52
1972	1119.98
1973	1106.66
1974	1092.38
1975	1078.23
1976	1064.77
1977	1052.59
1978	1042.84
1979	1037.71
1980	1039.95
1981	1052.28
1982	1076.04
1983	1108.38
1984	1142.68
1985	1171.27
1986	1187.15
1987	1186.76
1988	1171.85
1989	1146.50
1990	1115.12
1991	1082.28
1992	1052.89
1993	1032.09
1994	1024.95
1995	1035.00
1996	1060.15
1997	1092.07
1998	1120.33
1999	1135.37
2000	1133.28
2001	1120.21
2002	1107.22
2003	1105.71
2004	1122.80
2005	1154.52
2006	1188.62
2007	1210.93
2008	1210.01
2009	1184.30
2010	1143.62
2011	1101.61
2012	1071.11
2013	1059.08
2014	1062.50
2015	1073.67
2016	1084.46
2017	1089.01
2018	1086.79
2019	1080.84
2020	1074.95
2021	1072.24
2022	1073.76
2023	1078.53
2024	1084.99
2025	1091.32
2026	1094.97
2027	1092.38
2028	1079.63
2029	1053.64
2030	1015.97
2031	976.38
2032	948.69
2033	946.30
2034	975.23
2035	1024.53
2036	1072.37
2037	1095.30
2038	1077.43
2039	1024.39
2040	959.76
2041	911.54
2042	902.53
2043	936.77
2044	998.30
2045	1064.84
2046	1116.07
2047	1141.99
2048	1146.35
2049	1138.12
2050	1126.30
2051	1116.96
2052	1111.42
2053	1108.87
2054	1108.32
2055	1109.43
2056	1113.15
2057	1121.05
2058	1134.50
2059	1152.38
2060	1168.28
2061	1172.60
2062	1155.74
2063	1113.22
2064	1052.85
2065	990.88
2066	944.93
2067	927.78
2068	939.25
2069	969.25
2070	1005.49
2071	1037.78
2072	1062.37
2073	1080.85
2074	1096.06
2075	1109.42
2076	1117.81
2077	1114.12
2078	1090.46
2079	1042.95
2080	979.98
2081	921.34
2082	889.56
2083	901.51
2084	955.83
2085	1033.99
2086	1112.70
2087	1171.40
2088	1199.12
2089	1193.84
2090	1156.50
2091	1091.33
2092	1011.88
2093	940.19
2094	900.09
2095	908.44
2096	961.48
2097	1037.60
2098	1110.78
2099	1160.60
2100	1182.77
2101	1186.05
2102	1182.17
2103	1179.11
2104	1174.77
2105	1159.60
2106	1123.18
2107	1061.74
2108	987.22
2109	921.84
2110	888.42
2111	899.47
2112	945.82
2113	1005.87
2114	1056.98
2115	1083.94
2116	1085.11
2117	1065.58
2118	1031.62
2119	989.60
2120	946.03
2121	907.44
2122	879.93
2123	867.84
2124	873.38
2125	897.83
2126	940.76
2127	996.55
2128	1054.43
2129	1102.38
2130	1130.64
2131	1135.74
2132	1119.03
2133	1083.63
2134	1036.02
2135	989.73
2136	962.28
2137	969.37
2138	1014.08
2139	1079.11
2140	1138.24
2141	1168.81
2142	1166.07
2143	1146.49
2144	1133.37
2145	1144.60
2146	1180.55
2147	1226.96
2148	1266.31
2149	1285.63
2150	1282.10
2151	1258.93
2152	1220.88
2153	1174.36
2154	1128.18
2155	1091.96
2156	1072.70
2157	1068.76
2158	1069.88
2159	1064.08
2160	1045.54
2161	1023.11
2162	1014.98
2163	1037.95
2164	1093.28
2165	1158.28
2166	1200.65
2167	1195.24
2168	1143.49
2169	1072.27
2170	1014.24
2171	990.97
2172	999.46
2173	1022.45
2174	1041.63
2175	1045.76
2176	1032.85
2177	1004.78
2178	966.68
2179	931.16
2180	916.30
2181	938.00
2182	995.49
2183	1061.36
2184	1097.40
2185	1076.11
2186	1006.65
2187	930.61
2188	894.05
2189	918.07
2190	977.98
2191	1027.34
2192	1028.16
2193	980.57
2194	921.40
2195	894.39
2196	920.82
2197	979.08
2198	1026.46
2199	1027.19
2200	978.76
2201	910.32
2202	857.58
2203	841.69
2204	856.91
2205	884.80
2206	908.98
2207	925.09
2208	939.10
2209	958.06
2210	981.17
2211	995.30
2212	983.19
2213	936.53
2214	871.10
2215	819.48
2216	811.62
2217	852.47
2218	916.53
2219	969.37
2220	987.60
2221	971.88
2222	935.89
2223	894.44
2224	858.63
2225	836.13
2226	832.14
2227	845.31
2228	865.29
2229	878.97
2230	878.06
2231	865.42
2232	850.22
2233	840.66
2234	838.47
2235	839.64
2236	838.67
2237	830.51
2238	810.89
2239	776.85
2240	731.18
2241	687.36
2242	663.63
2243	672.48
2244	709.63
2245	758.84
2246	803.90
2247	838.15
2248	864.58
2249	888.37
2250	911.28
2251	930.08
2252	939.80
2253	936.40
2254	917.95
2255	883.96
2256	836.96
2257	785.83
2258	743.22
2259	719.91
2260	719.25
2261	738.47
2262	771.88
2263	809.22
2264	836.01
2265	839.83
2266	820.92
2267	795.00
2268	781.80
2269	794.82
2270	837.74
2271	907.75
2272	989.71
2273	1048.83
2274	1046.27
2275	969.93
2276	860.32
2277	780.67
2278	770.37
2279	810.22
2280	849.77
2281	847.96
2282	798.35
2283	716.47
2284	625.24
2285	554.42
2286	535.78
2287	583.75
2288	669.24
2289	736.37
2290	744.53
2291	705.96
2292	667.46
2293	668.06
2294	708.26
2295	762.66
2296	805.71
2297	825.54
2298	819.55
2299	786.94
2300	726.48
2301	638.47
2302	535.65
2303	457.02
2304	450.92
2305	532.33
2306	645.65
2307	707.15
2308	679.08
2309	615.44
2310	602.14
2311	672.89
2312	771.57
2313	817.86
2314	785.50
2315	724.53
2316	700.29
2317	733.20
2318	792.39
2319	838.05
2320	852.92
2321	841.10
2322	815.02
2323	793.27
2324	796.14
2325	830.51
2326	875.13
2327	896.90
2328	876.75
2329	821.42
2330	750.31
2331	689.44
2332	669.16
2333	706.05
2334	773.04
2335	811.87
2336	788.17
2337	737.80
2338	726.56
2339	773.57
2340	816.42
2341	782.26
2342	677.72
2343	591.17
2344	596.70
2345	669.64
2346	725.81
2347	714.99
2348	668.07
2349	642.02
2350	658.83
2351	698.20
2352	729.94
2353	732.32
2354	694.24
2355	625.70
2356	564.94
2357	549.53
2358	580.63
2359	628.38
2360	667.71
2361	699.59
2362	734.61
2363	770.61
2364	789.57
2365	771.13
2366	701.96
2367	584.12
2368	462.75
2369	426.90
2370	525.97
2371	678.51
2372	746.53
2373	691.36
2374	615.33
2375	624.17
2376	712.84
2377	811.82
2378	873.57
2379	894.32
2380	882.16
2381	838.84
2382	766.46
2383	682.69
2384	620.13
2385	606.71
2386	651.91
2387	742.96
2388	828.87
2389	843.65
2390	774.12
2391	683.07
2392	638.13
2393	655.56
2394	714.41
2395	770.51
2396	774.73
2397	720.94
2398	665.61
2399	664.51
2400	718.48
2401	791.96
2402	835.14
2403	806.80
2404	724.65
2405	671.09
2406	701.31
2407	780.86
2408	843.35
2409	847.36
2410	787.89
2411	712.39
2412	691.20
2413	732.64
2414	770.84
2415	761.41
2416	731.28
2417	722.50
2418	746.98
2419	788.65
2420	805.69
2421	759.79
2422	660.39
2423	559.35
2424	527.06
2425	611.81
2426	756.84
2427	823.81
2428	760.55
2429	650.34
2430	593.64
2431	638.28
2432	760.16
2433	865.60
2434	879.76
2435	804.92
2436	696.25
2437	634.76
2438	663.97
2439	746.86
2440	807.41
2441	777.20
2442	667.72
2443	595.15
2444	635.94
2445	741.08
2446	817.02
2447	797.97
2448	704.61
2449	633.37
2450	622.81
