150	3638.98
151	3636.87
152	3632.96
153	3627.29
154	3620.29
155	3612.93
156	3606.43
157	3601.99
158	3600.84
159	3604.20
160	3613.27
161	3629.28
162	3653.11
163	3684.52
164	3721.88
165	3763.03
166	3805.77
167	3847.89
168	3887.17
169	3921.41
170	3948.42
171	3966.37
172	3974.84
173	3975.11
174	3969.10
175	3958.81
176	3946.22
177	3933.35
178	3922.17
179	3914.68
180	3912.64
181	3917.07
182	3928.00
183	3945.13
184	3968.10
185	3996.59
186	4030.24
187	4068.71
188	4111.65
189	4158.59
190	4208.67
191	4260.53
192	4312.63
193	4363.45
194	4411.42
195	4455.01
196	4492.67
197	4522.87
198	4544.37
199	4556.92
200	4561.39
201	4559.04
202	4551.16
203	4539.04
204	4523.97
205	4507.25
206	4490.16
207	4473.90
208	4459.40
209	4447.29
210	4438.14
211	4432.46
212	4430.81
213	4433.73
214	4441.74
215	4455.38
216	4474.87
217	4499.62
218	4528.24
219	4559.09
220	4590.55
221	4620.96
222	4648.67
223	4672.06
224	4689.53
225	4700.01
226	4703.89
227	4702.79
228	4698.64
229	4693.40
230	4689.01
231	4687.43
232	4690.62
233	4700.44
234	4718.01
235	4742.65
236	4772.35
237	4804.79
238	4837.65
239	4868.58
240	4895.25
241	4915.34
242	4926.67
243	4928.12
244	4920.85
245	4907.41
246	4890.64
247	4873.40
248	4858.54
249	4848.92
250	4847.37
251	4856.49
252	4877.52
253	4909.15
254	4948.78
255	4993.60
256	5040.78
257	5087.50
258	5130.94
259	5168.27
260	5196.96
261	5215.70
262	5225.02
263	5226.24
264	5220.82
265	5210.18
266	5195.76
267	5179.02
268	5161.39
269	5144.22
270	5128.59
271	5115.24
272	5104.78
273	5097.82
274	5094.94
275	5096.77
276	5103.89
277	5116.89
278	5136.09
279	5161.08
280	5190.72
281	5223.70
282	5258.67
283	5294.29
284	5329.21
285	5362.10
286	5391.65
287	5416.79
288	5437.06
289	5452.39
290	5462.85
291	5468.49
292	5469.35
293	5465.50
294	5456.98
295	5443.90
296	5426.61
297	5405.94
298	5382.98
299	5358.87
300	5334.73
301	5311.71
302	5290.92
303	5273.51
304	5260.44
305	5252.05
306	5247.76
307	5246.65
308	5247.77
309	5250.13
310	5252.76
311	5254.71
312	5255.00
313	5252.90
314	5248.29
315	5241.68
316	5233.78
317	5225.31
318	5216.99
319	5209.55
320	5203.70
321	5200.14
322	5199.32
323	5201.14
324	5205.12
325	5210.67
326	5217.23
327	5224.20
328	5231.03
329	5237.12
330	5242.01
331	5245.64
332	5248.76
333	5252.46
334	5257.91
335	5266.25
336	5278.65
337	5296.26
338	5320.21
339	5351.28
340	5388.91
341	5431.08
342	5475.24
343	5518.83
344	5559.23
345	5593.88
346	5620.18
347	5635.65
348	5638.54
349	5629.04
350	5608.73
351	5579.56
352	5543.48
353	5502.43
354	5458.38
355	5413.27
356	5368.97
357	5327.00
358	5288.22
359	5253.20
360	5222.46
361	5196.51
362	5175.86
363	5161.04
364	5152.54
365	5150.64
366	5154.89
367	5164.05
368	5176.60
369	5191.02
370	5205.79
371	5219.38
372	5230.26
373	5236.99
374	5238.65
375	5235.56
376	5228.80
377	5219.67
378	5209.44
379	5199.40
380	5190.84
381	5185.03
382	5183.12
383	5185.69
384	5192.53
385	5203.11
386	5216.84
387	5233.14
388	5251.44
389	5271.15
390	5291.68
391	5312.49
392	5333.07
393	5352.98
394	5371.76
395	5388.98
396	5404.20
397	5416.98
398	5426.89
399	5433.53
400	5436.78
401	5436.97
402	5434.63
403	5430.33
404	5424.64
405	5418.15
406	5411.41
407	5405.01
408	5399.44
409	5395.04
410	5391.93
411	5390.21
412	5389.98
413	5391.30
414	5394.26
415	5398.95
416	5405.43
417	5413.57
418	5422.93
419	5432.91
420	5442.86
421	5452.15
422	5460.12
423	5466.14
424	5469.58
425	5469.96
426	5467.33
427	5462.22
428	5455.38
429	5447.52
430	5439.40
431	5431.73
432	5425.26
433	5420.65
434	5418.23
435	5417.64
436	5418.17
437	5419.04
438	5419.45
439	5418.62
440	5415.77
441	5410.14
442	5401.27
443	5389.68
444	5376.88
445	5364.69
446	5354.92
447	5349.41
448	5349.99
449	5358.49
450	5376.49
451	5404.31
452	5440.01
453	5480.45
454	5522.35
455	5562.38
456	5597.22
457	5623.57
458	5638.21
459	5638.83
460	5625.86
461	5602.16
462	5571.25
463	5536.74
464	5502.19
465	5471.19
466	5447.32
467	5433.77
468	5432.13
469	5441.38
470	5459.39
471	5483.86
472	5512.49
473	5542.99
474	5573.05
475	5600.44
476	5623.48
477	5641.86
478	5656.26
479	5667.60
480	5676.83
481	5684.89
482	5692.70
483	5701.20
484	5711.24
485	5723.38
486	5737.80
487	5754.56
488	5773.69
489	5795.23
490	5819.22
491	5845.70
492	5874.65
493	5905.73
494	5937.97
495	5970.05
496	6000.61
497	6028.24
498	6051.58
499	6069.24
500	6079.87
501	6082.49
502	6077.18
503	6064.91
504	6046.93
505	6024.49
506	5998.85
507	5971.26
508	5942.98
509	5915.16
510	5888.60
511	5863.58
512	5840.17
513	5818.45
514	5798.45
515	5780.24
516	5763.87
517	5749.41
518	5736.92
519	5726.54
520	5718.42
521	5712.70
522	5709.53
523	5709.08
524	5711.49
525	5716.90
526	5725.22
527	5735.80
528	5747.45
529	5758.86
530	5768.72
531	5775.69
532	5778.46
533	5775.73
534	5766.36
535	5750.01
536	5727.30
537	5699.16
538	5666.61
539	5630.65
540	5592.26
541	5552.45
542	5512.21
543	5472.48
544	5434.10
545	5397.87
546	5364.59
547	5335.05
548	5310.04
549	5290.35
550	5276.73
551	5269.47
552	5267.87
553	5270.52
554	5275.83
555	5282.23
556	5288.13
557	5291.94
558	5292.14
559	5287.58
560	5278.45
561	5266.17
562	5252.54
563	5239.34
564	5228.41
565	5221.55
566	5220.56
567	5226.96
568	5241.26
569	5262.62
570	5289.72
571	5321.18
572	5355.62
573	5391.66
574	5427.93
575	5463.19
576	5496.81
577	5529.26
578	5561.45
579	5594.41
580	5629.15
581	5666.69
582	5708.03
583	5754.13
584	5805.40
585	5861.26
586	5920.50
587	5981.78
588	6043.78
589	6105.16
590	6164.59
591	6220.75
592	6272.47
593	6318.93
594	6359.58
595	6393.93
596	6421.49
597	6441.77
598	6454.29
599	6458.59
600	6454.47
601	6442.58
602	6424.26
603	6401.10
604	6374.68
605	6346.59
606	6318.42
607	6291.73
608	6267.78
609	6246.75
610	6227.66
611	6209.13
612	6189.77
613	6168.18
614	6142.94
615	6112.67
616	6076.24
617	6033.51
618	5985.63
619	5934.22
620	5880.96
621	5827.54
622	5775.64
623	5726.92
624	5682.88
625	5644.19
626	5610.36
627	5580.36
628	5553.12
629	5527.57
630	5502.62
631	5477.20
632	5450.39
633	5421.94
634	5392.77
635	5364.33
636	5338.14
637	5315.74
638	5298.66
639	5288.41
640	5286.36
641	5292.90
642	5306.76
643	5325.81
644	5347.75
645	5370.30
646	5391.17
647	5408.09
648	5418.90
649	5422.26
650	5418.39
651	5408.30
652	5393.21
653	5374.29
654	5352.75
655	5329.78
656	5306.56
657	5284.09
658	5263.05
659	5243.97
660	5227.30
661	5213.51
662	5203.09
663	5196.48
664	5194.13
665	5196.16
666	5202.09
667	5211.12
668	5222.36
669	5234.91
670	5247.88
671	5260.39
672	5271.64
673	5281.38
674	5290.54
675	5300.69
676	5313.59
677	5330.95
678	5354.54
679	5386.07
680	5427.16
681	5478.75
682	5540.30
683	5610.45
684	5687.67
685	5770.41
686	5857.15
687	5946.36
688	6036.54
689	6126.54
690	6215.81
691	6304.17
692	6391.51
693	6477.71
694	6562.66
695	6646.24
696	6728.38
697	6809.26
698	6889.54
699	6970.10
700	7051.90
701	7135.87
702	7222.95
703	7314.10
704	7410.13
705	7511.31
706	7616.90
707	7725.66
708	7836.29
709	7947.46
710	8057.85
711	8166.15
712	8271.11
713	8371.77
714	8467.67
715	8558.57
716	8644.25
717	8724.50
718	8799.10
719	8867.84
720	8930.43
721	8986.32
722	9034.54
723	9073.96
724	9103.43
725	9121.81
726	9127.95
727	9120.73
728	9099.33
729	9064.12
730	9016.95
731	8960.17
732	8896.19
733	8827.45
734	8756.35
735	8685.29
736	8616.48
737	8551.41
738	8490.86
739	8435.40
740	8385.56
741	8341.89
742	8304.92
743	8275.19
744	8253.04
745	8238.37
746	8230.68
747	8229.37
748	8233.81
749	8243.39
750	8257.49
751	8275.51
752	8296.84
753	8320.98
754	8347.43
755	8375.72
756	8405.39
757	8435.95
758	8466.93
759	8497.89
760	8528.43
761	8558.34
762	8587.48
763	8615.73
764	8642.97
765	8669.08
766	8693.93
767	8717.38
768	8739.11
769	8758.57
770	8775.11
771	8788.05
772	8796.73
773	8800.47
774	8798.61
775	8790.72
776	8777.12
777	8759.04
778	8738.05
779	8715.73
780	8693.67
781	8673.45
782	8656.68
783	8645.15
784	8641.18
785	8647.56
786	8667.20
787	8703.02
788	8757.94
789	8834.86
790	8936.51
791	9064.33
792	9216.84
793	9390.80
794	9582.57
795	9788.51
796	10004.95
797	10228.25
798	10454.99
799	10682.76
800	10910.82
801	11139.18
802	11367.99
803	11597.37
804	11827.47
805	12058.42
806	12290.48
807	12524.27
808	12760.88
809	13001.50
810	13247.35
811	13499.66
812	13759.65
813	14028.58
814	14307.94
815	14599.86
816	14906.97
817	15231.99
818	15577.69
819	15946.80
820	16342.05
821	16765.78
822	17218.13
823	17695.26
824	18191.27
825	18699.92
826	19214.94
827	19730.07
828	20239.09
829	20736.33
830	21218.19
831	21683.57
832	22132.25
833	22564.11
834	22979.04
835	23376.90
836	23757.52
837	24120.08
838	24462.18
839	24780.19
840	25070.19
841	25328.25
842	25550.41
843	25732.78
844	25872.03
845	25968.02
846	26026.02
847	26053.88
848	26059.89
849	26052.38
850	26039.64
851	26029.89
852	26030.42
853	26045.26
854	26075.05
855	26119.35
856	26177.62
857	26249.32
858	26333.91
859	26430.79
860	26539.01
861	26656.85
862	26782.08
863	26912.40
864	27045.47
865	27178.98
866	27310.58
867	27437.47
868	27555.03
869	27656.19
870	27732.97
871	27777.28
872	27780.99
873	27736.02
874	27634.72
875	27473.14
876	27256.89
877	26998.77
878	26713.37
879	26415.34
880	26119.37
881	25840.06
882	25590.40
883	25376.12
884	25191.73
885	25026.88
886	24870.54
887	24711.66
888	24539.19
889	24342.47
890	24114.44
891	23858.13
892	23585.01
893	23308.76
894	23043.22
895	22802.23
896	22599.57
897	22447.62
898	22352.07
899	22307.75
900	22304.54
901	22331.56
902	22377.93
903	22432.76
904	22485.33
905	22526.65
906	22552.55
907	22562.94
908	22558.85
909	22541.35
910	22511.54
911	22470.50
912	22419.15
913	22357.74
914	22285.37
915	22200.69
916	22102.26
917	21988.63
918	21858.38
919	21710.20
920	21544.10
921	21363.45
922	21174.32
923	20983.42
924	20797.53
925	20623.41
926	20467.78
927	20336.57
928	20232.40
929	20153.19
930	20094.99
931	20053.62
932	20024.90
933	20004.64
934	19988.78
935	19974.05
936	19959.17
937	19944.07
938	19929.02
939	19914.28
940	19900.10
941	19886.75
942	19874.29
943	19862.16
944	19849.09
945	19833.57
946	19814.04
947	19788.98
948	19756.84
949	19716.43
950	19668.41
951	19616.88
952	19567.76
953	19527.31
954	19501.75
955	19497.34
956	19520.12
957	19574.09
958	19657.51
959	19763.84
960	19885.19
961	20013.63
962	20141.20
963	20259.97
964	20362.39
965	20442.47
966	20496.31
967	20520.84
968	20513.10
969	20470.10
970	20388.88
971	20266.71
972	20102.17
973	19896.67
974	19653.19
975	19375.03
976	19065.51
977	18727.95
978	18365.71
979	17982.96
980	17585.96
981	17182.90
982	16782.48
983	16393.45
984	16024.56
985	15684.49
986	15381.09
987	15118.74
988	14897.33
989	14715.00
990	14569.68
991	14459.32
992	14381.85
993	14335.17
994	14317.03
995	14324.84
996	14355.87
997	14407.35
998	14476.51
999	14560.58
1000	14656.83
1001	14763.00
1002	14877.94
1003	15001.35
1004	15133.14
1005	15273.22
1006	15421.52
1007	15577.94
1008	15742.11
1009	15912.75
1010	16087.66
1011	16264.33
1012	16440.23
1013	16612.82
1014	16779.56
1015	16937.95
1016	17085.58
1017	17220.21
1018	17339.67
1019	17441.79
1020	17524.42
1021	17585.38
1022	17622.93
1023	17637.46
1024	17633.52
1025	17617.82
1026	17597.48
1027	17579.61
1028	17571.32
1029	17579.39
1030	17607.98
1031	17655.05
1032	17714.31
1033	17778.50
1034	17840.31
1035	17892.44
1036	17927.78
1037	17941.22
1038	17933.56
1039	17910.70
1040	17880.01
1041	17848.95
1042	17824.96
1043	17815.47
1044	17827.09
1045	17863.82
1046	17926.72
1047	18015.85
1048	18131.20
1049	18272.77
1050	18440.54
1051	18634.74
1052	18856.47
1053	19108.04
1054	19392.22
1055	19711.86
1056	20069.80
1057	20468.83
1058	20910.61
1059	21391.39
1060	21898.70
1061	22416.06
1062	22926.44
1063	23412.76
1064	23858.02
1065	24246.54
1066	24570.20
1067	24835.02
1068	25054.43
1069	25243.15
1070	25415.97
1071	25587.62
1072	25772.02
1073	25977.71
1074	26201.77
1075	26434.55
1076	26664.99
1077	26882.01
1078	27074.51
1079	27231.53
1080	27343.09
1081	27401.50
1082	27400.60
1083	27334.54
1084	27197.52
1085	26983.75
1086	26687.80
1087	26307.58
1088	25849.22
1089	25324.93
1090	24748.33
1091	24133.15
1092	23493.09
1093	22841.71
1094	22191.10
1095	21549.48
1096	20922.05
1097	20313.22
1098	19727.35
1099	19168.83
1100	18641.96
1101	18150.62
1102	17697.52
1103	17284.32
1104	16912.46
1105	16583.34
1106	16298.37
1107	16058.81
1108	15864.56
1109	15711.68
1110	15592.93
1111	15500.22
1112	15425.39
1113	15360.28
1114	15296.75
1115	15226.87
1116	15143.33
1117	15039.31
1118	14908.17
1119	14743.24
1120	14537.88
1121	14285.72
1122	13983.07
1123	13633.76
1124	13247.89
1125	12837.24
1126	12413.72
1127	11989.21
1128	11575.42
1129	11182.21
1130	10814.55
1131	10473.43
1132	10158.81
1133	9870.58
1134	9608.65
1135	9372.89
1136	9163.03
1137	8978.39
1138	8817.99
1139	8680.75
1140	8565.63
1141	8471.54
1142	8397.35
1143	8341.21
1144	8299.69
1145	8268.21
1146	8241.94
1147	8216.02
1148	8185.63
1149	8146.21
1150	8095.24
1151	8034.69
1152	7969.34
1153	7904.54
1154	7845.69
1155	7798.17
1156	7766.94
1157	7754.58
1158	7758.86
1159	7774.88
1160	7797.25
1161	7820.59
1162	7839.49
1163	7849.03
1164	7846.53
1165	7833.32
1166	7812.62
1167	7787.99
1168	7762.97
1169	7741.10
1170	7725.46
1171	7717.20
1172	7714.59
1173	7714.71
1174	7714.47
1175	7710.80
1176	7700.64
1177	7681.57
1178	7653.51
1179	7619.22
1180	7582.47
1181	7547.15
1182	7517.13
1183	7496.26
1184	7487.86
1185	7493.60
1186	7513.57
1187	7547.35
1188	7594.51
1189	7654.59
1190	7727.03
1191	7810.37
1192	7900.69
1193	7992.27
1194	8078.88
1195	8154.29
1196	8212.29
1197	8247.04
1198	8255.32
1199	8239.38
1200	8204.75
1201	8157.57
1202	8104.03
1203	8050.30
1204	8002.32
1205	7964.80
1206	7940.48
1207	7931.20
1208	7938.66
1209	7964.55
1210	8010.52
1211	8077.60
1212	8164.41
1213	8266.70
1214	8379.19
1215	8496.48
1216	8613.16
1217	8723.96
1218	8824.69
1219	8914.33
1220	8994.65
1221	9068.21
1222	9137.57
1223	9205.34
1224	9274.06
1225	9346.07
1226	9423.16
1227	9506.84
1228	9598.53
1229	9699.67
1230	9811.69
1231	9936.04
1232	10074.27
1233	10228.13
1234	10399.40
1235	10589.92
1236	10801.48
1237	11035.89
1238	11294.77
1239	11579.08
1240	11889.16
1241	12225.10
1242	12586.98
1243	12974.89
1244	13388.95
1245	13829.59
1246	14297.97
1247	14795.76
1248	15324.75
1249	15886.72
1250	16483.44
1251	17115.78
1252	17780.31
1253	18466.54
1254	19160.69
1255	19848.51
1256	20515.71
1257	21148.16
1258	21733.38
1259	22264.50
1260	22740.49
1261	23162.19
1262	23530.60
1263	23846.70
1264	24111.37
1265	24324.46
1266	24483.65
1267	24585.17
1268	24624.92
1269	24598.82
1270	24502.85
1271	24334.31
1272	24096.33
1273	23800.29
1274	23460.99
1275	23093.69
1276	22713.61
1277	22335.85
1278	21973.93
1279	21636.88
1280	21329.99
1281	21057.53
1282	20823.69
1283	20632.68
1284	20489.09
1285	20399.44
1286	20373.74
1287	20423.76
1288	20561.53
1289	20799.08
1290	21148.11
1291	21615.88
1292	22195.21
1293	22864.29
1294	23596.66
1295	24365.52
1296	25144.05
1297	25905.63
1298	26624.82
1299	27278.58
1300	27845.22
1301	28303.31
1302	28631.42
1303	28808.43
1304	28817.21
1305	28654.81
1306	28334.07
1307	27873.19
1308	27290.89
1309	26605.88
1310	25836.95
1311	25003.33
1312	24125.14
1313	23223.08
1314	22317.92
1315	21430.47
1316	20581.28
1317	19787.61
1318	19055.08
1319	18376.17
1320	17738.88
1321	17130.80
1322	16539.55
1323	15953.40
1324	15364.72
1325	14774.34
1326	14187.89
1327	13611.96
1328	13053.14
1329	12517.99
1330	12012.29
1331	11539.18
1332	11099.15
1333	10691.79
1334	10316.63
1335	9973.21
1336	9660.96
1337	9378.92
1338	9125.32
1339	8898.00
1340	8694.74
1341	8513.30
1342	8351.43
1343	8206.66
1344	8075.86
1345	7955.32
1346	7841.18
1347	7729.57
1348	7616.66
1349	7499.25
1350	7377.06
1351	7254.13
1352	7136.36
1353	7029.88
1354	6940.83
1355	6874.98
1356	6835.48
1357	6819.23
1358	6818.93
1359	6826.33
1360	6833.11
1361	6831.09
1362	6813.50
1363	6778.59
1364	6730.10
1365	6673.62
1366	6614.93
1367	6559.76
1368	6513.19
1369	6476.83
1370	6446.25
1371	6414.09
1372	6372.51
1373	6313.66
1374	6230.04
1375	6117.18
1376	5978.32
1377	5822.44
1378	5659.94
1379	5501.27
1380	5356.79
1381	5235.35
1382	5140.44
1383	5069.37
1384	5017.42
1385	4979.63
1386	4951.05
1387	4927.20
1388	4905.75
1389	4888.09
1390	4877.38
1391	4877.01
1392	4890.41
1393	4920.85
1394	4970.46
1395	5038.75
1396	5123.42
1397	5221.80
1398	5331.16
1399	5448.81
1400	5571.85
1401	5696.91
1402	5820.13
1403	5937.53
1404	6045.09
1405	6138.86
1406	6215.98
1407	6277.97
1408	6332.28
1409	6388.66
1410	6457.12
1411	6547.68
1412	6669.79
1413	6829.90
1414	7029.03
1415	7265.43
1416	7536.89
1417	7841.22
1418	8176.50
1419	8543.20
1420	8947.29
1421	9398.40
1422	9906.97
1423	10483.50
1424	11138.52
1425	11883.16
1426	12730.23
1427	13694.04
1428	14789.26
1429	16030.61
1430	17432.25
1431	19000.45
1432	20713.80
1433	22520.17
1434	24357.06
1435	26161.01
1436	27868.77
1437	29421.38
1438	30777.95
1439	31922.74
1440	32850.11
1441	33555.66
1442	34035.11
1443	34286.07
1444	34315.66
1445	34147.08
1446	33811.13
1447	33339.81
1448	32765.14
1449	32118.53
1450	31427.71
1451	30713.07
1452	29990.92
1453	29276.80
1454	28586.18
1455	27933.38
1456	27324.49
1457	26746.80
1458	26175.51
1459	25583.16
1460	24942.23
1461	24226.31
1462	23418.49
1463	22526.02
1464	21573.93
1465	20591.63
1466	19608.74
1467	18654.24
1468	17751.25
1469	16906.46
1470	16113.00
1471	15360.40
1472	14637.95
1473	13935.17
1474	13244.01
1475	12563.66
1476	11899.84
1477	11260.18
1478	10652.43
1479	10084.22
1480	9561.93
1481	9087.89
1482	8660.57
1483	8277.22
1484	7935.04
1485	7631.14
1486	7362.03
1487	7122.17
1488	6903.92
1489	6699.04
1490	6499.18
1491	6296.18
1492	6083.74
1493	5861.88
1494	5637.14
1495	5418.18
1496	5213.82
1497	5032.75
1498	4881.70
1499	4760.93
1500	4663.89
1501	4581.90
1502	4506.08
1503	4427.69
1504	4339.67
1505	4240.60
1506	4134.77
1507	4028.27
1508	3927.36
1509	3838.16
1510	3765.30
1511	3708.67
1512	3663.52
1513	3623.67
1514	3582.84
1515	3534.88
1516	3475.11
1517	3403.37
1518	3323.58
1519	3240.88
1520	3160.47
1521	3087.46
1522	3025.79
1523	2976.14
1524	2936.47
1525	2903.98
1526	2875.84
1527	2849.28
1528	2822.23
1529	2794.38
1530	2766.79
1531	2740.82
1532	2717.88
1533	2699.21
1534	2685.27
1535	2674.50
1536	2664.05
1537	2650.79
1538	2631.57
1539	2603.62
1540	2566.35
1541	2523.72
1542	2482.26
1543	2449.00
1544	2430.97
1545	2434.27
1546	2460.31
1547	2502.27
1548	2549.30
1549	2589.92
1550	2612.69
1551	2607.77
1552	2572.29
1553	2513.43
1554	2442.53
1555	2371.47
1556	2312.03
1557	2274.04
1558	2260.40
1559	2265.87
1560	2282.42
1561	2301.74
1562	2315.68
1563	2317.77
1564	2306.63
1565	2285.53
1566	2259.03
1567	2231.84
1568	2208.47
1569	2192.33
1570	2184.05
1571	2182.33
1572	2185.40
1573	2191.49
1574	2198.91
1575	2206.43
1576	2213.72
1577	2220.91
1578	2228.23
1579	2235.89
1580	2243.96
1581	2251.86
1582	2258.06
1583	2260.68
1584	2257.76
1585	2247.43
1586	2228.77
1587	2203.88
1588	2178.05
1589	2157.52
1590	2148.61
1591	2157.36
1592	2187.23
1593	2235.46
1594	2294.72
1595	2356.64
1596	2412.83
1597	2455.54
1598	2480.64
1599	2490.53
1600	2490.88
1601	2487.88
1602	2487.74
1603	2495.95
1604	2515.33
1605	2545.45
1606	2584.67
1607	2631.25
1608	2683.46
1609	2739.94
1610	2800.21
1611	2864.56
1612	2933.45
1613	3007.38
1614	3086.89
1615	3172.90
1616	3266.99
1617	3371.11
1618	3487.29
1619	3617.53
1620	3763.97
1621	3929.09
1622	4115.87
1623	4327.41
1624	4566.85
1625	4837.20
1626	5140.46
1627	5476.08
1628	5841.60
1629	6234.10
1630	6650.69
1631	7089.21
1632	7551.15
1633	8043.98
1634	8577.94
1635	9163.65
1636	9811.79
1637	10533.40
1638	11340.59
1639	12246.51
1640	13264.66
1641	14408.52
1642	15691.21
1643	17123.52
1644	18711.62
1645	20459.06
1646	22368.89
1647	24443.53
1648	26675.65
1649	29022.99
1650	31402.81
1651	33718.36
1652	35871.55
1653	37765.55
1654	39312.56
1655	40445.22
1656	41109.10
1657	41252.58
1658	40825.06
1659	39791.16
1660	38174.46
1661	36073.23
1662	33613.46
1663	30924.14
1664	28132.29
1665	25349.63
1666	22652.08
1667	20091.76
1668	17715.46
1669	15569.32
1670	13692.27
1671	12095.54
1672	10755.11
1673	9633.88
1674	8693.37
1675	7895.76
1676	7208.61
1677	6611.58
1678	6092.00
1679	5638.90
1680	5241.44
1681	4889.76
1682	4577.69
1683	4303.28
1684	4066.05
1685	3865.67
1686	3701.53
1687	3571.41
1688	3469.84
1689	3389.50
1690	3322.74
1691	3262.00
1692	3200.95
1693	3137.22
1694	3072.28
1695	3008.73
1696	2949.28
1697	2896.24
1698	2850.10
1699	2808.34
1700	2767.02
1701	2722.02
1702	2669.48
1703	2607.68
1704	2540.50
1705	2475.99
1706	2423.20
1707	2391.13
1708	2387.17
1709	2412.57
1710	2461.16
1711	2524.10
1712	2592.29
1713	2657.31
1714	2714.72
1715	2767.65
1716	2823.21
1717	2889.23
1718	2973.35
1719	3080.94
1720	3211.25
1721	3358.50
1722	3515.62
1723	3675.54
1724	3832.94
1725	3989.15
1726	4153.75
1727	4339.39
1728	4558.95
1729	4824.21
1730	5140.75
1731	5502.77
1732	5898.73
1733	6316.08
1734	6742.32
1735	7165.57
1736	7575.58
1737	7963.25
1738	8319.74
1739	8636.32
1740	8905.08
1741	9120.84
1742	9281.27
1743	9384.98
1744	9430.62
1745	9417.06
1746	9343.94
1747	9212.04
1748	9022.62
1749	8776.99
1750	8476.79
1751	8125.29
1752	7729.05
1753	7296.39
1754	6835.95
1755	6356.42
1756	5866.94
1757	5377.69
1758	4899.60
1759	4443.77
1760	4021.18
1761	3641.31
1762	3309.08
1763	3025.15
1764	2788.95
1765	2599.73
1766	2455.69
1767	2351.05
1768	2275.36
1769	2216.47
1770	2162.15
1771	2101.28
1772	2027.76
1773	1942.92
1774	1851.21
1775	1757.48
1776	1666.57
1777	1583.10
1778	1511.29
1779	1455.15
1780	1418.65
1781	1405.30
1782	1415.57
1783	1443.65
1784	1480.04
1785	1514.51
1786	1537.21
1787	1541.36
1788	1527.47
1789	1501.02
1790	1468.60
1791	1436.69
1792	1410.13
1793	1389.46
1794	1371.89
1795	1353.75
1796	1331.50
1797	1302.87
1798	1269.37
1799	1235.79
1800	1207.80
1801	1191.05
1802	1189.82
1803	1204.30
1804	1230.79
1805	1264.42
1806	1300.26
1807	1333.68
1808	1361.00
1809	1379.52
1810	1386.85
1811	1380.69
1812	1359.93
1813	1327.42
1814	1290.16
1815	1256.50
1816	1234.79
1817	1231.39
1818	1245.96
1819	1270.91
1820	1296.29
1821	1312.09
1822	1310.54
1823	1291.62
1824	1263.66
1825	1237.68
1826	1224.79
1827	1233.46
1828	1263.38
1829	1304.95
1830	1345.60
1831	1372.70
1832	1376.25
1833	1354.65
1834	1314.85
1835	1266.44
1836	1219.06
1837	1180.79
1838	1154.79
1839	1139.61
1840	1132.42
1841	1130.35
1842	1130.71
1843	1131.41
1844	1130.91
1845	1127.80
1846	1120.78
1847	1109.47
1848	1095.87
1849	1083.81
1850	1077.56
1851	1081.14
1852	1096.34
1853	1119.65
1854	1144.06
1855	1161.77
1856	1165.59
1857	1152.36
1858	1127.30
1859	1100.48
1860	1082.84
1861	1084.30
1862	1109.05
1863	1151.19
1864	1199.88
1865	1243.52
1866	1271.63
1867	1278.83
1868	1267.13
1869	1241.61
1870	1207.75
1871	1171.05
1872	1136.91
1873	1110.67
1874	1097.65
1875	1102.91
1876	1129.08
1877	1171.39
1878	1218.32
1879	1256.47
1880	1272.93
1881	1259.79
1882	1221.36
1883	1170.39
1884	1121.62
1885	1088.75
1886	1079.36
1887	1089.29
1888	1108.18
1889	1124.67
1890	1128.78
1891	1116.71
1892	1093.35
1893	1067.13
1894	1046.82
1895	1039.70
1896	1048.19
1897	1069.82
1898	1100.56
1899	1136.28
1900	1173.06
1901	1207.39
1902	1236.12
1903	1256.17
1904	1264.69
1905	1260.03
1906	1242.64
1907	1214.05
1908	1175.97
1909	1130.75
1910	1082.93
1911	1039.75
1912	1009.39
1913	999.72
1914	1015.02
1915	1049.91
1916	1091.40
1917	1124.62
1918	1136.03
1919	1119.86
1920	1084.79
1921	1046.84
1922	1023.10
1923	1027.31
1924	1060.91
1925	1110.90
1926	1159.30
1927	1188.35
1928	1186.30
1929	1156.32
1930	1112.27
1931	1070.47
1932	1045.74
1933	1045.22
1934	1063.86
1935	1091.22
1936	1116.26
1937	1130.18
1938	1131.18
1939	1123.90
1940	1114.90
1941	1110.34
1942	1113.43
1943	1121.68
1944	1129.48
1945	1130.78
1946	1121.11
1947	1101.49
1948	1079.11
1949	1063.16
1950	1062.41
1951	1081.64
1952	1116.93
1953	1159.06
1954	1197.81
1955	1224.20
1956	1234.14
1957	1229.35
1958	1213.66
1959	1191.14
1960	1165.87
1961	1142.09
1962	1124.07
1963	1116.03
1964	1120.90
1965	1136.87
1966	1156.44
1967	1170.09
1968	1168.79
1969	1147.95
1970	1112.60
1971	1073.58
1972	1042.73
1973	1029.73
1974	1036.68
1975	1057.32
1976	1082.69
1977	1103.99
1978	1114.94
1979	1114.07
1980	1102.45
1981	1081.65
1982	1053.93
1983	1023.49
1984	996.30
1985	978.79
1986	976.55
1987	991.09
1988	1017.59
1989	1048.53
1990	1076.28
1991	1095.41
1992	1105.93
1993	1111.55
1994	1116.78
1995	1124.85
1996	1134.31
1997	1138.48
1998	1128.93
1999	1098.47
2000	1047.16
2001	987.97
2002	940.22
2003	923.38
2004	949.31
2005	1010.14
2006	1083.23
2007	1142.60
2008	1166.76
2009	1151.09
2010	1110.19
2011	1065.17
2012	1035.97
2013	1033.36
2014	1052.64
2015	1081.85
2016	1108.43
2017	1123.67
2018	1128.10
2019	1128.36
2020	1132.28
2021	1145.40
2022	1166.09
2023	1185.90
2024	1194.47
2025	1183.26
2026	1151.61
2027	1109.30
2028	1070.02
2029	1046.71
2030	1045.81
2031	1062.21
2032	1085.11
2033	1103.18
2034	1107.99
2035	1097.83
2036	1075.30
2037	1044.00
2038	1008.18
2039	973.80
2040	948.23
2041	939.06
2042	951.79
2043	984.62
2044	1028.05
2045	1070.14
2046	1100.30
2047	1114.27
2048	1116.22
2049	1113.49
2050	1112.83
2051	1116.31
2052	1118.45
2053	1110.42
2054	1083.91
2055	1036.58
2056	977.33
2057	920.97
2058	882.45
2059	870.90
2060	882.76
2061	906.83
2062	930.76
2063	945.42
2064	949.61
2065	947.56
2066	944.69
2067	945.97
2068	954.96
2069	974.20
2070	1005.65
2071	1048.59
2072	1094.76
2073	1129.67
2074	1137.67
2075	1108.91
2076	1050.76
2077	985.82
2078	940.41
2079	934.31
2080	966.65
2081	1017.50
2082	1061.88
2083	1080.45
2084	1072.41
2085	1054.33
2086	1047.48
2087	1067.72
2088	1113.30
2089	1165.99
2090	1203.13
2091	1206.51
2092	1172.46
2093	1110.55
2094	1034.13
2095	956.38
2096	889.18
2097	843.27
2098	828.52
2099	849.72
2100	897.69
2101	952.02
2102	990.24
2103	997.13
2104	976.52
2105	946.24
2106	926.65
2107	931.77
2108	960.43
2109	1001.50
2110	1042.37
2111	1074.87
2112	1100.36
2113	1125.59
2114	1157.38
2115	1197.14
2116	1236.49
2117	1262.27
2118	1262.49
2119	1234.13
2120	1187.79
2121	1139.72
2122	1104.66
2123	1088.61
2124	1086.70
2125	1090.23
2126	1091.56
2127	1087.75
2128	1080.47
2129	1072.95
2130	1069.50
2131	1077.10
2132	1104.71
2133	1160.34
2134	1242.85
2135	1331.69
2136	1395.18
2137	1404.05
2138	1351.44
2139	1266.76
2140	1195.29
2141	1175.91
2142	1215.44
2143	1282.70
2144	1334.27
2145	1336.83
2146	1289.24
2147	1217.35
2148	1152.86
2149	1117.93
2150	1113.68
2151	1128.84
2152	1150.45
2153	1168.95
2154	1179.98
2155	1181.45
2156	1172.69
2157	1156.61
2158	1139.65
2159	1129.01
2160	1129.46
2161	1140.08
2162	1156.25
2163	1172.67
2164	1184.53
2165	1187.83
2166	1179.10
2167	1156.59
2168	1123.83
2169	1089.39
2170	1062.75
2171	1049.79
2172	1048.52
2173	1052.40
2174	1054.43
2175	1049.38
2176	1034.41
2177	1007.89
2178	971.16
2179	933.01
2180	907.73
2181	908.55
2182	937.23
2183	977.21
2184	1004.33
2185	1000.27
2186	967.27
2187	925.89
2188	900.12
2189	904.75
2190	937.50
2191	987.63
2192	1042.87
2193	1090.61
2194	1118.00
2195	1113.54
2196	1073.39
2197	1008.01
2198	934.97
2199	871.46
2200	829.53
2201	816.20
2202	834.91
2203	878.05
2204	918.84
2205	922.47
2206	866.44
2207	768.00
2208	678.35
2209	650.63
2210	704.28
2211	806.27
2212	902.87
2213	953.03
2214	954.98
2215	934.81
2216	920.51
2217	922.39
2218	929.04
2219	922.93
2220	896.03
2221	860.57
2222	839.23
2223	849.75
2224	889.53
2225	938.20
2226	972.46
2227	977.56
2228	951.17
2229	896.90
2230	825.45
2231	761.04
2232	734.72
2233	767.60
2234	847.14
2235	931.51
2236	978.07
2237	973.74
2238	944.75
2239	928.83
2240	945.76
2241	978.46
2242	992.31
2243	962.72
2244	898.63
2245	832.69
2246	795.10
2247	789.23
2248	791.49
2249	774.74
2250	731.73
2251	683.24
2252	658.30
2253	672.25
2254	713.45
2255	757.85
2256	786.74
2257	798.29
2258	801.19
2259	803.73
2260	806.89
2261	805.76
2262	794.47
2263	769.05
2264	727.66
2265	671.47
2266	610.79
2267	566.66
2268	559.99
2269	594.26
2270	647.46
2271	689.84
2272	703.99
2273	695.17
2274	678.42
2275	665.83
2276	660.95
2277	662.94
2278	670.19
2279	681.16
2280	694.57
2281	710.49
2282	731.98
2283	763.20
2284	803.37
2285	839.38
2286	851.66
2287	831.01
2288	797.12
2289	786.86
2290	821.92
2291	876.91
2292	897.29
2293	848.28
2294	760.24
2295	704.07
2296	728.43
2297	806.25
2298	864.24
2299	850.09
2300	783.69
2301	726.86
2302	724.36
2303	764.56
2304	805.57
2305	818.24
2306	810.92
2307	809.59
2308	829.24
2309	859.38
2310	878.52
2311	869.82
2312	826.85
2313	752.13
2314	666.64
2315	613.66
2316	630.43
2317	704.43
2318	770.38
2319	767.73
2320	700.75
2321	629.47
2322	610.20
2323	651.35
2324	727.07
2325	803.06
2326	843.97
2327	821.86
2328	744.68
2329	674.42
2330	678.88
2331	764.95
2332	868.39
2333	918.84
2334	896.60
2335	825.58
2336	740.69
2337	675.67
2338	658.48
2339	695.02
2340	758.33
2341	812.82
2342	839.65
2343	839.09
2344	816.62
2345	776.00
2346	720.93
2347	661.96
2348	621.26
2349	621.07
2350	666.20
2351	741.66
2352	822.50
2353	874.89
2354	866.12
2355	792.59
2356	694.60
2357	620.29
2358	587.74
2359	587.43
2360	607.63
2361	646.96
2362	705.75
2363	771.29
2364	817.72
2365	828.42
2366	816.93
2367	809.88
2368	816.31
2369	820.25
2370	803.37
2371	762.83
2372	708.27
2373	658.97
2374	640.91
2375	664.96
2376	701.05
2377	705.36
2378	676.35
2379	663.46
2380	699.19
2381	742.53
2382	729.05
2383	654.25
2384	577.43
2385	549.77
2386	571.89
2387	620.37
2388	671.50
2389	705.60
2390	708.41
2391	674.66
2392	619.28
2393	592.94
2394	645.03
2395	760.62
2396	868.91
2397	909.17
2398	862.20
2399	744.99
2400	616.78
2401	542.43
2402	538.56
2403	580.49
2404	645.09
2405	723.97
2406	807.14
2407	871.71
2408	887.72
2409	825.20
2410	680.90
2411	530.52
2412	489.88
2413	583.47
2414	718.65
2415	807.28
2416	831.29
2417	806.07
2418	755.06
2419	702.36
2420	667.79
2421	657.95
2422	651.46
2423	622.99
2424	595.09
2425	618.11
2426	684.87
2427	728.29
2428	713.41
2429	667.13
2430	625.21
2431	606.45
2432	623.29
2433	683.79
2434	772.57
2435	841.04
2436	841.69
2437	761.31
2438	648.77
2439	611.86
2440	680.46
2441	738.11
2442	720.83
2443	725.37
2444	806.46
2445	868.35
2446	834.64
2447	743.72
2448	672.65
2449	677.25
2450	734.90
