150	3710.78
151	3705.24
152	3699.87
153	3696.75
154	3695.88
155	3696.75
156	3698.73
157	3701.15
158	3703.36
159	3704.71
160	3704.55
161	3702.23
162	3697.28
163	3689.86
164	3680.90
165	3671.63
166	3663.32
167	3657.21
168	3654.56
169	3656.64
170	3664.68
171	3679.62
172	3701.26
173	3728.01
174	3757.70
175	3788.17
176	3817.22
177	3842.64
178	3862.26
179	3873.91
180	3875.96
181	3868.80
182	3855.27
183	3839.13
184	3824.24
185	3814.45
186	3813.62
187	3825.60
188	3854.19
189	3902.28
190	3969.43
191	4051.22
192	4141.82
193	4235.27
194	4325.59
195	4406.82
196	4472.97
197	4518.15
198	4537.65
199	4530.90
200	4501.97
201	4456.54
202	4400.43
203	4339.48
204	4279.50
205	4226.31
206	4185.68
207	4162.37
208	4157.91
209	4170.47
210	4197.12
211	4234.85
212	4280.65
213	4331.49
214	4384.37
215	4436.31
216	4484.79
217	4528.72
218	4568.31
219	4604.18
220	4636.98
221	4667.36
222	4695.95
223	4723.41
224	4750.37
225	4777.28
226	4804.17
227	4830.64
228	4856.24
229	4880.47
230	4902.86
231	4922.92
232	4940.17
233	4954.14
234	4964.55
235	4971.51
236	4975.44
237	4976.82
238	4976.13
239	4973.88
240	4970.54
241	4966.61
242	4962.56
243	4958.69
244	4955.01
245	4951.29
246	4947.30
247	4942.77
248	4937.46
249	4931.12
250	4923.50
251	4914.40
252	4904.04
253	4893.27
254	4883.33
255	4875.50
256	4871.08
257	4871.34
258	4877.59
259	4891.09
260	4912.90
261	4943.00
262	4979.80
263	5021.02
264	5064.29
265	5107.25
266	5147.51
267	5182.71
268	5210.49
269	5228.95
270	5237.75
271	5238.46
272	5233.31
273	5224.62
274	5214.70
275	5205.87
276	5200.44
277	5200.67
278	5208.31
279	5223.56
280	5245.16
281	5271.41
282	5300.63
283	5331.08
284	5361.06
285	5388.86
286	5412.83
287	5431.75
288	5445.48
289	5454.64
290	5460.02
291	5462.42
292	5462.65
293	5461.49
294	5459.76
295	5458.15
296	5456.92
297	5455.37
298	5452.36
299	5446.65
300	5437.01
301	5422.20
302	5400.97
303	5372.10
304	5334.70
305	5289.24
306	5238.11
307	5184.47
308	5131.56
309	5082.62
310	5040.92
311	5009.70
312	4992.13
313	4990.60
314	5004.86
315	5032.14
316	5068.87
317	5111.41
318	5156.13
319	5199.39
320	5237.57
321	5267.18
322	5285.71
323	5293.07
324	5290.81
325	5280.85
326	5265.13
327	5245.57
328	5224.13
329	5202.74
330	5183.21
331	5166.83
332	5153.93
333	5144.42
334	5138.12
335	5134.86
336	5134.46
337	5136.75
338	5141.56
339	5148.72
340	5158.04
341	5169.38
342	5182.58
343	5197.46
344	5213.88
345	5231.67
346	5250.68
347	5270.72
348	5291.46
349	5312.17
350	5331.83
351	5349.36
352	5363.66
353	5373.64
354	5378.21
355	5376.28
356	5366.92
357	5350.00
358	5326.70
359	5298.90
360	5268.54
361	5237.58
362	5207.97
363	5181.69
364	5160.65
365	5146.43
366	5139.34
367	5138.36
368	5142.06
369	5148.93
370	5157.50
371	5166.26
372	5173.75
373	5178.54
374	5179.75
375	5177.69
376	5173.45
377	5168.30
378	5163.51
379	5160.34
380	5160.07
381	5163.96
382	5173.04
383	5187.42
384	5205.84
385	5226.50
386	5247.56
387	5267.13
388	5283.35
389	5294.35
390	5298.35
391	5294.27
392	5283.07
393	5267.35
394	5250.15
395	5234.54
396	5223.60
397	5220.40
398	5227.98
399	5249.03
400	5284.19
401	5330.69
402	5384.09
403	5439.69
404	5492.80
405	5538.70
406	5572.69
407	5590.16
408	5587.73
409	5565.80
410	5528.41
411	5480.67
412	5427.80
413	5375.01
414	5327.51
415	5290.50
416	5268.80
417	5265.08
418	5277.96
419	5303.90
420	5338.97
421	5379.26
422	5420.82
423	5459.73
424	5492.10
425	5514.75
426	5526.77
427	5529.58
428	5525.33
429	5516.23
430	5504.49
431	5492.34
432	5481.97
433	5475.41
434	5473.72
435	5475.99
436	5480.31
437	5484.56
438	5486.62
439	5484.37
440	5475.70
441	5458.55
442	5431.58
443	5395.81
444	5354.59
445	5311.99
446	5272.13
447	5239.13
448	5217.14
449	5210.25
450	5222.13
451	5253.97
452	5302.53
453	5362.33
454	5427.51
455	5492.20
456	5550.52
457	5596.60
458	5624.73
459	5630.85
460	5615.76
461	5584.63
462	5543.80
463	5499.72
464	5458.84
465	5427.62
466	5412.47
467	5419.02
468	5449.31
469	5499.79
470	5564.41
471	5636.80
472	5710.56
473	5779.30
474	5836.63
475	5876.40
476	5894.50
477	5891.88
478	5873.14
479	5843.79
480	5809.35
481	5775.39
482	5747.42
483	5730.95
484	5730.52
485	5747.16
486	5777.64
487	5817.16
488	5860.76
489	5903.49
490	5940.37
491	5966.47
492	5977.20
493	5970.13
494	5947.02
495	5911.95
496	5869.42
497	5823.94
498	5780.04
499	5742.22
500	5714.92
501	5701.57
502	5702.84
503	5716.95
504	5741.42
505	5773.77
506	5811.48
507	5852.06
508	5893.00
509	5931.96
510	5967.24
511	5998.00
512	6023.75
513	6044.05
514	6058.44
515	6066.49
516	6067.75
517	6061.83
518	6048.78
519	6029.45
520	6005.20
521	5977.46
522	5947.68
523	5917.30
524	5887.77
525	5860.48
526	5836.53
527	5816.09
528	5798.53
529	5783.01
530	5768.67
531	5754.66
532	5740.14
533	5724.24
534	5706.25
535	5685.87
536	5663.41
537	5639.34
538	5614.20
539	5588.50
540	5562.76
541	5537.50
542	5513.22
543	5490.31
544	5468.94
545	5449.21
546	5431.18
547	5414.93
548	5400.52
549	5388.02
550	5377.46
551	5368.70
552	5361.10
553	5353.67
554	5345.37
555	5335.16
556	5321.97
557	5304.78
558	5282.56
559	5254.93
560	5223.27
561	5190.73
562	5160.93
563	5137.55
564	5124.27
565	5124.76
566	5142.64
567	5180.69
568	5238.33
569	5310.77
570	5391.60
571	5474.26
572	5552.17
573	5618.75
574	5667.47
575	5692.57
576	5692.19
577	5670.95
578	5636.50
579	5596.97
580	5560.48
581	5535.17
582	5529.16
583	5549.99
584	5601.71
585	5680.96
586	5780.06
587	5890.49
588	6003.67
589	6111.04
590	6204.04
591	6274.41
592	6316.47
593	6330.96
594	6323.37
595	6300.34
596	6268.57
597	6234.74
598	6205.55
599	6187.55
600	6185.72
601	6200.40
602	6227.73
603	6262.66
604	6300.05
605	6334.75
606	6361.64
607	6375.64
608	6372.63
609	6351.82
610	6316.01
611	6269.16
612	6215.37
613	6158.74
614	6103.34
615	6053.24
616	6011.86
617	5980.16
618	5955.93
619	5935.78
620	5916.20
621	5893.65
622	5864.60
623	5825.57
624	5773.61
625	5708.25
626	5632.66
627	5551.56
628	5469.83
629	5392.40
630	5324.18
631	5270.04
632	5234.35
633	5218.86
634	5221.01
635	5236.23
636	5259.66
637	5286.43
638	5311.67
639	5330.51
640	5338.49
641	5333.20
642	5315.99
643	5290.07
644	5259.01
645	5226.34
646	5195.64
647	5170.45
648	5154.06
649	5148.35
650	5152.37
651	5163.68
652	5179.58
653	5197.34
654	5214.23
655	5227.55
656	5234.76
657	5234.38
658	5227.16
659	5215.04
660	5200.22
661	5184.90
662	5171.31
663	5161.62
664	5157.90
665	5161.23
666	5170.73
667	5184.33
668	5199.76
669	5214.73
670	5226.95
671	5234.14
672	5234.24
673	5226.58
674	5213.42
675	5198.72
676	5186.77
677	5181.91
678	5188.45
679	5210.69
680	5252.61
681	5316.12
682	5398.88
683	5496.07
684	5602.40
685	5712.53
686	5821.17
687	5923.00
688	6013.09
689	6088.77
690	6151.91
691	6206.88
692	6258.55
693	6311.81
694	6371.54
695	6442.61
696	6529.45
697	6634.08
698	6753.90
699	6883.86
700	7018.48
701	7152.26
702	7279.70
703	7395.32
704	7494.21
705	7574.31
706	7638.71
707	7692.98
708	7743.12
709	7795.13
710	7855.03
711	7928.80
712	8021.60
713	8134.89
714	8264.08
715	8401.86
716	8540.55
717	8672.44
718	8789.82
719	8885.03
720	8951.43
721	8986.76
722	8994.91
723	8982.31
724	8955.69
725	8921.79
726	8887.37
727	8859.11
728	8842.63
729	8839.55
730	8846.61
731	8858.76
732	8870.77
733	8877.39
734	8873.40
735	8853.64
736	8814.21
737	8755.22
738	8680.93
739	8596.96
740	8509.00
741	8422.78
742	8344.00
743	8278.26
744	8229.95
745	8200.11
746	8186.88
747	8187.62
748	8199.64
749	8220.25
750	8246.77
751	8276.58
752	8307.66
753	8339.41
754	8372.20
755	8406.61
756	8443.25
757	8482.72
758	8525.62
759	8572.43
760	8622.91
761	8675.43
762	8727.61
763	8776.89
764	8820.74
765	8856.61
766	8881.97
767	8894.63
768	8893.95
769	8881.64
770	8860.50
771	8833.44
772	8803.39
773	8773.29
774	8746.03
775	8724.17
776	8709.00
777	8700.30
778	8697.34
779	8699.33
780	8705.49
781	8715.02
782	8727.20
783	8741.84
784	8760.32
785	8785.38
786	8820.14
787	8867.73
788	8931.29
789	9013.96
790	9118.64
791	9246.72
792	9396.19
793	9562.93
794	9742.38
795	9929.94
796	10121.04
797	10311.10
798	10496.12
799	10674.69
800	10849.68
801	11025.90
802	11208.44
803	11402.41
804	11612.91
805	11844.97
806	12102.33
807	12384.18
808	12684.65
809	12996.09
810	13310.71
811	13620.71
812	13918.32
813	14196.11
814	14450.03
815	14684.66
816	14911.21
817	15142.51
818	15391.50
819	15671.10
820	15994.20
821	16372.45
822	16810.91
823	17302.39
824	17833.48
825	18389.72
826	18956.58
827	19519.55
828	20064.23
829	20578.10
830	21055.73
831	21500.16
832	21917.45
833	22313.99
834	22696.18
835	23070.39
836	23442.71
837	23816.46
838	24187.82
839	24547.59
840	24885.18
841	25189.96
842	25451.27
843	25658.54
844	25802.47
845	25880.44
846	25901.36
847	25879.69
848	25830.76
849	25769.94
850	25712.60
851	25673.94
852	25666.90
853	25696.94
854	25761.56
855	25855.75
856	25974.29
857	26111.94
858	26263.44
859	26423.62
860	26587.63
861	26751.38
862	26911.26
863	27063.74
864	27205.32
865	27332.48
866	27441.71
867	27529.59
868	27593.06
869	27629.55
870	27636.65
871	27611.98
872	27553.18
873	27457.86
874	27323.90
875	27151.15
876	26944.55
877	26712.90
878	26465.96
879	26213.51
880	25965.36
881	25731.24
882	25519.71
883	25333.92
884	25168.71
885	25015.31
886	24864.43
887	24706.79
888	24533.09
889	24334.38
890	24105.02
891	23848.54
892	23576.11
893	23300.97
894	23036.47
895	22795.98
896	22592.77
897	22438.82
898	22339.55
899	22289.84
900	22279.75
901	22298.62
902	22335.76
903	22380.50
904	22422.35
905	22452.73
906	22468.45
907	22470.86
908	22462.52
909	22446.11
910	22424.25
911	22399.60
912	22374.23
913	22347.68
914	22315.48
915	22271.39
916	22208.90
917	22121.49
918	22002.67
919	21846.31
920	21649.59
921	21418.54
922	21166.06
923	20906.83
924	20655.60
925	20427.16
926	20236.16
927	20095.39
928	20009.66
929	19972.63
930	19973.46
931	20000.77
932	20043.13
933	20089.15
934	20127.83
935	20150.99
936	20157.11
937	20149.04
938	20130.63
939	20105.77
940	20078.33
941	20052.16
942	20030.30
943	20013.02
944	19997.40
945	19979.46
946	19955.10
947	19920.23
948	19870.79
949	19803.31
950	19717.73
951	19620.39
952	19520.95
953	19429.65
954	19356.77
955	19312.55
956	19306.95
957	19346.84
958	19430.43
959	19548.61
960	19690.31
961	19844.36
962	19999.54
963	20144.70
964	20269.42
965	20366.29
966	20431.97
967	20464.69
968	20462.87
969	20424.97
970	20349.42
971	20234.76
972	20080.06
973	19885.57
974	19652.18
975	19380.92
976	19072.81
977	18728.90
978	18350.37
979	17940.14
980	17506.11
981	17060.52
982	16616.85
983	16188.64
984	15789.46
985	15432.75
986	15130.20
987	14886.51
988	14697.11
989	14553.92
990	14448.42
991	14372.10
992	14316.47
993	14273.62
994	14238.91
995	14213.90
996	14203.47
997	14213.04
998	14248.07
999	14314.01
1000	14415.99
1001	14556.43
1002	14730.74
1003	14929.14
1004	15140.56
1005	15353.87
1006	15557.93
1007	15741.79
1008	15896.74
1009	16021.72
1010	16123.58
1011	16211.77
1012	16295.92
1013	16385.71
1014	16490.70
1015	16618.97
1016	16772.15
1017	16942.58
1018	17118.76
1019	17288.72
1020	17440.48
1021	17562.09
1022	17642.65
1023	17677.25
1024	17672.39
1025	17640.56
1026	17595.31
1027	17550.24
1028	17518.92
1029	17514.36
1030	17545.13
1031	17609.22
1032	17697.40
1033	17798.76
1034	17902.33
1035	17997.15
1036	18072.49
1037	18120.09
1038	18138.99
1039	18134.55
1040	18113.91
1041	18084.36
1042	18053.16
1043	18027.54
1044	18014.34
1045	18018.91
1046	18045.00
1047	18095.83
1048	18174.56
1049	18284.34
1050	18428.34
1051	18609.47
1052	18829.70
1053	19089.73
1054	19389.76
1055	19729.92
1056	20110.36
1057	20531.16
1058	20991.36
1059	21485.01
1060	21998.03
1061	22512.70
1062	23010.73
1063	23473.80
1064	23883.71
1065	24223.90
1066	24487.42
1067	24685.27
1068	24837.86
1069	24967.20
1070	25095.40
1071	25244.51
1072	25435.12
1073	25678.48
1074	25965.95
1075	26277.10
1076	26589.14
1077	26879.16
1078	27124.29
1079	27302.46
1080	27397.35
1081	27406.16
1082	27335.09
1083	27192.28
1084	26986.02
1085	26724.58
1086	26415.98
1087	26066.48
1088	25677.72
1089	25248.07
1090	24775.08
1091	24256.23
1092	23689.06
1093	23071.47
1094	22404.99
1095	21700.74
1096	20977.37
1097	20255.46
1098	19555.68
1099	18898.70
1100	18304.69
1101	17788.99
1102	17353.59
1103	16989.46
1104	16684.69
1105	16427.15
1106	16204.74
1107	16005.56
1108	15819.82
1109	15643.75
1110	15478.62
1111	15327.10
1112	15191.92
1113	15075.82
1114	14981.30
1115	14908.32
1116	14849.70
1117	14792.16
1118	14720.78
1119	14620.53
1120	14476.39
1121	14273.80
1122	14002.80
1123	13666.30
1124	13277.91
1125	12854.16
1126	12411.76
1127	11967.41
1128	11537.50
1129	11135.66
1130	10767.99
1131	10434.57
1132	10133.87
1133	9864.29
1134	9624.21
1135	9412.02
1136	9225.92
1137	9063.72
1138	8922.94
1139	8801.02
1140	8695.36
1141	8603.42
1142	8522.62
1143	8450.55
1144	8385.07
1145	8324.28
1146	8266.29
1147	8209.26
1148	8151.32
1149	8090.77
1150	8026.93
1151	7961.47
1152	7897.47
1153	7838.34
1154	7787.49
1155	7748.31
1156	7723.89
1157	7715.34
1158	7719.85
1159	7732.45
1160	7747.78
1161	7760.43
1162	7765.05
1163	7756.88
1164	7734.24
1165	7700.81
1166	7662.88
1167	7627.16
1168	7600.35
1169	7589.12
1170	7599.07
1171	7631.10
1172	7679.21
1173	7734.50
1174	7787.71
1175	7829.54
1176	7850.82
1177	7844.21
1178	7809.25
1179	7753.76
1180	7688.60
1181	7624.89
1182	7573.79
1183	7546.22
1184	7550.52
1185	7586.87
1186	7647.49
1187	7722.19
1188	7800.60
1189	7872.34
1190	7927.35
1191	7958.24
1192	7964.68
1193	7951.71
1194	7925.72
1195	7893.18
1196	7860.54
1197	7833.99
1198	7817.99
1199	7813.29
1200	7818.46
1201	7831.64
1202	7850.94
1203	7874.49
1204	7900.62
1205	7928.70
1206	7959.79
1207	7995.70
1208	8038.39
1209	8089.79
1210	8151.81
1211	8225.61
1212	8309.65
1213	8399.05
1214	8487.77
1215	8569.64
1216	8638.49
1217	8688.39
1218	8715.77
1219	8723.99
1220	8722.37
1221	8721.94
1222	8733.80
1223	8769.06
1224	8838.18
1225	8947.28
1226	9093.03
1227	9266.28
1228	9456.66
1229	9653.75
1230	9847.21
1231	10027.91
1232	10192.56
1233	10346.94
1234	10500.80
1235	10664.49
1236	10848.34
1237	11062.58
1238	11315.62
1239	11609.85
1240	11941.33
1241	12304.04
1242	12691.83
1243	13098.52
1244	13518.29
1245	13947.93
1246	14390.66
1247	14854.08
1248	15346.85
1249	15877.66
1250	16455.13
1251	17086.21
1252	17769.68
1253	18490.87
1254	19228.89
1255	19961.91
1256	20668.09
1257	21325.82
1258	21916.88
1259	22434.24
1260	22882.58
1261	23270.29
1262	23606.10
1263	23898.71
1264	24156.26
1265	24382.73
1266	24572.74
1267	24714.82
1268	24796.25
1269	24804.20
1270	24726.01
1271	24551.61
1272	24282.12
1273	23934.68
1274	23533.03
1275	23101.76
1276	22665.46
1277	22248.28
1278	21870.02
1279	21538.16
1280	21249.82
1281	20999.27
1282	20780.60
1283	20587.97
1284	20416.95
1285	20270.51
1286	20164.91
1287	20123.00
1288	20168.69
1289	20325.95
1290	20618.23
1291	21062.19
1292	21652.51
1293	22361.51
1294	23154.46
1295	23996.10
1296	24851.14
1297	25684.86
1298	26465.87
1299	27169.57
1300	27775.19
1301	28262.66
1302	28611.99
1303	28803.43
1304	28821.20
1305	28663.45
1306	28343.90
1307	27881.54
1308	27295.85
1309	26606.33
1310	25832.51
1311	24994.21
1312	24111.84
1313	23206.14
1314	22297.96
1315	21408.10
1316	20557.16
1317	19762.53
1318	19030.12
1319	18352.99
1320	17719.83
1321	17118.88
1322	16538.45
1323	15967.39
1324	15398.32
1325	14831.47
1326	14271.46
1327	13723.73
1328	13193.78
1329	12687.02
1330	12208.00
1331	11758.35
1332	11336.66
1333	10940.58
1334	10567.66
1335	10215.45
1336	9881.74
1337	9565.44
1338	9267.53
1339	8990.09
1340	8735.35
1341	8505.56
1342	8302.88
1343	8128.45
1344	7980.50
1345	7854.73
1346	7746.10
1347	7649.56
1348	7560.05
1349	7473.00
1350	7385.93
1351	7299.55
1352	7215.87
1353	7137.09
1354	7065.42
1355	7002.93
1356	6950.80
1357	6908.03
1358	6872.14
1359	6840.33
1360	6809.79
1361	6777.75
1362	6741.97
1363	6702.08
1364	6659.78
1365	6617.46
1366	6577.55
1367	6542.49
1368	6514.23
1369	6492.21
1370	6471.48
1371	6444.99
1372	6405.31
1373	6345.03
1374	6257.09
1375	6137.52
1376	5990.19
1377	5824.83
1378	5652.58
1379	5484.68
1380	5332.23
1381	5204.65
1382	5105.33
1383	5030.74
1384	4975.03
1385	4932.10
1386	4895.91
1387	4861.02
1388	4825.24
1389	4791.83
1390	4766.62
1391	4755.86
1392	4765.78
1393	4802.26
1394	4868.36
1395	4960.55
1396	5070.89
1397	5190.43
1398	5310.16
1399	5421.25
1400	5516.62
1401	5594.78
1402	5659.55
1403	5716.36
1404	5770.76
1405	5828.29
1406	5894.06
1407	5971.48
1408	6061.67
1409	6164.87
1410	6281.18
1411	6410.75
1412	6554.00
1413	6712.95
1414	6892.53
1415	7099.14
1416	7339.43
1417	7620.05
1418	7947.56
1419	8327.79
1420	8764.91
1421	9261.96
1422	9821.72
1423	10447.00
1424	11140.78
1425	11908.23
1426	12760.73
1427	13715.06
1428	14789.53
1429	16002.51
1430	17371.84
1431	18907.41
1432	20591.35
1433	22374.88
1434	24198.85
1435	26003.11
1436	27727.69
1437	29316.00
1438	30725.71
1439	31934.33
1440	32927.36
1441	33691.25
1442	34212.61
1443	34480.95
1444	34500.13
1445	34298.37
1446	33915.43
1447	33392.85
1448	32772.23
1449	32093.97
1450	31391.48
1451	30684.17
1452	29983.70
1453	29300.24
1454	28643.90
1455	28023.74
1456	27441.66
1457	26883.17
1458	26323.15
1459	25734.23
1460	25088.94
1461	24361.02
1462	23534.19
1463	22617.63
1464	21639.27
1465	20631.62
1466	19627.41
1467	18658.65
1468	17750.28
1469	16907.59
1470	16119.65
1471	15371.18
1472	14646.67
1473	13930.95
1474	13213.01
1475	12494.17
1476	11786.92
1477	11106.95
1478	10470.17
1479	9892.20
1480	9384.98
1481	8948.98
1482	8573.52
1483	8244.54
1484	7947.71
1485	7668.89
1486	7396.21
1487	7125.19
1488	6858.88
1489	6602.70
1490	6362.25
1491	6143.03
1492	5949.02
1493	5779.15
1494	5627.09
1495	5484.82
1496	5344.19
1497	5197.20
1498	5037.73
1499	4866.05
1500	4689.04
1501	4515.70
1502	4355.24
1503	4216.69
1504	4107.36
1505	4028.78
1506	3976.56
1507	3944.46
1508	3926.10
1509	3915.10
1510	3905.44
1511	3892.17
1512	3871.42
1513	3839.63
1514	3793.28
1515	3728.96
1516	3644.74
1517	3543.10
1518	3430.54
1519	3314.75
1520	3203.49
1521	3104.37
1522	3023.44
1523	2962.35
1524	2919.07
1525	2890.55
1526	2873.69
1527	2865.36
1528	2862.34
1529	2861.11
1530	2857.95
1531	2849.09
1532	2830.77
1533	2799.47
1534	2753.58
1535	2695.89
1536	2632.13
1537	2568.67
1538	2511.91
1539	2467.79
1540	2439.61
1541	2425.20
1542	2419.23
1543	2415.80
1544	2408.99
1545	2393.47
1546	2366.81
1547	2331.77
1548	2293.61
1549	2257.99
1550	2230.55
1551	2216.09
1552	2215.72
1553	2225.27
1554	2238.36
1555	2248.33
1556	2248.60
1557	2234.11
1558	2205.27
1559	2168.80
1560	2133.67
1561	2109.01
1562	2103.74
1563	2123.93
1564	2167.17
1565	2223.33
1566	2280.05
1567	2324.85
1568	2345.79
1569	2335.22
1570	2296.02
1571	2238.41
1572	2174.29
1573	2115.64
1574	2073.65
1575	2054.99
1576	2057.76
1577	2075.47
1578	2100.82
1579	2126.52
1580	2146.11
1581	2156.65
1582	2160.24
1583	2161.05
1584	2163.47
1585	2171.86
1586	2189.32
1587	2215.00
1588	2243.96
1589	2269.99
1590	2286.78
1591	2288.38
1592	2271.65
1593	2240.54
1594	2204.06
1595	2172.42
1596	2155.85
1597	2163.62
1598	2199.70
1599	2258.54
1600	2329.76
1601	2402.22
1602	2464.83
1603	2508.43
1604	2531.05
1605	2539.57
1606	2544.08
1607	2555.00
1608	2582.47
1609	2633.83
1610	2708.81
1611	2801.00
1612	2902.43
1613	3005.02
1614	3101.40
1615	3188.03
1616	3268.59
1617	3350.58
1618	3442.16
1619	3551.48
1620	3685.87
1621	3849.63
1622	4043.47
1623	4266.78
1624	4518.80
1625	4798.80
1626	5105.96
1627	5439.37
1628	5798.02
1629	6180.85
1630	6586.87
1631	7015.56
1632	7468.89
1633	7952.87
1634	8475.40
1635	9044.62
1636	9668.84
1637	10357.95
1638	11126.77
1639	11994.92
1640	12983.44
1641	14113.46
1642	15404.95
1643	16871.06
1644	18511.14
1645	20316.83
1646	22278.30
1647	24385.20
1648	26620.21
1649	28940.80
1650	31275.36
1651	33542.12
1652	35658.40
1653	37541.98
1654	39114.35
1655	40305.27
1656	41049.80
1657	41284.16
1658	40945.55
1659	39987.54
1660	38427.04
1661	36361.18
1662	33916.96
1663	31224.51
1664	28412.18
1665	25594.04
1666	22850.74
1667	20240.68
1668	17817.30
1669	15633.33
1670	13733.30
1671	12130.03
1672	10796.12
1673	9689.18
1674	8765.22
1675	7981.18
1676	7300.68
1677	6702.63
1678	6175.61
1679	5710.30
1680	5297.52
1681	4929.01
1682	4599.79
1683	4308.70
1684	4055.86
1685	3841.56
1686	3665.68
1687	3525.82
1688	3414.95
1689	3323.45
1690	3241.20
1691	3158.26
1692	3066.91
1693	2966.53
1694	2863.35
1695	2765.69
1696	2681.99
1697	2619.88
1698	2582.87
1699	2567.77
1700	2568.25
1701	2577.53
1702	2588.98
1703	2597.43
1704	2601.37
1705	2602.08
1706	2601.50
1707	2601.59
1708	2603.95
1709	2608.84
1710	2614.91
1711	2620.18
1712	2622.68
1713	2620.87
1714	2615.93
1715	2614.18
1716	2624.64
1717	2656.83
1718	2719.93
1719	2820.12
1720	2955.14
1721	3115.92
1722	3291.60
1723	3471.34
1724	3646.55
1725	3817.34
1726	3994.58
1727	4193.11
1728	4428.09
1729	4713.22
1730	5053.82
1731	5439.99
1732	5854.05
1733	6277.02
1734	6690.37
1735	7079.76
1736	7441.33
1737	7778.91
1738	8098.14
1739	8404.56
1740	8700.89
1741	8980.40
1742	9226.61
1743	9419.90
1744	9540.49
1745	9570.87
1746	9503.45
1747	9344.99
1748	9108.17
1749	8806.46
1750	8453.10
1751	8059.84
1752	7635.56
1753	7187.59
1754	6722.97
1755	6248.80
1756	5772.80
1757	5304.20
1758	4853.28
1759	4430.61
1760	4046.50
1761	3708.66
1762	3416.89
1763	3163.58
1764	2938.99
1765	2733.30
1766	2538.46
1767	2352.83
1768	2182.43
1769	2035.94
1770	1922.27
1771	1848.59
1772	1814.57
1773	1808.66
1774	1814.63
1775	1815.70
1776	1796.45
1777	1749.07
1778	1679.29
1779	1599.58
1780	1523.52
1781	1463.86
1782	1427.93
1783	1411.66
1784	1404.27
1785	1393.73
1786	1368.62
1787	1322.67
1788	1261.90
1789	1200.72
1790	1155.40
1791	1141.59
1792	1168.59
1793	1228.88
1794	1301.88
1795	1363.72
1796	1391.05
1797	1367.76
1798	1298.56
1799	1206.25
1800	1118.62
1801	1063.18
1802	1060.48
1803	1109.48
1804	1188.77
1805	1270.88
1806	1328.36
1807	1339.67
1808	1302.52
1809	1234.10
1810	1157.65
1811	1096.59
1812	1069.81
1813	1080.95
1814	1117.52
1815	1161.82
1816	1195.99
1817	1205.88
1818	1190.12
1819	1161.14
1820	1135.88
1821	1131.39
1822	1160.22
1823	1219.62
1824	1290.33
1825	1347.67
1826	1366.94
1827	1329.45
1828	1236.85
1829	1112.16
1830	985.29
1831	886.31
1832	839.70
1833	851.77
1834	910.60
1835	998.57
1836	1097.76
1837	1192.17
1838	1271.77
1839	1332.09
1840	1370.35
1841	1384.04
1842	1372.32
1843	1339.08
1844	1292.32
1845	1241.13
1846	1194.50
1847	1159.45
1848	1138.03
1849	1128.38
1850	1127.71
1851	1133.17
1852	1142.15
1853	1152.57
1854	1162.71
1855	1170.90
1856	1175.61
1857	1175.84
1858	1171.79
1859	1164.33
1860	1154.46
1861	1143.19
1862	1131.50
1863	1120.35
1864	1110.67
1865	1103.41
1866	1099.35
1867	1098.70
1868	1100.79
1869	1104.62
1870	1109.09
1871	1112.98
1872	1114.47
1873	1111.05
1874	1099.98
1875	1078.67
1876	1046.20
1877	1006.77
1878	969.19
1879	943.60
1880	939.68
1881	962.71
1882	1007.30
1883	1060.63
1884	1108.19
1885	1136.50
1886	1138.34
1887	1118.42
1888	1087.77
1889	1058.46
1890	1041.31
1891	1041.57
1892	1056.64
1893	1080.72
1894	1107.65
1895	1131.76
1896	1149.03
1897	1157.07
1898	1154.04
1899	1138.42
1900	1111.19
1901	1079.34
1902	1054.16
1903	1047.88
1904	1071.14
1905	1126.00
1906	1199.23
1907	1270.01
1908	1316.57
1909	1321.14
1910	1281.23
1911	1212.68
1912	1137.86
1913	1079.17
1914	1053.06
1915	1060.09
1916	1088.29
1917	1122.51
1918	1148.42
1919	1156.96
1920	1148.91
1921	1130.05
1922	1107.01
1923	1085.71
1924	1069.59
1925	1059.10
1926	1053.65
1927	1052.54
1928	1054.98
1929	1059.90
1930	1066.06
1931	1072.18
1932	1076.92
1933	1078.77
1934	1075.94
1935	1066.48
1936	1048.59
1937	1021.84
1938	990.14
1939	961.41
1940	944.69
1941	948.23
1942	975.17
1943	1018.64
1944	1066.43
1945	1105.52
1946	1125.21
1947	1123.14
1948	1106.14
1949	1084.11
1950	1066.80
1951	1061.03
1952	1067.28
1953	1082.19
1954	1101.58
1955	1121.54
1956	1139.14
1957	1152.66
1958	1160.84
1959	1162.58
1960	1157.87
1961	1149.06
1962	1140.02
1963	1134.85
1964	1136.28
1965	1141.93
1966	1143.27
1967	1129.63
1968	1091.23
1969	1025.55
1970	945.78
1971	874.55
1972	835.98
1973	848.42
1974	909.90
1975	996.29
1976	1076.22
1977	1120.23
1978	1113.40
1979	1068.68
1980	1013.76
1981	978.27
1982	984.25
1983	1030.83
1984	1096.28
1985	1153.02
1986	1176.24
1987	1155.81
1988	1104.25
1989	1043.88
1990	997.58
1991	981.57
1992	995.94
1993	1029.57
1994	1068.88
1995	1101.77
1996	1121.81
1997	1129.00
1998	1125.48
1999	1113.66
2000	1096.01
2001	1075.18
2002	1053.92
2003	1034.94
2004	1020.61
2005	1012.47
2006	1011.40
2007	1018.09
2008	1032.58
2009	1052.67
2010	1073.56
2011	1089.60
2012	1095.76
2013	1090.41
2014	1077.76
2015	1064.72
2016	1058.32
2017	1063.25
2018	1078.76
2019	1100.44
2020	1123.13
2021	1142.18
2022	1154.76
2023	1159.72
2024	1156.40
2025	1144.20
2026	1122.56
2027	1090.97
2028	1048.96
2029	996.72
2030	937.81
2031	881.81
2032	841.24
2033	828.14
2034	847.71
2035	889.41
2036	932.69
2037	955.45
2038	942.46
2039	897.91
2040	842.22
2041	799.89
2042	791.06
2043	820.31
2044	875.60
2045	939.58
2046	996.20
2047	1036.47
2048	1060.85
2049	1073.37
2050	1078.15
2051	1077.60
2052	1071.36
2053	1057.86
2054	1035.80
2055	1006.66
2056	977.12
2057	956.57
2058	953.96
2059	972.28
2060	1001.52
2061	1023.84
2062	1020.97
2063	983.36
2064	922.61
2065	864.82
2066	838.37
2067	862.37
2068	931.34
2069	1021.03
2070	1103.10
2071	1155.11
2072	1171.88
2073	1162.57
2074	1140.03
2075	1115.58
2076	1095.34
2077	1080.86
2078	1072.35
2079	1069.96
2080	1073.83
2081	1084.08
2082	1100.72
2083	1122.09
2084	1141.47
2085	1147.41
2086	1127.51
2087	1074.62
2088	998.03
2089	922.39
2090	876.19
2091	880.53
2092	933.40
2093	1011.66
2094	1086.65
2095	1135.23
2096	1151.43
2097	1144.23
2098	1126.53
2099	1109.25
2100	1097.12
2101	1089.90
2102	1086.08
2103	1084.68
2104	1086.22
2105	1092.36
2106	1104.69
2107	1122.50
2108	1139.63
2109	1146.40
2110	1133.21
2111	1095.96
2112	1042.02
2113	985.33
2114	940.37
2115	917.65
2116	920.40
2117	948.17
2118	998.70
2119	1064.22
2120	1128.71
2121	1172.87
2122	1181.09
2123	1153.57
2124	1110.08
2125	1076.98
2126	1074.94
2127	1104.12
2128	1144.53
2129	1170.93
2130	1165.44
2131	1130.85
2132	1085.74
2133	1051.58
2134	1043.29
2135	1061.37
2136	1097.90
2137	1142.84
2138	1184.02
2139	1206.02
2140	1192.29
2141	1131.85
2142	1034.92
2143	936.76
2144	879.96
2145	893.46
2146	965.13
2147	1048.51
2148	1091.39
2149	1064.33
2150	987.33
2151	909.17
2152	878.02
2153	913.78
2154	993.97
2155	1078.84
2156	1134.00
2157	1149.72
2158	1140.77
2159	1128.51
2160	1128.29
2161	1140.14
2162	1154.30
2163	1159.87
2164	1150.65
2165	1127.72
2166	1095.34
2167	1058.29
2168	1021.67
2169	990.83
2170	970.72
2171	963.08
2172	962.98
2173	961.60
2174	951.08
2175	930.12
2176	905.98
2177	888.81
2178	885.97
2179	896.67
2180	914.04
2181	930.40
2182	941.56
2183	948.92
2184	956.18
2185	965.17
2186	971.07
2187	963.22
2188	931.00
2189	872.69
2190	802.76
2191	743.41
2192	714.68
2193	725.75
2194	775.18
2195	856.97
2196	957.35
2197	1048.63
2198	1096.93
2199	1077.92
2200	1000.79
2201	906.56
2202	841.55
2203	830.73
2204	860.34
2205	898.47
2206	917.69
2207	912.27
2208	895.16
2209	882.04
2210	877.63
2211	869.45
2212	838.89
2213	777.00
2214	701.46
2215	648.50
2216	651.09
2217	713.30
2218	803.97
2219	881.75
2220	918.87
2221	916.93
2222	893.30
2223	865.54
2224	843.07
2225	828.09
2226	820.40
2227	818.11
2228	817.13
2229	812.85
2230	802.75
2231	788.84
2232	775.88
2233	769.23
2234	774.66
2235	798.07
2236	842.16
2237	896.68
2238	934.49
2239	925.75
2240	861.05
2241	770.57
2242	703.22
2243	695.80
2244	745.91
2245	822.94
2246	893.94
2247	940.14
2248	957.51
2249	946.75
2250	909.70
2251	849.29
2252	770.31
2253	685.33
2254	620.70
2255	607.20
2256	659.37
2257	752.50
2258	838.47
2259	877.44
2260	866.55
2261	832.31
2262	802.49
2263	784.30
2264	764.23
2265	727.50
2266	678.32
2267	644.19
2268	654.57
2269	711.28
2270	775.52
2271	798.15
2272	759.82
2273	694.11
2274	654.38
2275	670.27
2276	720.31
2277	759.76
2278	760.45
2279	737.42
2280	727.70
2281	753.73
2282	795.50
2283	809.59
2284	768.06
2285	691.28
2286	629.17
2287	621.22
2288	665.72
2289	733.62
2290	796.19
2291	840.68
2292	865.47
2293	870.76
2294	855.08
2295	816.40
2296	757.67
2297	694.16
2298	648.37
2299	637.91
2300	665.27
2301	722.75
2302	796.77
2303	865.73
2304	905.45
2305	903.47
2306	871.91
2307	834.57
2308	809.27
2309	799.23
2310	799.86
2311	802.36
2312	793.36
2313	760.97
2314	706.81
2315	650.28
2316	614.93
2317	615.95
2318	657.93
2319	734.58
2320	817.03
2321	859.77
2322	835.32
2323	772.89
2324	735.58
2325	759.28
2326	808.75
2327	820.01
2328	770.90
2329	713.00
2330	713.19
2331	781.53
2332	860.23
2333	886.17
2334	845.87
2335	768.04
2336	688.33
2337	633.21
2338	620.66
2339	654.94
2340	721.21
2341	796.79
2342	859.12
2343	887.84
2344	871.27
2345	817.68
2346	749.12
2347	691.25
2348	669.91
2349	701.47
2350	769.38
2351	825.25
2352	832.01
2353	803.93
2354	782.55
2355	784.90
2356	782.22
2357	742.41
2358	679.56
2359	644.80
2360	667.05
2361	712.13
2362	726.78
2363	702.06
2364	679.63
2365	693.07
2366	721.53
2367	720.88
2368	681.51
2369	641.44
2370	636.00
2371	654.30
2372	661.90
2373	648.04
2374	637.66
2375	652.14
2376	674.67
2377	672.96
2378	646.78
2379	635.82
2380	667.20
2381	711.71
2382	719.90
2383	680.42
2384	624.96
2385	587.63
2386	582.33
2387	607.14
2388	643.19
2389	665.18
2390	669.13
2391	681.27
2392	725.98
2393	798.70
2394	873.05
2395	906.45
2396	857.41
2397	738.06
2398	633.86
2399	616.94
2400	669.03
2401	729.47
2402	762.93
2403	762.49
2404	723.40
2405	640.33
2406	540.11
2407	502.07
2408	575.39
2409	681.95
2410	706.40
2411	661.30
2412	659.26
2413	743.02
2414	842.01
2415	879.11
2416	831.90
2417	726.68
2418	635.74
2419	615.40
2420	636.09
2421	636.62
2422	613.86
2423	605.97
2424	626.18
2425	654.72
2426	666.94
2427	650.81
2428	625.97
2429	634.53
2430	674.84
2431	687.14
2432	651.66
2433	629.47
2434	655.16
2435	677.75
2436	652.17
2437	602.91
2438	583.05
2439	632.29
2440	733.96
2441	800.69
2442	773.66
2443	686.05
2444	601.26
2445	561.44
2446	562.78
2447	563.49
2448	561.05
2449	605.41
2450	685.26
