150	3640.95
151	3638.75
152	3639.88
153	3646.68
154	3659.15
155	3676.50
156	3697.67
157	3721.56
158	3747.10
159	3773.21
160	3798.79
161	3822.77
162	3844.21
163	3862.68
164	3878.37
165	3891.72
166	3903.19
167	3913.23
168	3922.29
169	3930.84
170	3939.32
171	3948.15
172	3957.60
173	3967.76
174	3978.63
175	3990.23
176	4002.58
177	4015.67
178	4029.52
179	4044.15
180	4059.55
181	4075.73
182	4092.70
183	4110.46
184	4129.00
185	4148.33
186	4168.45
187	4189.36
188	4211.06
189	4233.56
190	4256.86
191	4280.99
192	4306.00
193	4331.90
194	4358.74
195	4386.54
196	4415.34
197	4445.17
198	4475.95
199	4507.27
200	4538.33
201	4568.20
202	4595.93
203	4620.59
204	4641.24
205	4656.92
206	4666.73
207	4670.03
208	4667.24
209	4659.78
210	4649.44
211	4638.01
212	4627.31
213	4619.14
214	4615.31
215	4617.58
216	4627.22
217	4644.03
218	4666.38
219	4692.25
220	4719.57
221	4746.29
222	4770.33
223	4789.64
224	4802.23
225	4806.68
226	4803.27
227	4793.65
228	4779.85
229	4763.92
230	4747.91
231	4733.88
232	4723.87
233	4719.87
234	4723.26
235	4734.00
236	4750.99
237	4772.87
238	4798.30
239	4825.90
240	4854.33
241	4882.21
242	4908.23
243	4931.37
244	4951.20
245	4967.69
246	4980.89
247	4990.85
248	4997.60
249	5001.21
250	5001.71
251	4999.21
252	4994.01
253	4986.86
254	4978.73
255	4970.60
256	4963.49
257	4958.39
258	4956.30
259	4958.22
260	4965.00
261	4976.95
262	4993.49
263	5013.67
264	5036.51
265	5061.00
266	5086.16
267	5110.98
268	5134.47
269	5155.81
270	5174.72
271	5191.63
272	5207.19
273	5222.08
274	5236.97
275	5252.56
276	5269.52
277	5288.52
278	5309.95
279	5333.50
280	5358.15
281	5382.65
282	5405.79
283	5426.32
284	5443.00
285	5454.59
286	5459.92
287	5458.23
288	5449.83
289	5435.76
290	5417.23
291	5395.48
292	5371.73
293	5347.20
294	5323.11
295	5300.66
296	5280.83
297	5264.23
298	5251.28
299	5242.36
300	5237.84
301	5238.09
302	5243.50
303	5254.43
304	5271.08
305	5292.93
306	5318.47
307	5345.79
308	5372.93
309	5397.93
310	5418.82
311	5433.65
312	5440.50
313	5437.91
314	5425.93
315	5406.08
316	5380.36
317	5350.77
318	5319.34
319	5288.07
320	5258.99
321	5234.05
322	5214.68
323	5201.14
324	5192.83
325	5188.99
326	5188.84
327	5191.60
328	5196.50
329	5202.75
330	5209.61
331	5216.48
332	5223.00
333	5228.94
334	5234.09
335	5238.23
336	5241.15
337	5242.63
338	5242.48
339	5240.53
340	5236.85
341	5231.75
342	5225.63
343	5218.87
344	5211.89
345	5205.08
346	5198.83
347	5193.55
348	5189.64
349	5187.48
350	5187.44
351	5189.91
352	5195.27
353	5203.89
354	5216.14
355	5232.41
356	5252.96
357	5277.49
358	5304.78
359	5333.14
360	5360.81
361	5386.02
362	5407.02
363	5422.04
364	5429.35
365	5427.64
366	5416.98
367	5398.94
368	5375.57
369	5348.98
370	5321.26
371	5294.52
372	5270.85
373	5252.26
374	5240.12
375	5234.35
376	5233.90
377	5237.54
378	5244.01
379	5252.06
380	5260.44
381	5267.90
382	5273.36
383	5276.36
384	5277.39
385	5277.29
386	5276.96
387	5277.31
388	5279.23
389	5283.64
390	5291.40
391	5303.16
392	5318.92
393	5338.16
394	5360.20
395	5384.37
396	5409.99
397	5436.37
398	5462.85
399	5488.73
400	5513.18
401	5535.23
402	5553.79
403	5567.77
404	5576.06
405	5577.59
406	5571.25
407	5555.99
408	5531.29
409	5498.28
410	5459.68
411	5418.66
412	5378.45
413	5342.28
414	5313.37
415	5294.93
416	5289.89
417	5299.59
418	5322.33
419	5354.81
420	5393.45
421	5434.67
422	5474.87
423	5510.46
424	5537.89
425	5554.31
426	5559.07
427	5553.77
428	5540.72
429	5522.33
430	5500.96
431	5479.00
432	5458.83
433	5442.66
434	5431.75
435	5425.52
436	5422.40
437	5420.66
438	5418.54
439	5414.30
440	5406.17
441	5392.47
442	5372.03
443	5345.44
444	5315.06
445	5283.79
446	5254.55
447	5230.29
448	5213.95
449	5208.44
450	5216.39
451	5238.80
452	5273.73
453	5317.73
454	5367.14
455	5418.26
456	5467.40
457	5510.86
458	5545.05
459	5567.30
460	5577.69
461	5578.72
462	5573.58
463	5565.52
464	5557.80
465	5553.64
466	5556.29
467	5568.60
468	5591.78
469	5624.42
470	5663.98
471	5707.73
472	5752.97
473	5796.97
474	5837.02
475	5870.50
476	5895.56
477	5912.34
478	5922.35
479	5927.49
480	5929.64
481	5930.70
482	5932.56
483	5937.11
484	5945.93
485	5959.52
486	5977.06
487	5997.24
488	6018.70
489	6040.10
490	6060.06
491	6077.25
492	6090.38
493	6098.61
494	6101.94
495	6100.85
496	6095.91
497	6087.68
498	6076.72
499	6063.61
500	6048.90
501	6033.16
502	6016.95
503	6000.82
504	5985.31
505	5970.96
506	5958.33
507	5947.96
508	5940.40
509	5936.07
510	5935.04
511	5936.77
512	5940.54
513	5945.58
514	5951.13
515	5956.44
516	5960.74
517	5963.30
518	5963.60
519	5961.50
520	5957.12
521	5950.59
522	5942.09
523	5931.75
524	5919.73
525	5906.18
526	5891.16
527	5874.52
528	5855.94
529	5835.02
530	5811.39
531	5784.64
532	5754.40
533	5720.29
534	5682.06
535	5640.01
536	5595.15
537	5548.69
538	5501.92
539	5456.09
540	5412.47
541	5372.32
542	5336.83
543	5306.77
544	5282.15
545	5262.61
546	5247.73
547	5237.09
548	5230.26
549	5226.83
550	5226.36
551	5228.37
552	5232.26
553	5237.35
554	5242.92
555	5248.27
556	5252.69
557	5255.48
558	5255.95
559	5253.69
560	5249.11
561	5243.40
562	5237.98
563	5234.28
564	5233.76
565	5237.84
566	5247.95
567	5265.24
568	5289.79
569	5320.32
570	5355.04
571	5392.12
572	5429.70
573	5465.94
574	5499.00
575	5527.29
576	5550.31
577	5569.46
578	5587.04
579	5605.44
580	5627.10
581	5654.42
582	5689.81
583	5735.49
584	5792.37
585	5858.70
586	5931.13
587	6006.00
588	6079.66
589	6148.44
590	6208.67
591	6256.83
592	6290.49
593	6310.01
594	6317.81
595	6316.79
596	6309.89
597	6300.02
598	6290.12
599	6283.06
600	6281.03
601	6284.21
602	6290.95
603	6299.10
604	6306.48
605	6310.87
606	6310.10
607	6301.99
608	6284.78
609	6258.06
610	6222.89
611	6180.83
612	6133.50
613	6082.49
614	6029.41
615	5975.85
616	5923.31
617	5872.90
618	5825.21
619	5780.64
620	5739.58
621	5702.40
622	5669.50
623	5641.24
624	5617.85
625	5598.92
626	5583.09
627	5568.57
628	5553.57
629	5536.26
630	5514.81
631	5487.43
632	5452.61
633	5410.34
634	5363.10
635	5314.50
636	5268.32
637	5228.36
638	5198.41
639	5182.25
640	5183.24
641	5202.49
642	5237.03
643	5281.85
644	5331.60
645	5380.90
646	5424.38
647	5456.69
648	5472.87
649	5470.23
650	5450.53
651	5417.90
652	5376.91
653	5332.13
654	5288.16
655	5249.56
656	5220.66
657	5204.19
658	5199.69
659	5204.92
660	5217.27
661	5234.11
662	5252.85
663	5270.85
664	5285.63
665	5295.44
666	5300.06
667	5300.19
668	5296.69
669	5290.45
670	5282.33
671	5273.22
672	5264.03
673	5255.85
674	5250.22
675	5248.90
676	5253.71
677	5266.46
678	5288.99
679	5323.09
680	5370.42
681	5431.66
682	5505.42
683	5589.12
684	5679.99
685	5775.22
686	5872.00
687	5967.53
688	6059.17
689	6145.24
690	6225.95
691	6302.59
692	6376.65
693	6449.62
694	6522.99
695	6598.27
696	6676.83
697	6759.46
698	6845.80
699	6934.89
700	7025.66
701	7117.04
702	7207.96
703	7297.33
704	7384.25
705	7468.50
706	7551.17
707	7634.00
708	7718.82
709	7807.46
710	7901.74
711	8003.50
712	8114.21
713	8233.75
714	8359.43
715	8487.39
716	8613.60
717	8734.04
718	8844.67
719	8941.48
720	9020.92
721	9081.32
722	9123.73
723	9150.31
724	9163.32
725	9165.07
726	9157.83
727	9143.88
728	9125.26
729	9103.01
730	9077.06
731	9046.88
732	9011.90
733	8971.57
734	8925.31
735	8872.59
736	8813.10
737	8747.31
738	8676.50
739	8602.21
740	8526.01
741	8449.46
742	8374.12
743	8301.54
744	8233.26
745	8170.70
746	8115.21
747	8068.10
748	8030.71
749	8004.34
750	7990.33
751	7989.91
752	8003.78
753	8031.33
754	8071.03
755	8121.15
756	8179.95
757	8245.68
758	8316.60
759	8390.90
760	8466.41
761	8540.23
762	8609.09
763	8669.61
764	8718.45
765	8752.22
766	8767.61
767	8761.83
768	8734.75
769	8690.25
770	8634.01
771	8571.94
772	8509.97
773	8454.03
774	8409.98
775	8382.84
776	8374.51
777	8383.24
778	8406.00
779	8439.63
780	8480.98
781	8526.89
782	8574.29
783	8620.84
784	8666.41
785	8712.78
786	8762.20
787	8817.00
788	8879.50
789	8951.99
790	9036.69
791	9134.98
792	9246.50
793	9369.80
794	9503.18
795	9644.94
796	9793.36
797	9946.76
798	10103.69
799	10263.86
800	10428.89
801	10601.26
802	10783.58
803	10978.48
804	11188.56
805	11416.40
806	11663.76
807	11929.65
808	12209.94
809	12499.45
810	12792.88
811	13084.93
812	13370.34
813	13644.11
814	13903.82
815	14153.75
816	14403.27
817	14662.99
818	14943.64
819	15255.91
820	15610.46
821	16016.90
822	16479.05
823	16990.11
824	17537.85
825	18109.10
826	18690.65
827	19269.31
828	19831.96
829	20366.96
830	20868.13
831	21335.86
832	21772.88
833	22182.19
834	22566.76
835	22929.59
836	23273.48
837	23599.87
838	23906.51
839	24188.38
840	24439.79
841	24655.00
842	24828.25
843	24953.84
844	25027.10
845	25048.42
846	25027.09
847	24976.65
848	24911.29
849	24845.28
850	24792.82
851	24767.97
852	24782.18
853	24838.24
854	24929.87
855	25047.83
856	25182.65
857	25324.84
858	25464.94
859	25593.88
860	25705.46
861	25799.72
862	25880.61
863	25952.90
864	26021.39
865	26090.90
866	26166.16
867	26250.74
868	26343.43
869	26436.67
870	26520.49
871	26584.58
872	26618.66
873	26612.45
874	26556.11
875	26443.49
876	26278.07
877	26070.49
878	25833.18
879	25578.66
880	25319.46
881	25068.04
882	24835.67
883	24628.07
884	24442.48
885	24272.42
886	24110.92
887	23950.98
888	23785.61
889	23608.04
890	23413.78
891	23204.63
892	22987.66
893	22771.32
894	22564.18
895	22374.79
896	22211.65
897	22082.52
898	21991.32
899	21935.87
900	21911.15
901	21911.74
902	21932.21
903	21967.11
904	22011.03
905	22058.82
906	22106.03
907	22148.81
908	22183.50
909	22206.39
910	22213.84
911	22202.18
912	22168.12
913	22109.99
914	22028.72
915	21926.42
916	21805.31
917	21667.67
918	21515.75
919	21351.85
920	21178.67
921	20999.98
922	20820.37
923	20644.63
924	20477.59
925	20324.05
926	20188.81
927	20076.02
928	19987.32
929	19920.76
930	19872.93
931	19840.26
932	19819.17
933	19806.10
934	19797.56
935	19790.83
936	19784.93
937	19780.04
938	19776.57
939	19775.00
940	19775.75
941	19779.24
942	19785.51
943	19793.25
944	19799.56
945	19801.06
946	19794.30
947	19775.83
948	19742.21
949	19690.60
950	19621.39
951	19541.04
952	19459.17
953	19385.95
954	19331.59
955	19306.27
956	19319.87
957	19379.19
958	19482.31
959	19620.03
960	19781.14
961	19954.33
962	20128.25
963	20291.63
964	20433.74
965	20546.28
966	20624.15
967	20663.54
968	20660.76
969	20612.17
970	20514.10
971	20363.23
972	20158.35
973	19902.51
974	19601.26
975	19260.63
976	18886.66
977	18485.40
978	18062.94
979	17625.85
980	17182.11
981	16740.90
982	16311.74
983	15904.20
984	15527.82
985	15192.08
986	14905.20
987	14670.33
988	14483.99
989	14340.13
990	14232.42
991	14154.51
992	14100.07
993	14063.08
994	14039.32
995	14027.93
996	14029.84
997	14046.32
998	14078.63
999	14128.04
1000	14195.74
1001	14282.22
1002	14386.26
1003	14505.34
1004	14636.59
1005	14777.15
1006	14924.15
1007	15074.76
1008	15226.39
1009	15377.38
1010	15527.02
1011	15674.91
1012	15820.67
1013	15963.93
1014	16104.30
1015	16241.22
1016	16373.38
1017	16498.42
1018	16613.51
1019	16715.77
1020	16802.34
1021	16870.35
1022	16917.32
1023	16942.83
1024	16950.48
1025	16945.95
1026	16935.28
1027	16924.56
1028	16919.84
1029	16926.92
1030	16949.60
1031	16986.96
1032	17034.78
1033	17088.13
1034	17142.04
1035	17191.54
1036	17231.76
1037	17259.05
1038	17273.19
1039	17277.01
1040	17274.19
1041	17268.47
1042	17263.59
1043	17263.29
1044	17271.44
1045	17292.36
1046	17330.83
1047	17391.81
1048	17480.26
1049	17601.15
1050	17759.42
1051	17959.40
1052	18203.06
1053	18489.10
1054	18814.94
1055	19177.86
1056	19575.13
1057	20004.01
1058	20461.05
1059	20939.66
1060	21428.02
1061	21912.00
1062	22377.09
1063	22808.80
1064	23192.68
1065	23515.60
1066	23771.84
1067	23969.67
1068	24124.59
1069	24253.42
1070	24373.02
1071	24500.18
1072	24650.74
1073	24834.05
1074	25045.75
1075	25273.34
1076	25502.71
1077	25719.63
1078	25909.93
1079	26059.74
1080	26157.54
1081	26197.32
1082	26176.75
1083	26094.28
1084	25948.43
1085	25737.71
1086	25460.81
1087	25118.02
1088	24713.52
1089	24254.40
1090	23748.41
1091	23203.36
1092	22627.03
1093	22027.28
1094	21412.28
1095	20791.09
1096	20173.48
1097	19569.40
1098	18988.81
1099	18441.64
1100	17937.62
1101	17484.13
1102	17082.15
1103	16727.37
1104	16414.08
1105	16136.48
1106	15888.79
1107	15665.28
1108	15461.03
1109	15273.35
1110	15101.42
1111	14944.96
1112	14803.71
1113	14677.39
1114	14565.60
1115	14466.53
1116	14374.31
1117	14279.67
1118	14172.42
1119	14042.29
1120	13879.01
1121	13672.66
1122	13416.36
1123	13111.87
1124	12768.15
1125	12396.07
1126	12006.65
1127	11610.89
1128	11219.68
1129	10842.55
1130	10485.51
1131	10151.67
1132	9843.42
1133	9563.10
1134	9313.03
1135	9095.42
1136	8911.29
1137	8758.65
1138	8633.25
1139	8530.27
1140	8444.85
1141	8372.12
1142	8307.34
1143	8246.40
1144	8186.84
1145	8127.35
1146	8066.85
1147	8004.29
1148	7938.64
1149	7868.96
1150	7795.18
1151	7719.10
1152	7643.71
1153	7572.22
1154	7507.88
1155	7453.91
1156	7413.31
1157	7387.72
1158	7376.06
1159	7375.74
1160	7383.90
1161	7397.65
1162	7414.13
1163	7430.65
1164	7445.49
1165	7458.63
1166	7470.84
1167	7483.04
1168	7496.15
1169	7511.08
1170	7528.50
1171	7548.11
1172	7568.14
1173	7586.24
1174	7599.94
1175	7606.79
1176	7604.39
1177	7591.07
1178	7567.91
1179	7539.37
1180	7511.06
1181	7488.76
1182	7478.23
1183	7485.09
1184	7513.41
1185	7562.28
1186	7625.94
1187	7697.18
1188	7768.67
1189	7833.09
1190	7883.31
1191	7914.08
1192	7924.97
1193	7919.25
1194	7901.12
1195	7874.86
1196	7844.71
1197	7814.75
1198	7788.04
1199	7765.40
1200	7746.32
1201	7730.06
1202	7715.84
1203	7702.90
1204	7690.73
1205	7679.91
1206	7672.90
1207	7672.97
1208	7683.56
1209	7708.07
1210	7749.88
1211	7811.57
1212	7892.79
1213	7989.65
1214	8096.95
1215	8209.39
1216	8321.64
1217	8428.52
1218	8526.05
1219	8613.78
1220	8694.33
1221	8771.20
1222	8847.92
1223	8928.03
1224	9014.94
1225	9111.27
1226	9217.88
1227	9334.55
1228	9460.82
1229	9596.24
1230	9740.36
1231	9892.91
1232	10054.38
1233	10226.54
1234	10411.65
1235	10612.08
1236	10830.20
1237	11068.35
1238	11328.57
1239	11611.88
1240	11918.26
1241	12247.32
1242	12598.66
1243	12971.87
1244	13366.68
1245	13783.81
1246	14226.45
1247	14699.47
1248	15208.14
1249	15757.72
1250	16353.45
1251	16999.15
1252	17691.86
1253	18417.38
1254	19156.37
1255	19888.70
1256	20594.23
1257	21253.00
1258	21848.02
1259	22372.00
1260	22827.80
1261	23221.53
1262	23559.56
1263	23848.27
1264	24093.60
1265	24298.46
1266	24458.88
1267	24566.46
1268	24611.83
1269	24585.59
1270	24478.45
1271	24283.29
1272	24002.46
1273	23651.75
1274	23252.55
1275	22826.92
1276	22396.94
1277	21984.33
1278	21607.08
1279	21272.67
1280	20979.70
1281	20724.37
1282	20502.72
1283	20310.86
1284	20145.99
1285	20011.26
1286	19920.40
1287	19892.44
1288	19947.26
1289	20104.75
1290	20384.38
1291	20799.71
1292	21345.22
1293	21995.93
1294	22720.80
1295	23488.27
1296	24266.78
1297	25025.25
1298	25735.44
1299	26374.90
1300	26924.43
1301	27365.45
1302	27679.42
1303	27848.03
1304	27856.43
1305	27701.96
1306	27395.57
1307	26952.80
1308	26389.64
1309	25722.09
1310	24966.40
1311	24140.48
1312	23265.67
1313	22365.38
1314	21463.43
1315	20583.64
1316	19749.59
1317	18980.94
1318	18283.60
1319	17648.00
1320	17059.29
1321	16502.12
1322	15961.18
1323	15421.95
1324	14874.99
1325	14321.23
1326	13767.54
1327	13221.94
1328	12692.50
1329	12187.18
1330	11712.71
1331	11271.72
1332	10862.57
1333	10482.26
1334	10127.69
1335	9795.74
1336	9483.56
1337	9189.57
1338	8914.58
1339	8660.61
1340	8429.88
1341	8224.60
1342	8046.93
1343	7897.98
1344	7775.93
1345	7676.43
1346	7594.38
1347	7524.67
1348	7462.17
1349	7402.13
1350	7341.36
1351	7279.04
1352	7215.35
1353	7150.59
1354	7085.07
1355	7019.10
1356	6952.92
1357	6886.54
1358	6819.90
1359	6752.88
1360	6685.36
1361	6617.25
1362	6548.73
1363	6480.97
1364	6416.17
1365	6356.92
1366	6305.83
1367	6265.50
1368	6237.99
1369	6222.72
1370	6214.42
1371	6205.57
1372	6188.25
1373	6154.56
1374	6096.92
1375	6010.38
1376	5896.75
1377	5762.90
1378	5616.90
1379	5466.92
1380	5321.04
1381	5186.48
1382	5067.27
1383	4963.88
1384	4875.53
1385	4801.33
1386	4740.39
1387	4691.99
1388	4656.29
1389	4634.94
1390	4630.28
1391	4644.76
1392	4680.82
1393	4740.67
1394	4824.67
1395	4928.86
1396	5046.37
1397	5169.70
1398	5291.30
1399	5403.74
1400	5501.18
1401	5582.59
1402	5651.61
1403	5713.25
1404	5772.67
1405	5834.98
1406	5904.91
1407	5985.72
1408	6078.58
1409	6183.91
1410	6302.02
1411	6433.21
1412	6578.06
1413	6738.50
1414	6918.97
1415	7125.12
1416	7362.86
1417	7638.08
1418	7956.63
1419	8323.88
1420	8744.22
1421	9221.32
1422	9758.72
1423	10359.94
1424	11028.71
1425	11770.84
1426	12598.14
1427	13527.64
1428	14577.81
1429	15767.21
1430	17113.79
1431	18627.04
1432	20286.69
1433	22039.39
1434	23820.65
1435	25564.97
1436	27207.06
1437	28686.49
1438	29963.19
1439	31025.46
1440	31872.99
1441	32506.87
1442	32928.29
1443	33139.91
1444	33151.63
1445	32985.70
1446	32670.18
1447	32234.06
1448	31706.30
1449	31115.25
1450	30485.28
1451	29832.88
1452	29170.19
1453	28508.50
1454	27859.04
1455	27232.17
1456	26632.06
1457	26048.72
1458	25463.05
1459	24853.94
1460	24200.24
1461	23481.72
1462	22685.74
1463	21819.16
1464	20903.13
1465	19962.31
1466	19021.54
1467	18105.15
1468	17232.68
1469	16410.30
1470	15633.15
1471	14893.41
1472	14183.08
1473	13494.34
1474	12821.25
1475	12163.50
1476	11525.88
1477	10914.64
1478	10336.10
1479	9796.53
1480	9300.88
1481	8850.16
1482	8441.49
1483	8070.82
1484	7734.02
1485	7426.98
1486	7145.83
1487	6887.48
1488	6649.67
1489	6430.40
1490	6227.68
1491	6039.51
1492	5863.93
1493	5698.99
1494	5542.79
1495	5393.43
1496	5249.02
1497	5107.70
1498	4967.99
1499	4829.63
1500	4693.67
1501	4561.59
1502	4434.87
1503	4315.02
1504	4203.33
1505	4100.50
1506	4006.65
1507	3921.65
1508	3845.41
1509	3777.77
1510	3718.31
1511	3665.69
1512	3617.69
1513	3571.81
1514	3525.53
1515	3476.39
1516	3422.54
1517	3364.04
1518	3302.65
1519	3240.65
1520	3180.35
1521	3124.02
1522	3073.48
1523	3029.31
1524	2991.05
1525	2957.97
1526	2929.29
1527	2904.21
1528	2881.65
1529	2859.76
1530	2836.13
1531	2808.22
1532	2773.47
1533	2729.54
1534	2675.61
1535	2614.40
1536	2551.01
1537	2491.05
1538	2440.13
1539	2403.50
1540	2384.10
1541	2380.09
1542	2386.96
1543	2399.63
1544	2413.05
1545	2422.43
1546	2424.39
1547	2418.08
1548	2403.88
1549	2382.34
1550	2354.06
1551	2319.96
1552	2282.50
1553	2246.29
1554	2216.84
1555	2199.80
1556	2200.68
1557	2223.44
1558	2266.20
1559	2320.39
1560	2375.10
1561	2419.18
1562	2441.76
1563	2434.83
1564	2399.00
1565	2342.76
1566	2276.82
1567	2212.07
1568	2159.01
1569	2125.21
1570	2111.03
1571	2111.83
1572	2121.81
1573	2135.12
1574	2146.29
1575	2152.02
1576	2153.22
1577	2152.98
1578	2154.81
1579	2162.18
1580	2177.99
1581	2202.53
1582	2232.38
1583	2262.65
1584	2288.22
1585	2304.10
1586	2306.55
1587	2296.02
1588	2277.25
1589	2256.33
1590	2239.45
1591	2232.61
1592	2240.30
1593	2263.20
1594	2299.24
1595	2345.71
1596	2399.89
1597	2458.91
1598	2519.47
1599	2577.30
1600	2627.73
1601	2665.99
1602	2687.40
1603	2688.57
1604	2671.08
1605	2642.59
1606	2612.95
1607	2592.27
1608	2590.35
1609	2614.54
1610	2665.39
1611	2737.98
1612	2825.96
1613	2922.94
1614	3023.02
1615	3123.20
1616	3225.90
1617	3336.44
1618	3460.61
1619	3604.19
1620	3772.09
1621	3966.13
1622	4184.31
1623	4423.30
1624	4679.63
1625	4950.10
1626	5233.50
1627	5533.89
1628	5859.12
1629	6218.02
1630	6619.42
1631	7071.36
1632	7578.08
1633	8137.58
1634	8745.00
1635	9395.05
1636	10082.77
1637	10807.22
1638	11580.04
1639	12425.07
1640	13369.80
1641	14441.96
1642	15667.91
1643	17065.63
1644	18636.31
1645	20371.69
1646	22261.75
1647	24295.94
1648	26457.07
1649	28703.90
1650	30967.42
1651	33168.98
1652	35228.99
1653	37068.29
1654	38610.75
1655	39787.04
1656	40532.20
1657	40782.23
1658	40474.11
1659	39561.08
1660	38059.44
1661	36065.37
1662	33704.68
1663	31106.40
1664	28397.41
1665	25688.26
1666	23051.17
1667	20532.83
1668	18174.28
1669	16015.97
1670	14093.06
1671	12420.29
1672	10986.45
1673	9770.73
1674	8751.21
1675	7905.82
1676	7211.34
1677	6642.08
1678	6170.71
1679	5769.61
1680	5411.36
1681	5072.34
1682	4742.68
1683	4428.40
1684	4141.09
1685	3892.84
1686	3694.64
1687	3550.94
1688	3452.84
1689	3383.98
1690	3326.59
1691	3263.13
1692	3179.81
1693	3074.66
1694	2957.13
1695	2840.15
1696	2736.87
1697	2659.27
1698	2613.54
1699	2596.31
1700	2599.83
1701	2615.65
1702	2635.49
1703	2652.33
1704	2662.50
1705	2664.79
1706	2658.63
1707	2643.50
1708	2619.79
1709	2591.22
1710	2565.56
1711	2552.02
1712	2559.94
1713	2597.76
1714	2668.75
1715	2766.34
1716	2878.75
1717	2993.29
1718	3097.63
1719	3183.27
1720	3252.25
1721	3315.17
1722	3384.89
1723	3474.34
1724	3595.21
1725	3754.45
1726	3953.08
1727	4189.99
1728	4463.81
1729	4772.81
1730	5113.37
1731	5478.36
1732	5858.89
1733	6245.76
1734	6629.90
1735	7003.29
1736	7360.61
1737	7698.45
1738	8013.92
1739	8304.08
1740	8565.39
1741	8792.27
1742	8977.06
1743	9111.42
1744	9187.00
1745	9196.34
1746	9135.86
1747	9007.63
1748	8816.03
1749	8565.79
1750	8261.66
1751	7908.79
1752	7512.98
1753	7080.45
1754	6617.45
1755	6130.53
1756	5628.40
1757	5125.10
1758	4638.48
1759	4187.27
1760	3789.85
1761	3460.09
1762	3198.07
1763	2991.10
1764	2822.74
1765	2676.40
1766	2537.48
1767	2398.71
1768	2261.56
1769	2130.58
1770	2010.61
1771	1905.97
1772	1818.82
1773	1748.02
1774	1691.05
1775	1645.21
1776	1607.91
1777	1576.94
1778	1550.92
1779	1528.83
1780	1509.73
1781	1492.71
1782	1477.05
1783	1462.44
1784	1448.83
1785	1436.19
1786	1424.47
1787	1413.37
1788	1401.95
1789	1388.86
1790	1372.66
1791	1352.01
1792	1326.51
1793	1298.27
1794	1271.33
1795	1250.23
1796	1239.42
1797	1242.25
1798	1258.90
1799	1286.79
1800	1322.58
1801	1362.82
1802	1403.61
1803	1439.54
1804	1463.83
1805	1469.27
1806	1448.83
1807	1398.29
1808	1322.43
1809	1235.19
1810	1153.35
1811	1093.65
1812	1069.30
1813	1081.58
1814	1119.20
1815	1166.75
1816	1208.71
1817	1232.19
1818	1233.45
1819	1218.58
1820	1196.93
1821	1178.02
1822	1169.96
1823	1175.99
1824	1194.10
1825	1220.55
1826	1251.47
1827	1283.06
1828	1311.88
1829	1334.83
1830	1348.93
1831	1351.30
1832	1339.95
1833	1315.92
1834	1283.27
1835	1246.99
1836	1212.07
1837	1182.75
1838	1160.87
1839	1146.04
1840	1137.21
1841	1133.33
1842	1133.77
1843	1139.17
1844	1151.25
1845	1172.02
1846	1203.30
1847	1245.11
1848	1292.77
1849	1337.94
1850	1371.40
1851	1384.39
1852	1371.91
1853	1337.86
1854	1292.14
1855	1245.95
1856	1209.95
1857	1190.81
1858	1187.00
1859	1192.21
1860	1199.23
1861	1201.32
1862	1194.31
1863	1178.61
1864	1156.89
1865	1132.17
1866	1107.49
1867	1085.82
1868	1070.10
1869	1063.20
1870	1067.96
1871	1086.24
1872	1116.42
1873	1152.84
1874	1188.41
1875	1216.07
1876	1230.49
1877	1231.54
1878	1223.84
1879	1213.36
1880	1205.85
1881	1204.58
1882	1206.82
1883	1205.63
1884	1193.16
1885	1162.45
1886	1112.05
1887	1050.98
1888	993.76
1889	955.77
1890	950.15
1891	980.18
1892	1035.25
1893	1099.12
1894	1155.08
1895	1189.28
1896	1197.40
1897	1184.71
1898	1159.46
1899	1130.01
1900	1103.40
1901	1083.48
1902	1071.83
1903	1069.49
1904	1077.18
1905	1094.04
1906	1116.47
1907	1139.46
1908	1157.87
1909	1167.42
1910	1167.16
1911	1160.17
1912	1150.91
1913	1143.87
1914	1142.06
1915	1144.63
1916	1147.66
1917	1146.46
1918	1136.80
1919	1117.16
1920	1091.04
1921	1064.47
1922	1043.89
1923	1034.75
1924	1038.94
1925	1054.13
1926	1076.55
1927	1102.28
1928	1127.58
1929	1149.07
1930	1163.65
1931	1168.32
1932	1160.69
1933	1141.23
1934	1114.95
1935	1088.89
1936	1070.23
1937	1064.42
1938	1071.59
1939	1086.94
1940	1104.25
1941	1117.58
1942	1123.21
1943	1121.83
1944	1116.45
1945	1110.50
1946	1106.93
1947	1107.07
1948	1110.41
1949	1115.82
1950	1122.12
1951	1127.90
1952	1131.41
1953	1130.61
1954	1123.51
1955	1108.78
1956	1087.78
1957	1065.05
1958	1046.26
1959	1036.85
1960	1039.90
1961	1053.12
1962	1070.85
1963	1086.76
1964	1095.06
1965	1092.26
1966	1077.55
1967	1051.09
1968	1013.52
1969	967.86
1970	922.26
1971	887.98
1972	876.67
1973	896.97
1974	947.03
1975	1013.52
1976	1079.36
1977	1128.29
1978	1150.74
1979	1149.90
1980	1135.70
1981	1119.06
1982	1108.26
1983	1103.57
1984	1097.99
1985	1082.54
1986	1049.81
1987	1000.48
1988	947.68
1989	909.94
1990	905.52
1991	945.02
1992	1020.29
1993	1110.23
1994	1191.02
1995	1242.24
1996	1256.21
1997	1239.53
1998	1203.67
1999	1160.17
2000	1118.62
2001	1085.08
2002	1063.92
2003	1058.89
2004	1071.42
2005	1096.77
2006	1125.64
2007	1147.73
2008	1154.49
2009	1143.96
2010	1121.66
2011	1095.68
2012	1073.75
2013	1060.73
2014	1056.54
2015	1058.81
2016	1064.90
2017	1072.85
2018	1082.39
2019	1094.33
2020	1109.64
2021	1128.30
2022	1147.13
2023	1159.95
2024	1159.79
2025	1140.90
2026	1102.75
2027	1051.69
2028	996.71
2029	946.82
2030	909.77
2031	890.98
2032	894.69
2033	924.18
2034	977.26
2035	1039.29
2036	1087.61
2037	1098.75
2038	1058.13
2039	976.37
2040	885.12
2041	821.21
2042	814.27
2043	868.60
2044	961.44
2045	1061.43
2046	1139.82
2047	1181.61
2048	1190.02
2049	1175.26
2050	1148.16
2051	1118.35
2052	1093.56
2053	1080.62
2054	1085.44
2055	1109.56
2056	1146.13
2057	1183.99
2058	1211.53
2059	1219.42
2060	1203.38
2061	1162.16
2062	1095.74
2063	1008.75
2064	916.91
2065	843.53
2066	812.62
2067	839.42
2068	915.86
2069	1016.10
2070	1110.46
2071	1174.97
2072	1202.33
2073	1199.11
2074	1175.49
2075	1140.63
2076	1100.02
2077	1055.90
2078	1009.68
2079	963.51
2080	922.06
2081	892.30
2082	881.66
2083	895.28
2084	931.00
2085	979.85
2086	1030.93
2087	1074.35
2088	1103.65
2089	1115.66
2090	1108.37
2091	1082.10
2092	1043.99
2093	1007.37
2094	986.96
2095	993.41
2096	1025.22
2097	1070.37
2098	1114.09
2099	1143.69
2100	1152.56
2101	1139.09
2102	1103.35
2103	1048.89
2104	987.89
2105	938.85
2106	920.60
2107	943.19
2108	995.97
2109	1054.78
2110	1094.11
2111	1098.96
2112	1076.31
2113	1045.78
2114	1027.65
2115	1032.67
2116	1054.19
2117	1077.02
2118	1086.57
2119	1077.53
2120	1058.63
2121	1044.50
2122	1048.16
2123	1073.49
2124	1113.07
2125	1155.45
2126	1190.56
2127	1213.95
2128	1226.69
2129	1231.41
2130	1229.36
2131	1217.80
2132	1191.05
2133	1143.54
2134	1075.56
2135	999.74
2136	935.90
2137	903.64
2138	914.69
2139	967.98
2140	1056.46
2141	1169.71
2142	1288.01
2143	1380.72
2144	1414.64
2145	1368.80
2146	1257.87
2147	1126.34
2148	1024.05
2149	983.49
2150	999.30
2151	1043.99
2152	1088.25
2153	1114.25
2154	1121.57
2155	1117.06
2156	1107.88
2157	1099.05
2158	1093.45
2159	1093.12
2160	1098.77
2161	1108.13
2162	1117.06
2163	1121.36
2164	1118.59
2165	1108.92
2166	1093.69
2167	1074.16
2168	1050.92
2169	1023.93
2170	993.23
2171	960.86
2172	932.93
2173	917.87
2174	922.28
2175	943.74
2176	968.19
2177	978.01
2178	962.80
2179	931.97
2180	909.71
2181	919.77
2182	966.51
2183	1023.11
2184	1049.98
2185	1017.93
2186	934.55
2187	840.02
2188	779.98
2189	780.38
2190	830.75
2191	902.88
2192	969.88
2193	1018.27
2194	1047.54
2195	1061.08
2196	1062.05
2197	1052.77
2198	1035.15
2199	1011.46
2200	985.39
2201	961.96
2202	946.28
2203	941.87
2204	949.44
2205	968.20
2206	995.94
2207	1027.01
2208	1052.84
2209	1064.99
2210	1059.47
2211	1039.06
2212	1009.47
2213	976.35
2214	944.27
2215	916.95
2216	896.80
2217	881.95
2218	865.40
2219	839.25
2220	800.79
2221	758.03
2222	724.56
2223	712.21
2224	724.59
2225	758.01
2226	805.55
2227	855.05
2228	887.42
2229	882.92
2230	835.56
2231	768.90
2232	722.56
2233	726.89
2234	775.17
2235	828.35
2236	846.53
2237	822.73
2238	793.60
2239	806.96
2240	881.53
2241	977.89
2242	1029.68
2243	991.96
2244	886.75
2245	783.42
2246	745.91
2247	783.22
2248	848.86
2249	886.97
2250	873.67
2251	830.56
2252	794.38
2253	788.71
2254	809.64
2255	840.07
2256	864.55
2257	876.35
2258	874.44
2259	859.91
2260	836.51
2261	809.98
2262	786.34
2263	770.73
2264	767.32
2265	778.40
2266	800.35
2267	822.44
2268	832.36
2269	821.84
2270	788.86
2271	735.92
2272	675.58
2273	636.44
2274	650.37
2275	726.82
2276	831.29
2277	910.13
2278	928.74
2279	899.64
2280	860.08
2281	837.15
2282	824.32
2283	796.12
2284	737.10
2285	664.86
2286	616.97
2287	622.41
2288	678.36
2289	760.51
2290	841.73
2291	899.80
2292	917.24
2293	886.99
2294	825.03
2295	761.88
2296	722.32
2297	709.48
2298	712.59
2299	722.33
2300	739.84
2301	771.70
2302	817.65
2303	860.15
2304	874.42
2305	851.58
2306	817.49
2307	811.61
2308	849.80
2309	900.91
2310	916.91
2311	873.73
2312	789.50
2313	699.26
2314	635.22
2315	621.93
2316	671.12
2317	759.46
2318	827.98
2319	825.83
2320	760.96
2321	691.16
2322	668.01
2323	692.96
2324	734.05
2325	764.57
2326	784.14
2327	805.02
2328	832.82
2329	859.10
2330	872.58
2331	872.94
2332	872.65
2333	881.39
2334	888.72
2335	869.49
2336	809.11
2337	724.68
2338	648.88
2339	602.73
2340	584.09
2341	582.50
2342	591.92
2343	611.84
2344	640.37
2345	668.00
2346	681.93
2347	678.66
2348	671.66
2349	677.71
2350	698.76
2351	720.30
2352	725.83
2353	706.61
2354	662.87
2355	612.51
2356	596.08
2357	644.28
2358	730.40
2359	782.80
2360	755.20
2361	675.19
2362	601.59
2363	572.51
2364	594.82
2365	654.84
2366	715.33
2367	734.58
2368	704.13
2369	657.64
2370	630.35
2371	626.27
2372	630.88
2373	636.29
2374	648.39
2375	676.26
2376	724.55
2377	789.56
2378	847.65
2379	856.85
2380	797.16
2381	709.18
2382	654.04
2383	649.12
2384	664.82
2385	679.14
2386	708.53
2387	771.61
2388	841.83
2389	866.31
2390	833.01
2391	792.31
2392	790.28
2393	813.37
2394	820.40
2395	790.15
2396	728.24
2397	658.11
2398	616.50
2399	630.67
2400	695.60
2401	781.50
2402	838.78
2403	821.75
2404	751.02
2405	718.90
2406	771.95
2407	832.73
2408	809.21
2409	712.28
2410	615.64
2411	577.28
2412	616.94
2413	704.66
2414	770.28
2415	769.66
2416	720.52
2417	661.19
2418	619.41
2419	605.47
2420	605.35
2421	604.45
2422	622.86
2423	689.13
2424	774.98
2425	810.76
2426	769.34
2427	685.60
2428	616.77
2429	613.62
2430	682.07
2431	772.84
2432	837.43
2433	858.13
2434	827.10
2435	741.25
2436	639.27
2437	611.06
2438	688.33
2439	778.89
2440	791.23
2441	725.15
2442	629.57
2443	561.65
2444	550.61
2445	584.00
2446	647.79
2447	739.87
2448	831.38
2449	867.30
2450	848.04
