150	3726.02
151	3711.45
152	3697.92
153	3691.37
154	3692.13
155	3699.55
156	3712.69
157	3730.60
158	3752.32
159	3776.89
160	3803.35
161	3830.74
162	3858.15
163	3884.73
164	3909.79
165	3932.66
166	3952.69
167	3969.22
168	3981.61
169	3989.19
170	3991.32
171	3987.58
172	3978.31
173	3964.86
174	3948.94
175	3932.29
176	3916.66
177	3903.81
178	3895.47
179	3893.37
180	3899.00
181	3912.85
182	3934.21
183	3961.95
184	3994.86
185	4031.77
186	4071.48
187	4112.80
188	4154.54
189	4195.60
190	4235.11
191	4272.55
192	4307.50
193	4339.53
194	4368.25
195	4393.24
196	4414.09
197	4430.40
198	4441.88
199	4448.71
200	4451.51
201	4451.11
202	4448.33
203	4444.00
204	4438.95
205	4434.01
206	4430.00
207	4427.66
208	4427.42
209	4429.42
210	4433.71
211	4440.31
212	4449.26
213	4460.58
214	4474.31
215	4490.47
216	4509.02
217	4529.73
218	4552.18
219	4575.90
220	4600.40
221	4625.21
222	4649.85
223	4673.83
224	4696.71
225	4718.07
226	4737.74
227	4755.74
228	4772.11
229	4786.91
230	4800.21
231	4812.05
232	4822.50
233	4831.62
234	4839.54
235	4846.51
236	4852.91
237	4859.12
238	4865.53
239	4872.54
240	4880.53
241	4889.91
242	4901.02
243	4914.02
244	4928.61
245	4944.20
246	4960.17
247	4975.88
248	4990.68
249	5003.94
250	5015.03
251	5023.36
252	5028.66
253	5031.23
254	5031.62
255	5030.49
256	5028.44
257	5026.12
258	5024.16
259	5023.17
260	5023.74
261	5026.24
262	5030.72
263	5037.09
264	5045.25
265	5055.08
266	5066.48
267	5079.35
268	5093.58
269	5109.03
270	5125.49
271	5142.65
272	5160.17
273	5177.70
274	5194.88
275	5211.37
276	5226.81
277	5240.87
278	5253.24
279	5263.81
280	5272.58
281	5279.61
282	5284.98
283	5288.74
284	5290.95
285	5291.69
286	5291.02
287	5289.05
288	5285.99
289	5282.11
290	5277.72
291	5273.10
292	5268.56
293	5264.38
294	5260.87
295	5258.31
296	5257.02
297	5257.32
298	5259.53
299	5263.99
300	5271.02
301	5280.96
302	5294.14
303	5310.87
304	5331.32
305	5354.89
306	5380.03
307	5404.74
308	5427.01
309	5444.79
310	5456.05
311	5458.77
312	5450.97
313	5431.31
314	5400.50
315	5361.27
316	5316.96
317	5270.97
318	5226.70
319	5187.53
320	5156.85
321	5137.92
322	5132.79
323	5140.81
324	5159.38
325	5185.51
326	5216.17
327	5248.35
328	5279.01
329	5305.14
330	5323.97
331	5333.89
332	5335.33
333	5329.64
334	5318.36
335	5303.01
336	5285.12
337	5266.21
338	5247.82
339	5231.29
340	5217.44
341	5206.46
342	5198.33
343	5193.00
344	5190.42
345	5190.56
346	5193.36
347	5198.76
348	5206.60
349	5216.48
350	5227.77
351	5239.83
352	5252.00
353	5263.61
354	5274.03
355	5282.58
356	5288.66
357	5291.82
358	5291.95
359	5289.09
360	5283.28
361	5274.60
362	5263.09
363	5248.82
364	5231.85
365	5212.42
366	5191.27
367	5169.73
368	5149.31
369	5131.53
370	5117.92
371	5109.99
372	5109.28
373	5117.19
374	5134.46
375	5160.20
376	5192.50
377	5229.21
378	5268.17
379	5307.23
380	5344.23
381	5377.02
382	5403.72
383	5423.55
384	5437.26
385	5446.29
386	5452.12
387	5456.25
388	5460.18
389	5465.41
390	5473.38
391	5485.09
392	5500.31
393	5517.79
394	5535.98
395	5553.33
396	5568.31
397	5579.36
398	5584.94
399	5583.71
400	5575.31
401	5561.14
402	5543.39
403	5524.39
404	5506.48
405	5492.00
406	5483.30
407	5482.64
408	5491.71
409	5510.21
410	5536.01
411	5566.40
412	5598.63
413	5629.95
414	5657.62
415	5678.90
416	5691.25
417	5693.23
418	5685.51
419	5669.89
420	5648.35
421	5622.88
422	5595.48
423	5568.15
424	5542.85
425	5521.25
426	5504.04
427	5490.88
428	5481.13
429	5474.12
430	5469.16
431	5465.59
432	5462.72
433	5459.96
434	5457.06
435	5454.47
436	5453.05
437	5453.71
438	5457.35
439	5464.90
440	5477.26
441	5495.32
442	5519.57
443	5549.24
444	5582.34
445	5616.46
446	5649.18
447	5678.07
448	5700.71
449	5714.68
450	5717.81
451	5709.23
452	5690.47
453	5664.23
454	5633.43
455	5601.01
456	5569.87
457	5542.95
458	5523.11
459	5512.58
460	5511.76
461	5519.38
462	5533.74
463	5553.09
464	5575.68
465	5599.77
466	5623.60
467	5645.60
468	5664.97
469	5682.08
470	5697.83
471	5713.21
472	5729.18
473	5746.73
474	5766.84
475	5790.42
476	5817.89
477	5848.40
478	5880.17
479	5911.22
480	5939.56
481	5963.18
482	5980.09
483	5988.32
484	5986.35
485	5974.36
486	5954.60
487	5930.05
488	5903.80
489	5878.93
490	5858.50
491	5845.59
492	5843.03
493	5852.24
494	5871.91
495	5899.21
496	5931.04
497	5964.29
498	5995.84
499	6022.58
500	6041.48
501	6050.32
502	6049.22
503	6040.35
504	6026.44
505	6010.27
506	5994.61
507	5982.22
508	5975.86
509	5977.82
510	5988.59
511	6006.12
512	6027.38
513	6049.22
514	6068.47
515	6081.99
516	6086.62
517	6079.43
518	6058.84
519	6026.05
520	5983.84
521	5935.28
522	5883.49
523	5831.55
524	5782.57
525	5739.58
526	5704.97
527	5679.36
528	5661.80
529	5650.92
530	5645.33
531	5643.65
532	5644.49
533	5646.45
534	5648.21
535	5648.70
536	5647.16
537	5642.91
538	5635.34
539	5623.80
540	5607.64
541	5586.24
542	5559.08
543	5526.26
544	5489.00
545	5449.11
546	5408.43
547	5368.86
548	5332.26
549	5300.53
550	5275.45
551	5258.35
552	5249.33
553	5247.64
554	5252.39
555	5262.62
556	5277.43
557	5295.87
558	5317.02
559	5339.97
560	5363.82
561	5387.73
562	5410.84
563	5432.33
564	5451.34
565	5467.03
566	5478.57
567	5485.40
568	5487.96
569	5487.99
570	5487.71
571	5489.39
572	5495.32
573	5507.76
574	5528.98
575	5560.93
576	5604.10
577	5656.45
578	5714.79
579	5775.78
580	5836.03
581	5892.19
582	5940.88
583	5979.02
584	6005.07
585	6020.87
586	6030.22
587	6037.28
588	6046.25
589	6061.33
590	6086.69
591	6126.31
592	6182.52
593	6253.37
594	6333.83
595	6418.12
596	6500.40
597	6574.85
598	6635.63
599	6677.05
600	6694.73
601	6688.22
602	6660.62
603	6616.05
604	6558.70
605	6492.75
606	6422.41
607	6351.81
608	6284.68
609	6223.13
610	6167.61
611	6117.97
612	6074.03
613	6035.60
614	6002.51
615	5974.55
616	5951.42
617	5932.43
618	5916.31
619	5901.64
620	5886.95
621	5870.78
622	5851.65
623	5828.13
624	5798.93
625	5763.65
626	5723.07
627	5678.54
628	5631.44
629	5583.18
630	5535.15
631	5488.74
632	5445.28
633	5405.71
634	5370.39
635	5339.39
636	5312.72
637	5290.40
638	5272.47
639	5258.94
640	5249.77
641	5244.61
642	5242.52
643	5242.30
644	5242.67
645	5242.38
646	5240.14
647	5234.71
648	5224.94
649	5210.40
650	5192.08
651	5171.67
652	5151.03
653	5132.00
654	5116.46
655	5106.23
656	5103.02
657	5107.58
658	5118.78
659	5134.39
660	5151.99
661	5169.16
662	5183.46
663	5192.46
664	5193.94
665	5186.82
666	5172.45
667	5153.62
668	5133.38
669	5114.78
670	5100.89
671	5094.77
672	5099.32
673	5116.37
674	5145.58
675	5185.33
676	5233.72
677	5288.87
678	5348.88
679	5411.85
680	5475.97
681	5539.85
682	5603.02
683	5665.53
684	5727.57
685	5789.27
686	5850.82
687	5912.37
688	5974.14
689	6036.49
690	6100.21
691	6166.28
692	6235.73
693	6309.58
694	6388.85
695	6474.58
696	6567.68
697	6668.48
698	6776.22
699	6889.52
700	7006.92
701	7126.96
702	7248.15
703	7369.02
704	7488.18
705	7604.54
706	7717.60
707	7827.17
708	7933.08
709	8035.17
710	8133.29
711	8227.27
712	8316.96
713	8402.21
714	8482.85
715	8558.74
716	8629.74
717	8695.69
718	8756.44
719	8811.84
720	8861.70
721	8905.65
722	8943.07
723	8973.26
724	8995.47
725	9008.98
726	9013.06
727	9007.00
728	8990.29
729	8963.32
730	8927.48
731	8884.57
732	8836.42
733	8784.84
734	8731.68
735	8678.75
736	8627.61
737	8579.05
738	8533.05
739	8489.33
740	8447.58
741	8407.51
742	8368.79
743	8331.16
744	8294.45
745	8258.95
746	8225.24
747	8194.06
748	8166.10
749	8142.10
750	8122.75
751	8108.76
752	8100.74
753	8099.08
754	8104.02
755	8115.74
756	8134.45
757	8160.35
758	8193.63
759	8234.36
760	8281.96
761	8334.52
762	8389.40
763	8443.84
764	8495.07
765	8540.31
766	8576.82
767	8602.17
768	8615.49
769	8618.33
770	8613.28
771	8603.06
772	8590.42
773	8578.11
774	8568.83
775	8564.89
776	8567.03
777	8574.21
778	8584.78
779	8597.00
780	8609.13
781	8619.45
782	8626.31
783	8628.91
784	8628.87
785	8629.92
786	8636.37
787	8652.55
788	8682.80
789	8731.47
790	8802.66
791	8898.92
792	9019.35
793	9160.88
794	9320.01
795	9493.20
796	9676.91
797	9867.62
798	10062.09
799	10258.46
800	10457.12
801	10659.49
802	10867.12
803	11081.58
804	11304.44
805	11537.24
806	11781.13
807	12035.84
808	12299.52
809	12569.80
810	12844.24
811	13120.40
812	13395.86
813	13668.36
814	13937.17
815	14205.54
816	14479.72
817	14766.72
818	15073.61
819	15407.43
820	15775.21
821	16183.26
822	16633.88
823	17122.09
824	17639.14
825	18175.66
826	18722.25
827	19269.50
828	19808.08
829	20329.54
830	20828.79
831	21304.79
832	21757.96
833	22188.84
834	22598.00
835	22985.98
836	23353.27
837	23699.56
838	24022.59
839	24318.60
840	24583.44
841	24812.96
842	25003.00
843	25149.43
844	25248.90
845	25301.99
846	25316.08
847	25301.88
848	25270.54
849	25233.30
850	25201.37
851	25185.80
852	25195.77
853	25234.05
854	25296.68
855	25377.58
856	25470.46
857	25569.02
858	25666.98
859	25758.34
860	25839.02
861	25909.15
862	25971.52
863	26029.44
864	26086.28
865	26145.38
866	26210.04
867	26282.57
868	26361.24
869	26438.98
870	26506.64
871	26554.84
872	26574.18
873	26555.29
874	26489.20
875	26370.57
876	26203.36
877	25998.54
878	25768.78
879	25526.88
880	25285.60
881	25057.66
882	24854.31
883	24680.12
884	24529.34
885	24391.81
886	24256.69
887	24113.16
888	23950.40
889	23757.96
890	23529.18
891	23267.94
892	22986.86
893	22700.92
894	22425.25
895	22174.98
896	21965.18
897	21809.45
898	21714.46
899	21675.55
900	21682.93
901	21726.01
902	21794.20
903	21876.91
904	21963.66
905	22045.18
906	22115.56
907	22171.75
908	22211.48
909	22232.51
910	22232.62
911	22209.58
912	22161.52
913	22088.07
914	21991.31
915	21874.35
916	21740.49
917	21593.04
918	21435.26
919	21270.48
920	21102.07
921	20933.65
922	20768.99
923	20611.93
924	20466.30
925	20335.91
926	20224.57
927	20135.41
928	20068.76
929	20021.06
930	19987.16
931	19961.73
932	19939.40
933	19914.86
934	19883.02
935	19840.68
936	19789.05
937	19732.27
938	19675.11
939	19622.36
940	19578.83
941	19549.26
942	19537.24
943	19542.38
944	19559.74
945	19582.85
946	19605.04
947	19619.71
948	19620.22
949	19600.68
950	19559.04
951	19500.59
952	19434.40
953	19370.19
954	19317.74
955	19286.81
956	19286.88
957	19324.84
958	19400.17
959	19506.19
960	19634.50
961	19776.62
962	19924.04
963	20068.31
964	20201.14
965	20315.23
966	20404.50
967	20463.35
968	20486.27
969	20467.72
970	20402.20
971	20284.61
972	20112.38
973	19888.17
974	19617.67
975	19307.13
976	18962.83
977	18591.07
978	18198.12
979	17790.29
980	17373.88
981	16955.23
982	16540.68
983	16136.57
984	15749.24
985	15385.00
986	15049.76
987	14747.80
988	14481.26
989	14251.44
990	14059.57
991	13906.85
992	13794.48
993	13723.42
994	13693.15
995	13700.38
996	13740.37
997	13808.09
998	13898.55
999	14006.72
1000	14127.64
1001	14256.83
1002	14391.05
1003	14527.98
1004	14665.52
1005	14801.58
1006	14934.08
1007	15060.99
1008	15180.86
1009	15294.20
1010	15403.59
1011	15512.28
1012	15623.57
1013	15740.75
1014	15867.10
1015	16005.09
1016	16153.95
1017	16308.12
1018	16460.13
1019	16602.24
1020	16726.71
1021	16825.82
1022	16892.59
1023	16924.13
1024	16925.39
1025	16905.44
1026	16874.07
1027	16841.10
1028	16816.34
1029	16809.24
1030	16826.38
1031	16867.52
1032	16927.76
1033	17001.13
1034	17081.60
1035	17163.16
1036	17239.87
1037	17306.73
1038	17361.36
1039	17403.75
1040	17434.53
1041	17454.37
1042	17463.95
1043	17464.02
1044	17456.24
1045	17445.59
1046	17440.61
1047	17451.06
1048	17486.82
1049	17557.75
1050	17673.65
1051	17843.08
1052	18069.44
1053	18349.18
1054	18676.02
1055	19043.35
1056	19444.57
1057	19873.05
1058	20321.98
1059	20783.58
1060	21248.55
1061	21706.90
1062	22148.53
1063	22563.35
1064	22941.28
1065	23273.15
1066	23554.76
1067	23791.28
1068	23992.76
1069	24170.08
1070	24334.20
1071	24496.02
1072	24665.79
1073	24849.50
1074	25044.03
1075	25240.88
1076	25430.46
1077	25603.16
1078	25749.34
1079	25859.60
1080	25925.96
1081	25943.93
1082	25911.26
1083	25826.23
1084	25687.13
1085	25492.27
1086	25240.06
1087	24929.86
1088	24563.43
1089	24144.25
1090	23676.21
1091	23163.25
1092	22609.29
1093	22018.46
1094	21396.60
1095	20754.09
1096	20104.91
1097	19463.96
1098	18846.16
1099	18266.45
1100	17739.39
1101	17275.97
1102	16877.33
1103	16536.51
1104	16244.38
1105	15991.69
1106	15769.17
1107	15567.71
1108	15379.68
1109	15201.57
1110	15033.39
1111	14876.08
1112	14730.66
1113	14598.14
1114	14479.39
1115	14373.71
1116	14276.06
1117	14177.68
1118	14068.80
1119	13939.58
1120	13780.18
1121	13581.07
1122	13335.55
1123	13044.85
1124	12716.88
1125	12361.30
1126	11987.90
1127	11606.46
1128	11226.65
1129	10857.11
1130	10503.65
1131	10169.79
1132	9858.50
1133	9572.67
1134	9315.22
1135	9088.92
1136	8895.46
1137	8733.66
1138	8600.21
1139	8491.26
1140	8402.93
1141	8331.36
1142	8272.69
1143	8223.34
1144	8180.34
1145	8141.17
1146	8103.39
1147	8064.59
1148	8022.33
1149	7974.36
1150	7919.52
1151	7859.04
1152	7795.71
1153	7732.61
1154	7672.85
1155	7619.52
1156	7575.47
1157	7542.12
1158	7518.01
1159	7500.08
1160	7484.98
1161	7469.37
1162	7449.89
1163	7423.63
1164	7389.80
1165	7351.40
1166	7313.19
1167	7280.24
1168	7257.63
1169	7250.42
1170	7262.83
1171	7295.64
1172	7344.48
1173	7402.82
1174	7463.86
1175	7520.79
1176	7566.85
1177	7596.28
1178	7607.01
1179	7601.46
1180	7583.64
1181	7557.73
1182	7527.93
1183	7498.39
1184	7472.88
1185	7453.91
1186	7442.78
1187	7440.43
1188	7447.76
1189	7465.68
1190	7494.99
1191	7535.62
1192	7585.18
1193	7639.56
1194	7694.19
1195	7744.46
1196	7785.80
1197	7813.92
1198	7826.47
1199	7825.14
1200	7814.05
1201	7797.80
1202	7781.02
1203	7768.30
1204	7763.97
1205	7770.89
1206	7789.58
1207	7819.49
1208	7859.90
1209	7910.08
1210	7969.29
1211	8036.68
1212	8110.93
1213	8190.15
1214	8272.27
1215	8355.19
1216	8436.80
1217	8515.07
1218	8588.54
1219	8657.54
1220	8723.88
1221	8789.80
1222	8857.58
1223	8929.48
1224	9007.71
1225	9094.02
1226	9189.14
1227	9293.22
1228	9406.25
1229	9528.24
1230	9659.18
1231	9799.25
1232	9949.35
1233	10111.53
1234	10288.34
1235	10482.42
1236	10696.38
1237	10932.84
1238	11194.00
1239	11480.68
1240	11792.31
1241	12127.84
1242	12486.18
1243	12866.26
1244	13267.13
1245	13689.04
1246	14135.03
1247	14610.10
1248	15119.71
1249	15669.34
1250	16264.40
1251	16908.90
1252	17600.05
1253	18323.78
1254	19060.84
1255	19791.22
1256	20494.85
1257	21151.90
1258	21745.58
1259	22269.12
1260	22726.22
1261	23123.95
1262	23469.63
1263	23770.61
1264	24033.68
1265	24261.81
1266	24449.35
1267	24585.06
1268	24656.51
1269	24651.22
1270	24556.80
1271	24363.42
1272	24071.92
1273	23698.58
1274	23265.96
1275	22797.46
1276	22316.46
1277	21846.08
1278	21406.52
1279	21009.80
1280	20660.99
1281	20363.32
1282	20119.86
1283	19933.72
1284	19808.13
1285	19747.15
1286	19756.24
1287	19841.59
1288	20009.50
1289	20266.25
1290	20617.91
1291	21067.35
1292	21607.12
1293	22219.30
1294	22882.65
1295	23575.67
1296	24276.86
1297	24964.76
1298	25618.06
1299	26215.90
1300	26737.59
1301	27162.50
1302	27470.02
1303	27639.77
1304	27655.03
1305	27511.93
1306	27220.96
1307	26797.46
1308	26257.23
1309	25616.10
1310	24890.09
1311	24096.54
1312	23255.54
1313	22388.88
1314	21518.62
1315	20666.86
1316	19855.47
1317	19102.86
1318	18415.30
1319	17785.38
1320	17201.00
1321	16649.67
1322	16118.88
1323	15596.65
1324	15074.23
1325	14549.53
1326	14024.25
1327	13500.83
1328	12981.75
1329	12469.49
1330	11966.90
1331	11477.99
1332	11007.95
1333	10562.37
1334	10146.84
1335	9766.98
1336	9427.87
1337	9131.85
1338	8876.25
1339	8655.84
1340	8464.94
1341	8297.87
1342	8148.99
1343	8013.18
1344	7886.85
1345	7767.71
1346	7653.87
1347	7543.44
1348	7434.55
1349	7325.65
1350	7216.54
1351	7109.10
1352	7006.04
1353	6910.23
1354	6824.52
1355	6751.65
1356	6693.77
1357	6651.46
1358	6624.31
1359	6611.65
1360	6612.81
1361	6627.06
1362	6652.93
1363	6686.25
1364	6719.97
1365	6746.03
1366	6756.29
1367	6742.63
1368	6697.76
1369	6618.47
1370	6508.82
1371	6376.34
1372	6229.16
1373	6075.41
1374	5923.08
1375	5778.82
1376	5645.92
1377	5525.15
1378	5416.67
1379	5320.60
1380	5237.05
1381	5165.74
1382	5105.07
1383	5051.96
1384	5002.80
1385	4953.92
1386	4901.71
1387	4843.20
1388	4778.80
1389	4714.63
1390	4659.49
1391	4622.59
1392	4613.16
1393	4639.91
1394	4707.79
1395	4812.86
1396	4945.20
1397	5093.56
1398	5246.61
1399	5393.20
1400	5523.95
1401	5635.04
1402	5728.04
1403	5806.11
1404	5872.53
1405	5930.60
1406	5983.93
1407	6037.33
1408	6097.21
1409	6170.65
1410	6264.78
1411	6386.72
1412	6543.00
1413	6737.08
1414	6966.77
1415	7227.03
1416	7512.37
1417	7817.26
1418	8136.79
1419	8470.37
1420	8827.49
1421	9224.42
1422	9678.88
1423	10208.67
1424	10831.42
1425	11562.95
1426	12413.85
1427	13390.18
1428	14496.76
1429	15738.28
1430	17119.06
1431	18637.46
1432	20271.23
1433	21975.08
1434	23695.98
1435	25380.21
1436	26974.20
1437	28427.73
1438	29704.81
1439	30789.19
1440	31672.54
1441	32347.52
1442	32806.92
1443	33045.66
1444	33069.44
1445	32902.19
1446	32576.48
1447	32126.21
1448	31585.32
1449	30986.74
1450	30357.44
1451	29712.52
1452	29060.45
1453	28408.48
1454	27763.77
1455	27132.89
1456	26518.04
1457	25911.56
1458	25299.36
1459	24665.97
1460	23995.91
1461	23274.36
1462	22492.33
1463	21655.66
1464	20781.11
1465	19888.11
1466	18996.22
1467	18124.57
1468	17288.30
1469	16491.29
1470	15728.17
1471	14991.12
1472	14272.14
1473	13563.50
1474	12860.32
1475	12166.14
1476	11492.14
1477	10851.72
1478	10258.40
1479	9725.42
1480	9262.54
1481	8868.49
1482	8531.35
1483	8235.97
1484	7966.95
1485	7709.07
1486	7449.51
1487	7183.24
1488	6913.18
1489	6644.73
1490	6383.48
1491	6134.98
1492	5903.86
1493	5691.64
1494	5496.69
1495	5316.33
1496	5147.80
1497	4988.37
1498	4835.78
1499	4689.31
1500	4549.82
1501	4418.71
1502	4297.40
1503	4187.32
1504	4089.53
1505	4004.02
1506	3929.65
1507	3864.93
1508	3808.34
1509	3758.35
1510	3713.28
1511	3670.94
1512	3628.66
1513	3583.62
1514	3532.98
1515	3474.03
1516	3405.01
1517	3327.26
1518	3244.86
1519	3162.74
1520	3085.88
1521	3019.10
1522	2966.03
1523	2926.78
1524	2898.52
1525	2877.63
1526	2860.43
1527	2843.35
1528	2823.64
1529	2800.70
1530	2775.53
1531	2749.56
1532	2724.20
1533	2700.82
1534	2680.19
1535	2661.76
1536	2644.11
1537	2625.60
1538	2604.58
1539	2579.53
1540	2549.49
1541	2514.74
1542	2476.23
1543	2435.09
1544	2392.40
1545	2349.34
1546	2307.36
1547	2268.38
1548	2234.59
1549	2208.18
1550	2191.37
1551	2185.90
1552	2191.71
1553	2206.04
1554	2225.02
1555	2244.66
1556	2260.99
1557	2270.68
1558	2272.66
1559	2268.55
1560	2260.86
1561	2252.20
1562	2245.13
1563	2241.52
1564	2241.30
1565	2242.56
1566	2242.88
1567	2239.81
1568	2231.04
1569	2215.45
1570	2194.75
1571	2172.66
1572	2153.33
1573	2140.97
1574	2139.30
1575	2149.68
1576	2168.78
1577	2190.86
1578	2209.69
1579	2219.11
1580	2213.98
1581	2193.61
1582	2163.63
1583	2132.27
1584	2108.06
1585	2099.41
1586	2112.88
1587	2148.93
1588	2201.77
1589	2263.65
1590	2326.68
1591	2383.17
1592	2427.18
1593	2457.21
1594	2474.90
1595	2482.65
1596	2482.89
1597	2478.10
1598	2470.94
1599	2464.45
1600	2461.81
1601	2466.27
1602	2481.01
1603	2508.47
1604	2548.27
1605	2596.55
1606	2648.21
1607	2698.02
1608	2740.97
1609	2774.23
1610	2800.91
1611	2828.87
1612	2867.22
1613	2925.12
1614	3010.97
1615	3128.84
1616	3274.66
1617	3440.09
1618	3616.05
1619	3793.55
1620	3965.53
1621	4132.27
1622	4302.83
1623	4489.40
1624	4704.51
1625	4960.22
1626	5264.90
1627	5617.42
1628	6009.65
1629	6431.76
1630	6873.90
1631	7327.53
1632	7790.59
1633	8271.68
1634	8784.24
1635	9342.45
1636	9960.50
1637	10652.42
1638	11431.59
1639	12310.85
1640	13302.84
1641	14420.18
1642	15675.04
1643	17076.85
1644	18629.55
1645	20333.98
1646	22190.41
1647	24198.54
1648	26349.59
1649	28604.46
1650	30888.83
1651	33116.23
1652	35199.03
1653	37050.40
1654	38589.55
1655	39749.29
1656	40471.08
1657	40698.22
1658	40375.01
1659	39460.50
1660	37971.11
1661	35995.88
1662	33650.86
1663	31054.99
1664	28325.72
1665	25569.04
1666	22863.86
1667	20271.19
1668	17847.98
1669	15650.55
1670	13727.15
1671	12094.81
1672	10730.95
1673	9598.29
1674	8657.93
1675	7871.61
1676	7205.88
1677	6638.17
1678	6152.82
1679	5735.68
1680	5372.73
1681	5051.11
1682	4762.03
1683	4501.51
1684	4267.19
1685	4056.90
1686	3868.45
1687	3699.55
1688	3547.75
1689	3410.48
1690	3285.17
1691	3169.28
1692	3060.74
1693	2959.00
1694	2864.97
1695	2779.98
1696	2705.41
1697	2642.42
1698	2591.10
1699	2549.75
1700	2515.87
1701	2486.85
1702	2460.19
1703	2434.39
1704	2410.60
1705	2391.88
1706	2381.80
1707	2383.88
1708	2400.93
1709	2433.00
1710	2476.81
1711	2527.85
1712	2581.51
1713	2633.58
1714	2681.90
1715	2728.36
1716	2776.98
1717	2832.13
1718	2898.15
1719	2978.91
1720	3076.87
1721	3193.39
1722	3329.53
1723	3486.32
1724	3664.57
1725	3864.28
1726	4084.40
1727	4323.52
1728	4580.21
1729	4853.16
1730	5141.97
1731	5447.81
1732	5772.68
1733	6118.68
1734	6487.56
1735	6877.92
1736	7280.49
1737	7680.21
1738	8060.67
1739	8405.51
1740	8700.11
1741	8935.64
1742	9109.28
1743	9220.16
1744	9267.55
1745	9250.92
1746	9170.42
1747	9027.26
1748	8823.07
1749	8559.54
1750	8238.89
1751	7866.26
1752	7452.44
1753	7011.33
1754	6557.36
1755	6104.67
1756	5664.95
1757	5243.78
1758	4842.42
1759	4461.09
1760	4100.01
1761	3759.95
1762	3443.36
1763	3154.25
1764	2897.06
1765	2676.21
1766	2494.67
1767	2350.15
1768	2234.12
1769	2135.85
1770	2044.45
1771	1950.42
1772	1850.51
1773	1750.67
1774	1660.74
1775	1591.04
1776	1550.64
1777	1542.14
1778	1556.44
1779	1578.64
1780	1592.91
1781	1584.56
1782	1546.22
1783	1485.91
1784	1420.69
1785	1369.34
1786	1349.77
1787	1372.57
1788	1430.86
1789	1505.92
1790	1576.33
1791	1621.26
1792	1625.99
1793	1592.18
1794	1534.08
1795	1469.17
1796	1414.71
1797	1383.75
1798	1377.28
1799	1385.81
1800	1396.97
1801	1398.46
1802	1381.12
1803	1345.47
1804	1301.20
1805	1260.74
1806	1236.45
1807	1237.70
1808	1264.02
1809	1305.01
1810	1347.15
1811	1376.93
1812	1383.63
1813	1366.20
1814	1333.72
1815	1298.57
1816	1273.21
1817	1267.56
1818	1282.77
1819	1310.50
1820	1339.35
1821	1357.77
1822	1356.61
1823	1334.91
1824	1300.49
1825	1264.08
1826	1236.49
1827	1226.42
1828	1235.42
1829	1257.55
1830	1284.41
1831	1307.51
1832	1319.60
1833	1317.51
1834	1302.18
1835	1275.84
1836	1240.83
1837	1199.85
1838	1156.73
1839	1116.29
1840	1083.66
1841	1063.79
1842	1059.55
1843	1067.80
1844	1080.25
1845	1087.24
1846	1079.43
1847	1051.38
1848	1007.93
1849	961.76
1850	927.54
1851	919.24
1852	945.08
1853	999.54
1854	1067.93
1855	1133.53
1856	1180.48
1857	1199.10
1858	1192.53
1859	1171.30
1860	1147.32
1861	1131.63
1862	1130.29
1863	1140.49
1864	1155.12
1865	1166.39
1866	1167.35
1867	1154.87
1868	1131.35
1869	1101.51
1870	1070.33
1871	1042.38
1872	1020.68
1873	1006.43
1874	1000.22
1875	1002.49
1876	1012.95
1877	1029.10
1878	1046.40
1879	1059.75
1880	1064.31
1881	1057.44
1882	1041.95
1883	1024.41
1884	1012.26
1885	1012.37
1886	1028.20
1887	1056.75
1888	1091.56
1889	1125.64
1890	1152.66
1891	1169.34
1892	1176.72
1893	1177.60
1894	1174.95
1895	1171.49
1896	1169.01
1897	1168.42
1898	1170.31
1899	1175.20
1900	1183.17
1901	1193.24
1902	1203.66
1903	1212.50
1904	1217.92
1905	1218.46
1906	1213.39
1907	1202.31
1908	1184.93
1909	1161.34
1910	1133.11
1911	1103.55
1912	1076.63
1913	1056.21
1914	1045.00
1915	1042.45
1916	1045.52
1917	1050.52
1918	1054.08
1919	1054.77
1920	1054.78
1921	1058.11
1922	1069.02
1923	1090.39
1924	1120.12
1925	1150.29
1926	1170.94
1927	1172.46
1928	1149.42
1929	1106.91
1930	1057.51
1931	1015.50
1932	993.84
1933	998.77
1934	1025.91
1935	1066.09
1936	1109.61
1937	1147.84
1938	1175.70
1939	1191.37
1940	1193.98
1941	1183.17
1942	1160.87
1943	1133.58
1944	1110.20
1945	1099.94
1946	1109.73
1947	1138.51
1948	1176.41
1949	1210.58
1950	1228.65
1951	1223.00
1952	1196.38
1953	1157.81
1954	1117.58
1955	1084.92
1956	1065.10
1957	1058.56
1958	1064.02
1959	1079.83
1960	1103.14
1961	1128.34
1962	1148.11
1963	1154.89
1964	1143.27
1965	1115.89
1966	1085.01
1967	1066.32
1968	1074.58
1969	1116.47
1970	1181.14
1971	1247.22
1972	1291.49
1973	1295.03
1974	1254.07
1975	1181.39
1976	1095.21
1977	1013.57
1978	950.50
1979	912.41
1980	901.63
1981	919.54
1982	964.77
1983	1027.78
1984	1091.66
1985	1137.47
1986	1148.61
1987	1119.90
1988	1063.78
1989	1000.33
1990	949.95
1991	927.11
1992	931.89
1993	954.38
1994	982.51
1995	1005.93
1996	1020.86
1997	1030.87
1998	1042.00
1999	1059.73
2000	1085.13
2001	1111.52
2002	1128.41
2003	1125.21
2004	1095.90
2005	1046.39
2006	991.44
2007	947.87
2008	929.74
2009	940.96
2010	973.81
2011	1016.64
2012	1058.20
2013	1091.41
2014	1116.12
2015	1135.49
2016	1153.05
2017	1171.35
2018	1190.61
2019	1209.49
2020	1226.29
2021	1239.10
2022	1245.37
2023	1241.99
2024	1225.72
2025	1194.59
2026	1151.66
2027	1106.65
2028	1071.77
2029	1058.15
2030	1069.61
2031	1096.97
2032	1124.66
2033	1136.99
2034	1124.70
2035	1093.40
2036	1058.23
2037	1035.88
2038	1038.16
2039	1062.86
2040	1096.04
2041	1120.89
2042	1123.96
2043	1103.96
2044	1072.55
2045	1045.46
2046	1036.43
2047	1049.75
2048	1077.10
2049	1105.36
2050	1121.97
2051	1119.72
2052	1099.99
2053	1068.06
2054	1029.75
2055	990.68
2056	956.06
2057	930.85
2058	919.51
2059	923.40
2060	937.16
2061	951.38
2062	956.38
2063	946.57
2064	926.40
2065	907.14
2066	901.23
2067	917.48
2068	955.12
2069	1005.99
2070	1060.25
2071	1109.49
2072	1149.57
2073	1179.90
2074	1200.88
2075	1213.13
2076	1217.85
2077	1216.76
2078	1211.64
2079	1203.86
2080	1193.43
2081	1179.10
2082	1159.36
2083	1133.50
2084	1103.52
2085	1073.90
2086	1049.81
2087	1035.71
2088	1033.72
2089	1043.75
2090	1064.98
2091	1095.63
2092	1131.10
2093	1164.26
2094	1187.37
2095	1194.29
2096	1183.50
2097	1157.54
2098	1120.19
2099	1076.34
2100	1033.75
2101	1002.47
2102	992.59
2103	1009.49
2104	1046.48
2105	1087.99
2106	1117.07
2107	1122.63
2108	1107.49
2109	1083.55
2110	1063.95
2111	1056.89
2112	1060.15
2113	1065.54
2114	1064.59
2115	1053.55
2116	1037.26
2117	1024.78
2118	1024.66
2119	1039.80
2120	1064.62
2121	1089.98
2122	1107.56
2123	1114.18
2124	1112.98
2125	1109.28
2126	1107.14
2127	1105.88
2128	1100.18
2129	1083.80
2130	1055.07
2131	1024.61
2132	1012.35
2133	1038.57
2134	1110.84
2135	1209.56
2136	1299.40
2137	1345.70
2138	1332.05
2139	1271.70
2140	1191.16
2141	1116.02
2142	1061.42
2143	1030.05
2144	1020.20
2145	1029.25
2146	1053.28
2147	1087.30
2148	1125.95
2149	1163.27
2150	1192.09
2151	1204.64
2152	1194.67
2153	1163.46
2154	1123.45
2155	1091.41
2156	1080.32
2157	1089.03
2158	1102.35
2159	1101.99
2160	1077.66
2161	1038.39
2162	1005.47
2163	999.68
2164	1027.02
2165	1070.69
2166	1104.65
2167	1108.05
2168	1080.49
2169	1041.09
2170	1013.35
2171	1012.00
2172	1032.30
2173	1058.21
2174	1073.06
2175	1066.40
2176	1036.04
2177	983.38
2178	914.36
2179	845.85
2180	802.71
2181	807.81
2182	865.11
2183	948.25
2184	1018.24
2185	1044.08
2186	1024.05
2187	982.46
2188	948.76
2189	940.69
2190	954.22
2191	974.75
2192	989.20
2193	994.87
2194	999.05
2195	1010.67
2196	1031.23
2197	1048.12
2198	1041.99
2199	998.54
2200	922.77
2201	838.12
2202	771.52
2203	739.70
2204	740.82
2205	764.04
2206	797.82
2207	832.87
2208	861.91
2209	879.15
2210	883.14
2211	878.99
2212	874.28
2213	874.19
2214	876.88
2215	875.62
2216	864.31
2217	843.64
2218	822.52
2219	812.02
2220	818.55
2221	838.69
2222	863.75
2223	885.17
2224	897.57
2225	898.47
2226	887.25
2227	867.88
2228	850.61
2229	847.48
2230	866.11
2231	904.17
2232	953.45
2233	1004.08
2234	1044.60
2235	1062.37
2236	1047.35
2237	1001.44
2238	942.11
2239	891.26
2240	862.68
2241	853.79
2242	853.91
2243	854.43
2244	855.59
2245	863.87
2246	883.59
2247	907.28
2248	915.74
2249	890.83
2250	833.92
2251	773.33
2252	744.00
2253	760.82
2254	800.32
2255	822.20
2256	799.29
2257	741.03
2258	679.38
2259	643.99
2260	644.70
2261	675.18
2262	723.17
2263	770.79
2264	795.11
2265	777.90
2266	724.65
2267	669.46
2268	650.13
2269	676.79
2270	718.46
2271	732.68
2272	701.98
2273	653.96
2274	633.41
2275	667.10
2276	742.23
2277	826.67
2278	892.80
2279	929.44
2280	935.14
2281	912.11
2282	866.64
2283	807.81
2284	747.50
2285	702.85
2286	692.79
2287	723.98
2288	772.25
2289	794.71
2290	761.67
2291	686.62
2292	611.59
2293	574.64
2294	587.96
2295	645.06
2296	729.23
2297	809.47
2298	848.30
2299	827.35
2300	775.74
2301	748.54
2302	779.96
2303	846.73
2304	895.36
2305	888.16
2306	831.32
2307	754.26
2308	688.04
2309	658.72
2310	683.57
2311	750.01
2312	801.24
2313	776.43
2314	673.11
2315	566.61
2316	540.24
2317	604.67
2318	690.64
2319	724.25
2320	694.59
2321	646.39
2322	626.74
2323	650.32
2324	707.82
2325	780.57
2326	842.11
2327	866.68
2328	850.37
2329	823.21
2330	820.73
2331	846.78
2332	868.08
2333	850.80
2334	795.03
2335	728.53
2336	677.60
2337	649.40
2338	639.78
2339	643.66
2340	657.78
2341	678.56
2342	698.39
2343	706.36
2344	697.78
2345	685.98
2346	693.40
2347	728.48
2348	772.16
2349	797.07
2350	789.32
2351	751.75
2352	696.15
2353	643.19
2354	616.26
2355	626.92
2356	667.26
2357	719.50
2358	759.85
2359	764.05
2360	729.27
2361	694.34
2362	705.58
2363	762.64
2364	814.65
2365	821.66
2366	804.57
2367	811.28
2368	855.17
2369	899.89
2370	902.52
2371	846.69
2372	742.18
2373	633.42
2374	596.55
2375	670.03
2376	777.54
2377	798.40
2378	709.73
2379	614.61
2380	609.69
2381	684.60
2382	773.49
2383	828.42
2384	833.45
2385	789.91
2386	713.33
2387	628.53
2388	568.90
2389	566.78
2390	626.45
2391	714.11
2392	789.33
2393	828.41
2394	826.83
2395	808.60
2396	811.97
2397	838.43
2398	835.57
2399	775.26
2400	724.24
2401	759.41
2402	831.93
2403	814.89
2404	698.83
2405	633.15
2406	710.00
2407	822.77
2408	833.01
2409	747.71
2410	653.45
2411	584.82
2412	526.32
2413	499.00
2414	566.74
2415	722.50
2416	836.81
2417	812.35
2418	710.19
2419	634.04
2420	599.83
2421	576.49
2422	567.62
2423	597.14
2424	647.17
2425	668.39
2426	649.88
2427	626.63
2428	621.08
2429	627.07
2430	650.22
2431	715.65
2432	808.98
2433	855.17
2434	807.52
2435	703.30
2436	612.58
2437	594.46
2438	662.86
2439	766.72
2440	836.59
2441	826.45
2442	745.86
2443	667.74
2444	646.10
2445	666.08
2446	682.78
2447	661.01
2448	620.52
2449	628.46
2450	684.33
