150	3474.23
151	3461.75
152	3452.55
153	3452.80
154	3462.75
155	3481.35
156	3507.14
157	3538.61
158	3574.27
159	3612.61
160	3652.14
161	3691.37
162	3728.93
163	3763.91
164	3796.02
165	3825.15
166	3851.21
167	3874.14
168	3893.86
169	3910.28
170	3923.34
171	3933.02
172	3939.60
173	3943.66
174	3945.93
175	3947.11
176	3947.95
177	3949.17
178	3951.50
179	3955.66
180	3962.34
181	3972.07
182	3985.21
183	4002.02
184	4022.78
185	4047.77
186	4077.25
187	4111.50
188	4150.78
189	4195.19
190	4244.25
191	4296.79
192	4351.40
193	4406.61
194	4460.99
195	4513.09
196	4561.46
197	4604.68
198	4641.47
199	4671.23
200	4694.02
201	4710.16
202	4720.00
203	4723.87
204	4722.12
205	4715.09
206	4703.14
207	4686.71
208	4666.63
209	4644.07
210	4620.34
211	4596.76
212	4574.64
213	4555.29
214	4540.03
215	4530.14
216	4526.63
217	4529.69
218	4538.68
219	4552.74
220	4571.00
221	4592.58
222	4616.59
223	4642.17
224	4668.43
225	4694.59
226	4720.01
227	4744.25
228	4766.88
229	4787.50
230	4805.68
231	4821.01
232	4833.09
233	4841.53
234	4846.29
235	4848.12
236	4848.35
237	4848.47
238	4849.94
239	4854.25
240	4862.88
241	4877.31
242	4898.87
243	4928.00
244	4963.20
245	5001.75
246	5040.69
247	5077.06
248	5107.88
249	5130.19
250	5141.04
251	5137.79
252	5119.60
253	5088.94
254	5049.96
255	5007.12
256	4964.87
257	4927.67
258	4899.98
259	4886.23
260	4890.26
261	4913.27
262	4952.44
263	5003.24
264	5060.90
265	5120.66
266	5177.73
267	5227.36
268	5264.80
269	5286.15
270	5290.43
271	5280.22
272	5259.36
273	5231.82
274	5201.56
275	5172.56
276	5148.78
277	5134.12
278	5131.68
279	5142.07
280	5163.68
281	5194.19
282	5231.26
283	5272.54
284	5315.67
285	5358.32
286	5398.17
287	5433.29
288	5462.60
289	5485.64
290	5502.10
291	5511.67
292	5514.04
293	5508.90
294	5495.95
295	5474.99
296	5446.40
297	5411.67
298	5372.87
299	5332.16
300	5291.73
301	5253.75
302	5220.39
303	5193.81
304	5175.90
305	5167.32
306	5167.07
307	5173.46
308	5184.76
309	5199.18
310	5214.98
311	5230.39
312	5243.67
313	5253.38
314	5259.00
315	5260.92
316	5259.82
317	5256.40
318	5251.35
319	5245.37
320	5239.15
321	5233.38
322	5228.63
323	5225.15
324	5223.05
325	5222.34
326	5223.08
327	5225.28
328	5228.99
329	5234.24
330	5241.03
331	5249.17
332	5258.15
333	5267.33
334	5276.04
335	5283.60
336	5289.34
337	5292.59
338	5292.69
339	5289.13
340	5282.02
341	5272.11
342	5260.38
343	5247.86
344	5235.54
345	5224.44
346	5215.58
347	5209.90
348	5208.04
349	5209.76
350	5214.14
351	5220.15
352	5226.72
353	5232.81
354	5237.34
355	5239.28
356	5237.68
357	5232.25
358	5223.77
359	5213.53
360	5202.92
361	5193.29
362	5186.05
363	5182.56
364	5184.19
365	5191.94
366	5205.70
367	5224.14
368	5245.54
369	5268.13
370	5290.14
371	5309.82
372	5325.39
373	5335.18
374	5338.04
375	5334.09
376	5324.25
377	5309.62
378	5291.31
379	5270.43
380	5248.09
381	5225.40
382	5203.43
383	5183.18
384	5165.46
385	5151.06
386	5140.73
387	5135.23
388	5135.34
389	5141.81
390	5155.36
391	5176.42
392	5204.49
393	5238.39
394	5276.70
395	5318.01
396	5360.91
397	5404.00
398	5445.85
399	5485.09
400	5520.50
401	5551.14
402	5576.21
403	5594.93
404	5606.51
405	5610.18
406	5605.15
407	5590.68
408	5566.45
409	5533.51
410	5494.15
411	5451.10
412	5407.09
413	5364.86
414	5327.14
415	5296.67
416	5275.98
417	5266.54
418	5267.80
419	5278.12
420	5295.66
421	5318.60
422	5345.09
423	5373.30
424	5401.42
425	5427.84
426	5451.73
427	5472.97
428	5491.71
429	5508.11
430	5522.33
431	5534.52
432	5544.86
433	5553.48
434	5560.48
435	5565.85
436	5569.52
437	5571.39
438	5571.39
439	5569.44
440	5565.43
441	5559.32
442	5551.15
443	5541.42
444	5531.05
445	5521.10
446	5512.65
447	5506.76
448	5504.49
449	5506.92
450	5514.99
451	5529.01
452	5548.17
453	5571.06
454	5596.20
455	5622.07
456	5647.19
457	5670.04
458	5689.17
459	5703.40
460	5712.40
461	5716.65
462	5716.81
463	5713.57
464	5707.61
465	5699.64
466	5690.33
467	5680.38
468	5670.42
469	5661.10
470	5652.99
471	5646.71
472	5642.84
473	5641.99
474	5644.75
475	5651.69
476	5663.13
477	5678.78
478	5697.92
479	5719.71
480	5743.32
481	5767.90
482	5792.62
483	5816.63
484	5839.15
485	5859.55
486	5877.41
487	5892.38
488	5904.12
489	5912.29
490	5916.55
491	5916.57
492	5912.05
493	5903.08
494	5890.41
495	5875.15
496	5858.52
497	5841.69
498	5825.88
499	5812.28
500	5802.05
501	5796.14
502	5794.75
503	5797.46
504	5803.70
505	5812.87
506	5824.37
507	5837.61
508	5852.00
509	5866.95
510	5881.86
511	5896.18
512	5909.33
513	5920.77
514	5929.93
515	5936.24
516	5939.15
517	5938.14
518	5932.98
519	5923.99
520	5911.84
521	5897.22
522	5880.88
523	5863.52
524	5845.86
525	5828.63
526	5812.44
527	5797.70
528	5784.60
529	5773.31
530	5763.96
531	5756.70
532	5751.67
533	5749.02
534	5748.71
535	5750.15
536	5752.01
537	5752.67
538	5750.50
539	5743.84
540	5731.07
541	5710.55
542	5680.83
543	5641.48
544	5593.90
545	5540.38
546	5483.35
547	5425.27
548	5368.58
549	5315.74
550	5269.12
551	5230.64
552	5201.12
553	5180.56
554	5168.85
555	5165.80
556	5171.29
557	5185.14
558	5207.18
559	5236.93
560	5272.97
561	5313.01
562	5354.50
563	5394.85
564	5431.51
565	5461.89
566	5483.44
567	5494.16
568	5494.07
569	5485.78
570	5472.89
571	5459.11
572	5448.14
573	5443.69
574	5449.44
575	5468.74
576	5503.15
577	5551.26
578	5610.33
579	5677.37
580	5749.39
581	5823.41
582	5896.44
583	5965.62
584	6028.69
585	6084.78
586	6133.78
587	6175.75
588	6210.75
589	6238.86
590	6260.14
591	6274.68
592	6282.88
593	6285.85
594	6285.26
595	6282.88
596	6280.52
597	6279.95
598	6282.98
599	6291.32
600	6306.11
601	6326.59
602	6350.36
603	6374.54
604	6396.21
605	6412.46
606	6420.36
607	6417.05
608	6400.24
609	6369.67
610	6327.30
611	6275.82
612	6217.96
613	6156.49
614	6094.16
615	6033.69
616	5977.50
617	5926.78
618	5881.11
619	5839.49
620	5800.85
621	5764.12
622	5728.23
623	5692.11
624	5654.86
625	5616.21
626	5576.87
627	5537.97
628	5500.67
629	5466.15
630	5435.59
631	5410.15
632	5390.85
633	5377.99
634	5370.65
635	5367.36
636	5366.58
637	5366.75
638	5366.30
639	5363.70
640	5357.52
641	5347.04
642	5332.81
643	5316.04
644	5298.01
645	5280.03
646	5263.41
647	5249.45
648	5239.34
649	5233.73
650	5232.13
651	5233.49
652	5236.61
653	5240.32
654	5243.43
655	5244.78
656	5243.26
657	5238.29
658	5230.32
659	5220.42
660	5209.72
661	5199.39
662	5190.59
663	5184.49
664	5182.18
665	5184.38
666	5190.99
667	5201.47
668	5215.17
669	5231.44
670	5249.64
671	5269.12
672	5289.29
673	5309.94
674	5331.64
675	5355.42
676	5382.41
677	5413.74
678	5450.52
679	5493.89
680	5544.86
681	5603.76
682	5669.55
683	5740.33
684	5814.09
685	5888.80
686	5962.41
687	6032.89
688	6098.38
689	6158.02
690	6212.90
691	6265.27
692	6317.55
693	6372.20
694	6431.65
695	6498.35
696	6574.55
697	6661.50
698	6758.51
699	6863.90
700	6975.76
701	7092.21
702	7211.36
703	7331.32
704	7450.29
705	7567.01
706	7681.08
707	7792.57
708	7901.63
709	8008.39
710	8113.00
711	8215.58
712	8316.22
713	8414.63
714	8510.03
715	8601.36
716	8687.56
717	8767.53
718	8840.20
719	8904.50
720	8959.46
721	9004.56
722	9039.97
723	9066.08
724	9083.34
725	9092.20
726	9093.10
727	9086.48
728	9072.75
729	9052.16
730	9024.81
731	8990.70
732	8949.84
733	8902.26
734	8847.97
735	8786.98
736	8719.61
737	8646.99
738	8571.17
739	8494.46
740	8419.21
741	8347.77
742	8282.47
743	8225.61
744	8179.14
745	8143.89
746	8119.79
747	8106.55
748	8103.81
749	8111.26
750	8128.55
751	8155.31
752	8190.87
753	8233.79
754	8282.16
755	8333.92
756	8387.03
757	8439.43
758	8489.08
759	8534.00
760	8572.57
761	8603.93
762	8627.62
763	8643.24
764	8650.42
765	8648.78
766	8637.93
767	8617.70
768	8588.81
769	8553.38
770	8514.14
771	8473.89
772	8435.47
773	8401.68
774	8375.31
775	8358.69
776	8352.47
777	8355.34
778	8365.31
779	8380.31
780	8398.28
781	8417.16
782	8434.98
783	8450.72
784	8466.07
785	8485.10
786	8512.49
787	8553.00
788	8611.37
789	8692.33
790	8800.28
791	8937.34
792	9100.60
793	9283.95
794	9480.65
795	9683.90
796	9886.93
797	10082.98
798	10266.03
799	10433.57
800	10588.83
801	10737.62
802	10886.16
803	11040.67
804	11207.38
805	11392.46
806	11601.06
807	11834.86
808	12091.57
809	12367.59
810	12659.16
811	12962.54
812	13273.99
813	13589.90
814	13907.86
815	14228.59
816	14555.16
817	14891.25
818	15240.57
819	15606.82
820	15993.70
821	16404.50
822	16840.37
823	17298.52
824	17774.13
825	18262.05
826	18757.10
827	19254.11
828	19747.94
829	20233.85
830	20708.70
831	21171.20
832	21620.78
833	22056.88
834	22479.01
835	22886.62
836	23279.10
837	23654.90
838	24010.15
839	24339.20
840	24635.95
841	24894.28
842	25108.06
843	25271.23
844	25378.67
845	25430.15
846	25433.96
847	25402.44
848	25348.61
849	25285.51
850	25226.14
851	25183.41
852	25168.08
853	25183.99
854	25227.66
855	25293.24
856	25374.69
857	25465.93
858	25560.95
859	25653.94
860	25740.87
861	25821.55
862	25898.19
863	25973.53
864	26050.30
865	26131.24
866	26219.05
867	26315.37
868	26417.63
869	26517.73
870	26605.37
871	26670.00
872	26701.07
873	26688.05
874	26620.88
875	26493.56
876	26310.58
877	26084.30
878	25829.00
879	25559.10
880	25289.01
881	25033.05
882	24804.02
883	24607.65
884	24438.83
885	24287.75
886	24143.90
887	23996.80
888	23835.96
889	23651.24
890	23436.06
891	23193.83
892	22936.16
893	22676.91
894	22430.09
895	22209.69
896	22029.63
897	21902.34
898	21832.96
899	21814.83
900	21835.90
901	21883.33
902	21944.25
903	22005.79
904	22055.34
905	22082.95
906	22086.16
907	22068.76
908	22036.29
909	21994.37
910	21948.63
911	21904.67
912	21867.30
913	21837.75
914	21811.53
915	21781.64
916	21740.72
917	21681.39
918	21596.29
919	21478.39
920	21323.78
921	21136.80
922	20928.24
923	20710.52
924	20496.17
925	20297.71
926	20127.59
927	19996.70
928	19909.50
929	19861.41
930	19844.18
931	19849.13
932	19867.55
933	19890.76
934	19910.35
935	19920.01
936	19918.38
937	19907.36
938	19889.56
939	19867.62
940	19844.21
941	19821.92
942	19802.82
943	19786.96
944	19772.14
945	19755.39
946	19733.66
947	19703.92
948	19663.11
949	19608.78
950	19541.44
951	19467.32
952	19395.59
953	19335.93
954	19298.04
955	19291.64
956	19326.08
957	19407.33
958	19531.85
959	19688.08
960	19862.30
961	20040.65
962	20209.26
963	20354.34
964	20463.38
965	20529.12
966	20551.42
967	20532.88
968	20476.47
969	20385.14
970	20261.86
971	20109.42
972	19929.56
973	19721.92
974	19484.87
975	19216.58
976	18915.20
977	18578.85
978	18205.90
979	17796.77
980	17357.94
981	16901.17
982	16439.73
983	15986.96
984	15556.22
985	15160.79
986	14812.64
987	14518.47
988	14278.11
989	14088.71
990	13947.13
991	13850.21
992	13794.81
993	13777.69
994	13795.18
995	13842.76
996	13915.50
997	14008.36
998	14116.32
999	14234.34
1000	14357.50
1001	14481.50
1002	14603.80
1003	14723.16
1004	14838.62
1005	14949.27
1006	15054.19
1007	15152.50
1008	15243.88
1009	15329.88
1010	15414.00
1011	15500.36
1012	15593.17
1013	15696.59
1014	15814.78
1015	15950.96
1016	16104.47
1017	16269.03
1018	16436.08
1019	16596.73
1020	16742.10
1021	16863.33
1022	16952.32
1023	17005.17
1024	17026.03
1025	17023.26
1026	17006.00
1027	16983.38
1028	16964.56
1029	16958.32
1030	16970.78
1031	17001.61
1032	17046.14
1033	17098.66
1034	17153.43
1035	17204.71
1036	17246.90
1037	17275.73
1038	17290.91
1039	17295.58
1040	17293.86
1041	17289.96
1042	17288.05
1043	17292.31
1044	17306.79
1045	17334.97
1046	17379.82
1047	17444.08
1048	17530.49
1049	17641.77
1050	17780.67
1051	17949.83
1052	18151.68
1053	18388.24
1054	18661.44
1055	18973.13
1056	19325.23
1057	19719.56
1058	20156.86
1059	20632.49
1060	21133.25
1061	21641.96
1062	22140.88
1063	22612.27
1064	23038.42
1065	23403.08
1066	23698.13
1067	23930.75
1068	24116.07
1069	24270.63
1070	24411.03
1071	24553.84
1072	24714.58
1073	24902.10
1074	25111.10
1075	25327.86
1076	25536.98
1077	25722.98
1078	25870.41
1079	25964.38
1080	25994.03
1081	25958.05
1082	25861.44
1083	25710.59
1084	25511.96
1085	25272.02
1086	24997.00
1087	24691.37
1088	24355.04
1089	23984.65
1090	23576.04
1091	23125.03
1092	22627.40
1093	22079.41
1094	21481.09
1095	20842.64
1096	20182.17
1097	19519.85
1098	18875.96
1099	18270.75
1100	17723.99
1101	17250.73
1102	16852.84
1103	16521.41
1104	16244.65
1105	16010.62
1106	15807.33
1107	15623.04
1108	15447.89
1109	15277.50
1110	15112.11
1111	14953.21
1112	14802.33
1113	14661.07
1114	14530.81
1115	14411.44
1116	14298.49
1117	14183.81
1118	14058.25
1119	13912.57
1120	13737.56
1121	13524.30
1122	13266.80
1123	12967.22
1124	12634.57
1125	12279.70
1126	11913.55
1127	11547.09
1128	11191.04
1129	10854.13
1130	10539.62
1131	10246.40
1132	9972.18
1133	9714.65
1134	9471.46
1135	9240.41
1136	9020.33
1137	8812.79
1138	8621.37
1139	8450.20
1140	8303.41
1141	8185.12
1142	8099.15
1143	8046.91
1144	8023.96
1145	8021.80
1146	8030.99
1147	8042.05
1148	8045.52
1149	8032.42
1150	7997.18
1151	7941.75
1152	7872.82
1153	7798.04
1154	7725.12
1155	7661.77
1156	7615.11
1157	7589.04
1158	7580.95
1159	7584.65
1160	7593.24
1161	7599.84
1162	7597.58
1163	7580.24
1164	7545.13
1165	7495.58
1166	7437.87
1167	7378.71
1168	7324.88
1169	7283.08
1170	7259.24
1171	7255.79
1172	7270.05
1173	7297.17
1174	7332.03
1175	7369.50
1176	7404.50
1177	7432.64
1178	7452.23
1179	7464.79
1180	7473.03
1181	7479.76
1182	7487.79
1183	7499.89
1184	7518.19
1185	7542.79
1186	7571.83
1187	7602.85
1188	7633.34
1189	7660.81
1190	7682.85
1191	7697.83
1192	7706.24
1193	7710.16
1194	7712.05
1195	7714.43
1196	7719.78
1197	7730.44
1198	7747.69
1199	7770.61
1200	7796.94
1201	7824.18
1202	7849.80
1203	7871.32
1204	7886.60
1205	7895.39
1206	7900.47
1207	7906.02
1208	7916.43
1209	7936.10
1210	7969.35
1211	8019.58
1212	8086.53
1213	8165.64
1214	8250.74
1215	8335.52
1216	8413.66
1217	8479.06
1218	8527.66
1219	8561.44
1220	8587.57
1221	8614.70
1222	8651.57
1223	8706.89
1224	8788.87
1225	8902.29
1226	9044.38
1227	9207.79
1228	9384.15
1229	9565.11
1230	9742.33
1231	9908.58
1232	10061.72
1233	10207.57
1234	10355.44
1235	10515.14
1236	10696.51
1237	10909.24
1238	11161.38
1239	11455.46
1240	11788.14
1241	12154.24
1242	12548.38
1243	12965.22
1244	13399.64
1245	13848.57
1246	14313.80
1247	14800.50
1248	15314.61
1249	15862.14
1250	16449.02
1251	17079.88
1252	17752.99
1253	18456.15
1254	19172.32
1255	19883.73
1256	20572.61
1257	21221.32
1258	21814.55
1259	22344.65
1260	22811.96
1261	23219.34
1262	23569.92
1263	23866.79
1264	24112.83
1265	24309.28
1266	24453.73
1267	24541.40
1268	24566.97
1269	24525.14
1270	24410.66
1271	24219.84
1272	23955.70
1273	23630.88
1274	23261.93
1275	22865.94
1276	22459.97
1277	22060.89
1278	21683.39
1279	21335.95
1280	21021.86
1281	20742.97
1282	20501.08
1283	20297.96
1284	20136.00
1285	20020.57
1286	19962.42
1287	19974.98
1288	20072.13
1289	20267.74
1290	20575.31
1291	21003.64
1292	21546.12
1293	22180.50
1294	22879.63
1295	23615.96
1296	24361.93
1297	25090.28
1298	25775.44
1299	26395.33
1300	26929.82
1301	27359.18
1302	27663.66
1303	27823.79
1304	27823.73
1305	27660.35
1306	27344.82
1307	26893.10
1308	26321.61
1309	25646.79
1310	24885.38
1311	24055.85
1312	23180.42
1313	22283.56
1314	21390.14
1315	20525.08
1316	19712.96
1317	18973.85
1318	18311.79
1319	17712.75
1320	17156.61
1321	16622.62
1322	16090.12
1323	15539.66
1324	14959.60
1325	14354.29
1326	13737.21
1327	13123.63
1328	12528.88
1329	11968.09
1330	11454.06
1331	10991.78
1332	10578.15
1333	10207.47
1334	9873.85
1335	9571.38
1336	9294.44
1337	9038.97
1338	8803.72
1339	8588.89
1340	8394.92
1341	8222.26
1342	8071.30
1343	7941.65
1344	7830.73
1345	7734.04
1346	7646.52
1347	7563.11
1348	7478.74
1349	7388.99
1350	7292.18
1351	7190.75
1352	7088.88
1353	6990.99
1354	6901.50
1355	6824.65
1356	6763.49
1357	6718.08
1358	6686.56
1359	6666.58
1360	6655.80
1361	6651.85
1362	6652.20
1363	6653.76
1364	6652.78
1365	6645.32
1366	6627.41
1367	6595.11
1368	6544.81
1369	6474.75
1370	6386.36
1371	6282.63
1372	6166.80
1373	6042.11
1374	5911.81
1375	5779.04
1376	5646.70
1377	5517.50
1378	5394.11
1379	5279.21
1380	5175.42
1381	5084.90
1382	5008.10
1383	4943.53
1384	4889.05
1385	4842.42
1386	4801.46
1387	4764.30
1388	4730.86
1389	4704.05
1390	4688.18
1391	4687.78
1392	4707.39
1393	4751.23
1394	4821.26
1395	4914.06
1396	5022.60
1397	5139.04
1398	5255.52
1399	5364.30
1400	5459.15
1401	5538.62
1402	5605.81
1403	5665.22
1404	5721.44
1405	5779.04
1406	5842.39
1407	5914.91
1408	5998.83
1409	6095.87
1410	6207.70
1411	6336.00
1412	6482.55
1413	6649.62
1414	6840.40
1415	7058.56
1416	7307.85
1417	7592.01
1418	7914.89
1419	8280.96
1420	8696.21
1421	9167.63
1422	9702.41
1423	10307.79
1424	10991.03
1425	11759.92
1426	12623.76
1427	13593.17
1428	14679.13
1429	15892.62
1430	17244.17
1431	18737.63
1432	20353.49
1433	22046.24
1434	23761.61
1435	25444.52
1436	27040.07
1437	28496.93
1438	29778.75
1439	30870.03
1440	31763.68
1441	32453.61
1442	32933.87
1443	33200.22
1444	33257.16
1445	33123.98
1446	32826.96
1447	32393.49
1448	31850.95
1449	31226.45
1450	30545.26
1451	29828.96
1452	29097.11
1453	28368.88
1454	27663.40
1455	26998.48
1456	26383.02
1457	25805.40
1458	25240.74
1459	24661.33
1460	24039.35
1461	23348.06
1462	22569.96
1463	21710.99
1464	20794.37
1465	19847.57
1466	18898.23
1467	17973.48
1468	17095.22
1469	16270.83
1470	15495.71
1471	14762.03
1472	14061.79
1473	13387.14
1474	12732.01
1475	12095.67
1476	11482.21
1477	10897.11
1478	10345.94
1479	9834.16
1480	9365.88
1481	8940.96
1482	8555.17
1483	8203.00
1484	7878.85
1485	7577.21
1486	7293.24
1487	7024.49
1488	6770.86
1489	6533.02
1490	6311.70
1491	6107.59
1492	5920.87
1493	5750.00
1494	5591.70
1495	5442.09
1496	5297.28
1497	5153.40
1498	5007.52
1499	4859.68
1500	4713.03
1501	4571.73
1502	4440.02
1503	4322.07
1504	4220.97
1505	4136.38
1506	4064.43
1507	4000.11
1508	3938.35
1509	3874.15
1510	3803.55
1511	3725.90
1512	3643.81
1513	3560.85
1514	3480.70
1515	3406.93
1516	3342.14
1517	3285.95
1518	3235.30
1519	3186.32
1520	3135.07
1521	3077.80
1522	3012.23
1523	2940.30
1524	2867.51
1525	2800.32
1526	2745.23
1527	2708.45
1528	2693.47
1529	2696.83
1530	2709.78
1531	2722.27
1532	2724.20
1533	2706.06
1534	2662.54
1535	2598.23
1536	2524.22
1537	2453.07
1538	2397.39
1539	2368.80
1540	2373.04
1541	2403.73
1542	2447.57
1543	2489.91
1544	2516.11
1545	2512.98
1546	2474.71
1547	2408.51
1548	2327.91
1549	2247.48
1550	2181.71
1551	2143.35
1552	2137.44
1553	2157.86
1554	2193.90
1555	2234.26
1556	2267.71
1557	2284.76
1558	2282.03
1559	2263.35
1560	2235.01
1561	2203.55
1562	2175.39
1563	2155.71
1564	2145.86
1565	2143.75
1566	2146.28
1567	2150.31
1568	2152.78
1569	2151.59
1570	2146.90
1571	2140.44
1572	2134.33
1573	2130.68
1574	2131.42
1575	2137.36
1576	2147.13
1577	2158.26
1578	2168.05
1579	2173.84
1580	2173.47
1581	2167.01
1582	2157.70
1583	2150.06
1584	2148.79
1585	2158.46
1586	2182.18
1587	2218.24
1588	2259.96
1589	2299.12
1590	2327.37
1591	2336.78
1592	2322.69
1593	2288.63
1594	2244.02
1595	2199.66
1596	2166.39
1597	2154.19
1598	2168.43
1599	2206.08
1600	2259.93
1601	2322.06
1602	2384.58
1603	2440.75
1604	2488.11
1605	2529.47
1606	2569.54
1607	2613.25
1608	2665.36
1609	2729.24
1610	2804.39
1611	2887.23
1612	2973.37
1613	3058.40
1614	3138.47
1615	3212.97
1616	3287.37
1617	3370.35
1618	3471.15
1619	3598.94
1620	3761.29
1621	3959.94
1622	4189.53
1623	4442.20
1624	4709.83
1625	4984.73
1626	5262.68
1627	5548.44
1628	5853.35
1629	6190.36
1630	6572.47
1631	7011.42
1632	7512.89
1633	8072.67
1634	8681.96
1635	9331.33
1636	10011.75
1637	10719.62
1638	11468.29
1639	12287.52
1640	13212.02
1641	14276.78
1642	15514.79
1643	16946.83
1644	18569.02
1645	20363.73
1646	22310.74
1647	24389.35
1648	26573.82
1649	28820.23
1650	31063.59
1651	33231.59
1652	35251.23
1653	37049.77
1654	38556.31
1655	39704.20
1656	40429.48
1657	40668.75
1658	40359.57
1659	39455.25
1660	37970.01
1661	35995.27
1662	33651.16
1663	31060.86
1664	28345.84
1665	25614.23
1666	22942.74
1667	20387.25
1668	17998.96
1669	15828.45
1670	13919.16
1671	12286.81
1672	10912.02
1673	9762.35
1674	8803.92
1675	8003.22
1676	7329.43
1677	6757.95
1678	6268.09
1679	5840.02
1680	5454.10
1681	5093.31
1682	4749.91
1683	4427.04
1684	4131.57
1685	3870.72
1686	3651.11
1687	3475.54
1688	3339.09
1689	3232.56
1690	3145.88
1691	3069.14
1692	2994.30
1693	2919.25
1694	2847.64
1695	2784.89
1696	2736.50
1697	2707.25
1698	2698.27
1699	2704.74
1700	2719.07
1701	2733.26
1702	2739.55
1703	2732.30
1704	2711.36
1705	2680.65
1706	2645.09
1707	2609.63
1708	2579.03
1709	2557.30
1710	2547.53
1711	2552.49
1712	2574.89
1713	2617.19
1714	2680.34
1715	2762.39
1716	2859.89
1717	2969.13
1718	3086.41
1719	3208.62
1720	3334.14
1721	3462.57
1722	3593.86
1723	3728.01
1724	3865.82
1725	4011.20
1726	4171.87
1727	4356.95
1728	4575.66
1729	4836.08
1730	5140.01
1731	5477.73
1732	5833.69
1733	6191.32
1734	6534.60
1735	6852.05
1736	7143.64
1737	7417.72
1738	7684.62
1739	7954.51
1740	8233.81
1741	8516.46
1742	8783.48
1743	9011.72
1744	9177.81
1745	9260.61
1746	9248.68
1747	9144.70
1748	8957.17
1749	8695.36
1750	8368.66
1751	7986.99
1752	7561.27
1753	7102.99
1754	6623.74
1755	6135.00
1756	5647.61
1757	5170.67
1758	4712.10
1759	4279.52
1760	3880.43
1761	3521.21
1762	3204.72
1763	2930.63
1764	2697.64
1765	2504.33
1766	2348.67
1767	2226.35
1768	2130.32
1769	2052.57
1770	1985.06
1771	1920.36
1772	1854.08
1773	1786.23
1774	1718.66
1775	1653.48
1776	1592.84
1777	1538.88
1778	1493.80
1779	1459.83
1780	1439.18
1781	1433.61
1782	1442.09
1783	1457.71
1784	1470.11
1785	1468.28
1786	1441.91
1787	1386.15
1788	1309.27
1789	1228.42
1790	1162.74
1791	1130.71
1792	1144.15
1793	1197.10
1794	1269.87
1795	1339.28
1796	1382.57
1797	1383.12
1798	1342.15
1799	1276.26
1800	1206.34
1801	1153.17
1802	1132.91
1803	1147.54
1804	1185.58
1805	1231.58
1806	1270.01
1807	1288.24
1808	1283.06
1809	1260.78
1810	1230.70
1811	1202.25
1812	1183.59
1813	1178.55
1814	1186.36
1815	1204.81
1816	1231.50
1817	1263.71
1818	1297.62
1819	1328.16
1820	1349.91
1821	1357.48
1822	1346.95
1823	1319.27
1824	1280.69
1825	1239.20
1826	1202.85
1827	1178.48
1828	1168.81
1829	1172.26
1830	1185.85
1831	1206.50
1832	1231.31
1833	1257.97
1834	1284.79
1835	1310.25
1836	1332.83
1837	1350.87
1838	1362.22
1839	1364.26
1840	1354.25
1841	1329.64
1842	1289.87
1843	1240.05
1844	1190.20
1845	1151.67
1846	1135.43
1847	1148.24
1848	1185.89
1849	1235.72
1850	1282.98
1851	1313.49
1852	1318.26
1853	1300.60
1854	1272.09
1855	1246.13
1856	1235.26
1857	1246.13
1858	1273.16
1859	1303.74
1860	1323.89
1861	1320.99
1862	1289.63
1863	1237.22
1864	1177.41
1865	1124.84
1866	1092.45
1867	1085.82
1868	1099.79
1869	1124.70
1870	1150.44
1871	1168.24
1872	1174.44
1873	1171.27
1874	1163.04
1875	1154.21
1876	1148.50
1877	1147.55
1878	1151.06
1879	1158.15
1880	1167.83
1881	1178.41
1882	1186.54
1883	1187.68
1884	1177.05
1885	1150.53
1886	1107.77
1887	1055.66
1888	1004.85
1889	966.63
1890	950.77
1891	960.63
1892	990.44
1893	1030.74
1894	1071.73
1895	1105.12
1896	1127.65
1897	1141.07
1898	1148.75
1899	1154.02
1900	1159.10
1901	1163.43
1902	1164.50
1903	1159.36
1904	1145.43
1905	1122.38
1906	1093.79
1907	1065.23
1908	1042.51
1909	1030.60
1910	1031.21
1911	1042.19
1912	1059.99
1913	1080.92
1914	1101.63
1915	1119.53
1916	1132.64
1917	1139.18
1918	1137.60
1919	1127.63
1920	1111.44
1921	1092.38
1922	1074.03
1923	1059.77
1924	1052.28
1925	1053.41
1926	1064.73
1927	1087.53
1928	1121.13
1929	1160.01
1930	1195.16
1931	1216.83
1932	1216.49
1933	1191.83
1934	1150.26
1935	1103.58
1936	1063.93
1937	1040.64
1938	1034.25
1939	1037.20
1940	1039.56
1941	1032.20
1942	1011.54
1943	984.84
1944	965.20
1945	966.47
1946	998.70
1947	1058.34
1948	1126.83
1949	1180.64
1950	1197.33
1951	1164.80
1952	1093.47
1953	1007.42
1954	933.26
1955	893.36
1956	893.74
1957	920.74
1958	953.69
1959	972.26
1960	963.42
1961	930.64
1962	887.80
1963	850.88
1964	834.06
1965	844.56
1966	881.18
1967	939.76
1968	1015.54
1969	1102.20
1970	1189.95
1971	1266.91
1972	1320.98
1973	1342.22
1974	1328.34
1975	1285.41
1976	1222.23
1977	1147.87
1978	1071.32
1979	1001.41
1980	946.91
1981	916.29
1982	915.17
1983	940.62
1984	981.93
1985	1026.21
1986	1061.44
1987	1080.42
1988	1083.30
1989	1073.50
1990	1054.91
1991	1031.71
1992	1008.85
1993	991.73
1994	985.80
1995	995.00
1996	1018.01
1997	1047.57
1998	1074.45
1999	1090.03
2000	1090.02
2001	1077.78
2002	1060.42
2003	1045.55
2004	1039.35
2005	1044.38
2006	1060.49
2007	1086.77
2008	1121.47
2009	1159.96
2010	1194.28
2011	1215.39
2012	1215.24
2013	1191.17
2014	1149.68
2015	1101.56
2016	1057.96
2017	1027.76
2018	1014.41
2019	1017.75
2020	1036.71
2021	1068.87
2022	1107.82
2023	1143.32
2024	1164.13
2025	1161.05
2026	1133.39
2027	1091.68
2028	1050.70
2029	1024.43
2030	1020.03
2031	1032.54
2032	1050.99
2033	1063.91
2034	1063.01
2035	1047.39
2036	1020.92
2037	988.48
2038	954.78
2039	923.94
2040	899.59
2041	885.18
2042	883.65
2043	896.20
2044	922.19
2045	960.37
2046	1008.81
2047	1063.19
2048	1116.03
2049	1158.63
2050	1182.84
2051	1183.74
2052	1161.62
2053	1119.15
2054	1059.99
2055	991.28
2056	926.77
2057	883.64
2058	878.29
2059	917.96
2060	990.00
2061	1069.81
2062	1131.35
2063	1156.30
2064	1145.24
2065	1111.71
2066	1071.89
2067	1039.45
2068	1021.00
2069	1017.80
2070	1029.53
2071	1053.99
2072	1083.78
2073	1107.23
2074	1111.85
2075	1088.92
2076	1040.98
2077	980.48
2078	922.51
2079	880.00
2080	858.77
2081	858.12
2082	875.42
2083	907.54
2084	950.30
2085	998.53
2086	1046.75
2087	1089.30
2088	1120.01
2089	1132.29
2090	1119.75
2091	1080.21
2092	1024.12
2093	973.40
2094	952.53
2095	978.19
2096	1043.81
2097	1122.64
2098	1183.16
2099	1201.40
2100	1175.15
2101	1119.80
2102	1054.97
2103	997.35
2104	955.42
2105	931.57
2106	926.47
2107	938.79
2108	962.82
2109	989.96
2110	1011.59
2111	1022.81
2112	1026.50
2113	1030.06
2114	1041.08
2115	1063.69
2116	1095.73
2117	1131.90
2118	1166.65
2119	1195.50
2120	1215.67
2121	1225.16
2122	1222.89
2123	1210.86
2124	1194.92
2125	1182.10
2126	1177.45
2127	1179.16
2128	1178.67
2129	1165.90
2130	1134.91
2131	1091.19
2132	1048.95
2133	1023.60
2134	1024.56
2135	1048.30
2136	1083.72
2137	1118.99
2138	1145.93
2139	1162.31
2140	1168.66
2141	1166.39
2142	1158.73
2143	1151.05
2144	1149.20
2145	1156.93
2146	1171.67
2147	1185.61
2148	1190.14
2149	1180.47
2150	1160.19
2151	1137.73
2152	1120.91
2153	1110.56
2154	1097.03
2155	1066.68
2156	1010.08
2157	933.26
2158	857.53
2159	807.72
2160	800.70
2161	834.06
2162	893.01
2163	960.79
2164	1023.94
2165	1074.21
2166	1105.84
2167	1115.55
2168	1106.99
2169	1090.33
2170	1076.81
2171	1071.99
2172	1069.23
2173	1054.91
2174	1017.45
2175	958.93
2176	899.08
2177	863.15
2178	867.28
2179	901.99
2180	938.71
2181	948.13
2182	919.82
2183	873.82
2184	842.93
2185	852.74
2186	901.63
2187	963.86
2188	1008.90
2189	1016.97
2190	988.41
2191	933.54
2192	864.97
2193	797.30
2194	746.85
2195	728.73
2196	748.21
2197	792.40
2198	839.46
2199	870.06
2200	877.73
2201	868.29
2202	851.14
2203	835.64
2204	830.55
2205	843.85
2206	878.69
2207	924.39
2208	958.55
2209	958.94
2210	919.10
2211	856.98
2212	800.26
2213	771.86
2214	779.24
2215	818.68
2216	883.14
2217	962.72
2218	1044.23
2219	1113.33
2220	1155.59
2221	1156.79
2222	1103.70
2223	992.96
2224	850.00
2225	725.06
2226	666.98
2227	689.71
2228	757.96
2229	819.71
2230	839.47
2231	821.55
2232	793.07
2233	780.53
2234	795.23
2235	834.79
2236	891.27
2237	949.36
2238	984.67
2239	972.58
2240	906.51
2241	814.46
2242	740.61
2243	717.84
2244	742.81
2245	786.36
2246	819.60
2247	834.76
2248	845.42
2249	867.84
2250	901.94
2251	924.82
2252	908.31
2253	843.53
2254	758.08
2255	695.24
2256	683.30
2257	709.97
2258	738.42
2259	738.08
2260	710.28
2261	681.63
2262	678.83
2263	707.40
2264	751.57
2265	791.30
2266	815.15
2267	822.73
2268	818.02
2269	807.06
2270	798.24
2271	799.43
2272	811.27
2273	822.21
2274	816.92
2275	789.87
2276	755.33
2277	736.08
2278	745.20
2279	772.24
2280	794.36
2281	793.46
2282	767.48
2283	724.57
2284	676.81
2285	640.56
2286	633.65
2287	664.72
2288	719.07
2289	767.55
2290	788.49
2291	786.79
2292	784.21
2293	794.62
2294	803.00
2295	777.11
2296	700.89
2297	606.70
2298	555.06
2299	584.12
2300	665.69
2301	733.81
2302	742.68
2303	707.63
2304	676.29
2305	679.28
2306	700.46
2307	703.04
2308	670.65
2309	630.21
2310	623.28
2311	664.67
2312	723.62
2313	756.61
2314	745.93
2315	710.66
2316	680.11
2317	671.98
2318	689.53
2319	728.48
2320	776.05
2321	813.11
2322	825.40
2323	815.26
2324	795.77
2325	777.54
2326	761.03
2327	742.61
2328	724.89
2329	721.21
2330	745.06
2331	793.90
2332	846.50
2333	878.01
2334	871.07
2335	817.11
2336	723.51
2337	627.45
2338	577.47
2339	596.89
2340	665.64
2341	747.44
2342	812.10
2343	839.51
2344	822.57
2345	778.73
2346	738.82
2347	720.79
2348	715.53
2349	707.51
2350	700.83
2351	720.02
2352	780.34
2353	859.14
2354	912.64
2355	910.73
2356	852.26
2357	755.57
2358	662.08
2359	625.16
2360	662.89
2361	718.50
2362	717.12
2363	651.88
2364	592.32
2365	602.40
2366	678.14
2367	775.89
2368	854.64
2369	888.34
2370	866.60
2371	803.98
2372	729.60
2373	670.52
2374	646.02
2375	665.06
2376	718.61
2377	785.06
2378	835.78
2379	840.39
2380	791.30
2381	731.01
2382	714.97
2383	749.64
2384	790.60
2385	800.90
2386	785.41
2387	766.31
2388	758.59
2389	765.62
2390	774.81
2391	758.93
2392	708.42
2393	662.56
2394	667.25
2395	705.20
2396	712.18
2397	674.95
2398	666.94
2399	736.78
2400	808.64
2401	778.81
2402	667.41
2403	587.63
2404	589.42
2405	616.26
2406	617.56
2407	618.62
2408	654.94
2409	701.08
2410	708.29
2411	679.87
2412	659.69
2413	658.00
2414	640.68
2415	607.31
2416	623.16
2417	712.40
2418	773.73
2419	719.36
2420	636.68
2421	656.22
2422	728.02
2423	711.67
2424	635.10
2425	653.55
2426	766.37
2427	803.03
2428	709.12
2429	620.69
2430	636.63
2431	715.03
2432	778.34
2433	782.21
2434	729.33
2435	669.53
2436	646.25
2437	662.99
2438	711.52
2439	786.71
2440	858.30
2441	863.60
2442	788.99
2443	711.17
2444	689.51
2445	701.84
2446	703.96
2447	676.93
2448	647.34
2449	671.65
2450	738.74
