150	3680.83
151	3681.25
152	3684.73
153	3692.49
154	3704.48
155	3720.06
156	3738.37
157	3758.53
158	3779.66
159	3800.90
160	3821.36
161	3840.17
162	3856.56
163	3870.11
164	3880.86
165	3888.98
166	3894.70
167	3898.22
168	3899.75
169	3899.50
170	3897.68
171	3894.57
172	3890.68
173	3886.79
174	3883.84
175	3882.72
176	3884.37
177	3889.71
178	3899.65
179	3915.10
180	3936.77
181	3964.60
182	3997.56
183	4034.31
184	4073.44
185	4113.57
186	4153.29
187	4191.22
188	4225.96
189	4256.39
190	4282.25
191	4304.33
192	4323.81
193	4341.91
194	4359.83
195	4378.79
196	4400.00
197	4424.65
198	4453.64
199	4486.81
200	4522.81
201	4559.89
202	4596.26
203	4630.13
204	4659.71
205	4683.22
206	4698.90
207	4705.40
208	4702.78
209	4692.50
210	4676.53
211	4656.83
212	4635.40
213	4614.22
214	4595.27
215	4580.50
216	4571.52
217	4568.91
218	4572.24
219	4580.80
220	4593.86
221	4610.68
222	4630.52
223	4652.67
224	4676.38
225	4700.97
226	4725.91
227	4750.76
228	4775.12
229	4798.60
230	4820.80
231	4841.31
232	4859.75
233	4875.73
234	4888.97
235	4899.48
236	4907.46
237	4913.15
238	4916.81
239	4918.69
240	4919.03
241	4918.09
242	4916.11
243	4913.38
244	4910.20
245	4906.90
246	4903.83
247	4901.31
248	4899.70
249	4899.33
250	4900.53
251	4903.62
252	4908.73
253	4915.69
254	4924.17
255	4933.79
256	4944.21
257	4955.05
258	4965.97
259	4976.58
260	4986.60
261	4995.95
262	5004.94
263	5014.02
264	5023.68
265	5034.39
266	5046.63
267	5060.89
268	5077.62
269	5097.16
270	5119.25
271	5142.96
272	5167.10
273	5190.50
274	5211.94
275	5230.23
276	5244.17
277	5252.60
278	5254.75
279	5251.10
280	5243.21
281	5233.03
282	5222.48
283	5213.51
284	5208.06
285	5208.07
286	5215.39
287	5231.12
288	5254.54
289	5283.66
290	5316.20
291	5349.84
292	5382.28
293	5411.23
294	5434.38
295	5449.61
296	5455.70
297	5453.21
298	5443.62
299	5428.57
300	5409.70
301	5388.66
302	5367.09
303	5346.64
304	5328.76
305	5314.21
306	5302.72
307	5293.63
308	5286.21
309	5279.75
310	5273.53
311	5266.83
312	5258.96
313	5249.37
314	5238.05
315	5225.54
316	5212.49
317	5199.61
318	5187.60
319	5177.13
320	5168.90
321	5163.58
322	5161.66
323	5163.21
324	5167.98
325	5175.70
326	5186.06
327	5198.76
328	5213.51
329	5230.00
330	5247.94
331	5266.98
332	5286.75
333	5306.82
334	5326.79
335	5346.23
336	5364.73
337	5381.88
338	5397.25
339	5410.48
340	5421.36
341	5429.86
342	5436.03
343	5439.89
344	5441.49
345	5440.88
346	5438.08
347	5433.16
348	5426.35
349	5418.27
350	5409.86
351	5402.12
352	5396.07
353	5392.69
354	5393.02
355	5398.04
356	5408.60
357	5424.67
358	5444.78
359	5466.74
360	5488.28
361	5507.10
362	5520.92
363	5527.43
364	5524.40
365	5510.15
366	5485.02
367	5451.44
368	5412.54
369	5371.53
370	5331.60
371	5295.95
372	5267.77
373	5250.10
374	5244.96
375	5251.97
376	5269.20
377	5294.41
378	5325.32
379	5359.65
380	5395.13
381	5429.49
382	5460.66
383	5487.29
384	5509.15
385	5526.42
386	5539.35
387	5548.19
388	5553.20
389	5554.61
390	5552.69
391	5547.81
392	5540.59
393	5531.90
394	5522.65
395	5513.78
396	5506.21
397	5500.87
398	5498.67
399	5500.42
400	5506.39
401	5515.84
402	5527.60
403	5540.43
404	5553.05
405	5564.22
406	5572.68
407	5577.19
408	5576.85
409	5571.64
410	5562.50
411	5550.60
412	5537.16
413	5523.38
414	5510.48
415	5499.66
416	5492.04
417	5488.29
418	5488.23
419	5491.22
420	5496.52
421	5503.40
422	5511.14
423	5519.02
424	5526.29
425	5532.30
426	5536.51
427	5538.59
428	5538.22
429	5535.10
430	5528.94
431	5519.45
432	5506.32
433	5489.36
434	5468.97
435	5446.65
436	5424.52
437	5404.80
438	5389.73
439	5381.53
440	5382.43
441	5394.60
442	5419.52
443	5456.43
444	5502.35
445	5553.60
446	5606.46
447	5657.19
448	5702.06
449	5737.37
450	5759.69
451	5767.30
452	5761.47
453	5745.01
454	5721.00
455	5692.49
456	5662.58
457	5634.33
458	5610.76
459	5594.33
460	5585.82
461	5584.55
462	5589.41
463	5599.26
464	5612.96
465	5629.37
466	5647.37
467	5665.87
468	5684.10
469	5701.75
470	5718.69
471	5734.84
472	5750.11
473	5764.42
474	5777.68
475	5789.81
476	5800.85
477	5811.07
478	5820.92
479	5830.90
480	5841.52
481	5853.28
482	5866.69
483	5882.22
484	5900.20
485	5920.29
486	5941.33
487	5961.89
488	5980.50
489	5995.67
490	6005.95
491	6009.87
492	6006.09
493	5994.12
494	5975.07
495	5950.94
496	5923.89
497	5896.08
498	5869.70
499	5846.89
500	5829.80
501	5820.07
502	5818.08
503	5823.03
504	5833.81
505	5849.31
506	5868.38
507	5889.91
508	5912.76
509	5935.80
510	5957.88
511	5977.81
512	5994.39
513	6006.42
514	6012.69
515	6012.00
516	6003.16
517	5985.13
518	5957.84
519	5923.17
520	5884.16
521	5844.05
522	5806.11
523	5773.59
524	5749.73
525	5737.71
526	5739.64
527	5754.80
528	5779.94
529	5811.19
530	5844.60
531	5876.24
532	5902.15
533	5918.45
534	5921.78
535	5910.98
536	5887.60
537	5854.23
538	5813.56
539	5768.26
540	5721.04
541	5674.57
542	5631.39
543	5593.17
544	5560.11
545	5531.65
546	5507.11
547	5485.80
548	5467.03
549	5450.11
550	5434.37
551	5419.18
552	5404.07
553	5388.67
554	5372.64
555	5355.63
556	5337.28
557	5317.26
558	5295.24
559	5271.20
560	5245.99
561	5221.35
562	5199.24
563	5181.66
564	5170.59
565	5168.03
566	5175.94
567	5195.95
568	5228.31
569	5271.57
570	5323.59
571	5382.18
572	5445.17
573	5510.34
574	5575.51
575	5638.61
576	5698.12
577	5753.44
578	5804.41
579	5850.93
580	5892.90
581	5930.23
582	5962.83
583	5990.68
584	6014.19
585	6034.76
586	6054.28
587	6074.79
588	6098.32
589	6126.91
590	6162.59
591	6207.24
592	6261.75
593	6324.32
594	6391.25
595	6458.36
596	6521.44
597	6576.29
598	6618.72
599	6644.60
600	6650.85
601	6637.41
602	6606.93
603	6562.87
604	6508.71
605	6447.97
606	6384.13
607	6320.67
608	6260.59
609	6205.34
610	6154.64
611	6107.66
612	6063.52
613	6021.32
614	5980.19
615	5939.23
616	5897.75
617	5855.62
618	5813.56
619	5772.55
620	5733.61
621	5697.78
622	5666.07
623	5639.51
624	5618.94
625	5604.45
626	5595.00
627	5589.10
628	5585.18
629	5581.68
630	5577.02
631	5569.66
632	5558.19
633	5541.96
634	5521.58
635	5498.22
636	5473.17
637	5447.69
638	5423.07
639	5400.57
640	5381.34
641	5365.79
642	5353.07
643	5341.66
644	5329.94
645	5316.29
646	5299.09
647	5276.70
648	5247.73
649	5211.94
650	5171.38
651	5129.35
652	5089.35
653	5054.92
654	5029.56
655	5016.80
656	5019.86
657	5040.30
658	5076.22
659	5123.80
660	5178.85
661	5237.17
662	5294.54
663	5346.76
664	5389.86
665	5421.34
666	5441.75
667	5453.41
668	5458.97
669	5461.11
670	5462.53
671	5465.88
672	5473.72
673	5487.77
674	5507.99
675	5533.33
676	5562.55
677	5594.38
678	5627.58
679	5660.88
680	5693.12
681	5723.81
682	5753.74
683	5784.47
684	5817.74
685	5855.26
686	5898.76
687	5949.96
688	6010.43
689	6080.80
690	6159.86
691	6245.36
692	6334.85
693	6425.88
694	6516.00
695	6602.76
696	6683.93
697	6758.49
698	6827.78
699	6894.34
700	6960.94
701	7030.36
702	7105.38
703	7188.77
704	7283.02
705	7389.33
706	7506.45
707	7632.00
708	7763.40
709	7898.06
710	8033.38
711	8166.79
712	8295.79
713	8418.37
714	8533.29
715	8639.66
716	8736.60
717	8823.29
718	8898.87
719	8962.50
720	9013.53
721	9052.09
722	9079.42
723	9097.23
724	9107.27
725	9111.30
726	9111.09
727	9108.35
728	9104.44
729	9099.20
730	9090.64
731	9076.10
732	9052.87
733	9018.22
734	8969.44
735	8903.88
736	8819.94
737	8719.43
738	8607.72
739	8491.29
740	8376.72
741	8270.58
742	8179.44
743	8109.73
744	8066.28
745	8049.47
746	8055.85
747	8080.95
748	8120.21
749	8169.09
750	8223.04
751	8277.63
752	8329.20
753	8376.03
754	8417.70
755	8454.11
756	8485.16
757	8510.75
758	8530.80
759	8545.29
760	8554.63
761	8560.14
762	8563.58
763	8566.83
764	8571.76
765	8580.23
766	8594.10
767	8614.90
768	8642.66
769	8675.08
770	8708.86
771	8740.54
772	8766.66
773	8783.76
774	8788.44
775	8777.98
776	8752.18
777	8713.80
778	8666.64
779	8614.59
780	8561.56
781	8511.46
782	8468.15
783	8435.30
784	8415.94
785	8412.55
786	8427.47
787	8463.03
788	8521.54
789	8605.32
790	8716.47
791	8855.55
792	9019.76
793	9204.16
794	9403.38
795	9612.01
796	9824.67
797	10035.98
798	10241.01
799	10437.02
800	10624.81
801	10806.78
802	10985.57
803	11163.85
804	11344.28
805	11529.51
806	11722.07
807	11924.13
808	12137.44
809	12363.59
810	12604.15
811	12860.71
812	13134.85
813	13428.09
814	13741.59
815	14075.43
816	14428.96
817	14801.29
818	15191.56
819	15598.88
820	16022.36
821	16461.06
822	16913.63
823	17378.02
824	17851.82
825	18332.55
826	18817.74
827	19304.91
828	19791.58
829	20275.20
830	20752.99
831	21221.88
832	21678.70
833	22120.27
834	22543.42
835	22944.96
836	23321.75
837	23670.84
838	23989.89
839	24276.97
840	24530.27
841	24747.99
842	24928.34
843	25069.51
844	25170.22
845	25231.63
846	25259.18
847	25260.34
848	25242.94
849	25214.78
850	25183.71
851	25157.46
852	25143.03
853	25144.69
854	25163.94
855	25201.37
856	25257.48
857	25332.78
858	25427.77
859	25542.76
860	25676.88
861	25826.56
862	25986.55
863	26151.29
864	26315.16
865	26472.57
866	26617.92
867	26745.76
868	26851.13
869	26929.76
870	26977.64
871	26990.82
872	26965.31
873	26897.15
874	26782.67
875	26620.59
876	26415.85
877	26178.06
878	25917.98
879	25646.43
880	25374.22
881	25112.15
882	24869.82
883	24651.76
884	24454.53
885	24271.27
886	24094.64
887	23917.29
888	23731.87
889	23531.30
890	23311.15
891	23074.41
892	22830.25
893	22589.44
894	22362.91
895	22161.56
896	21996.23
897	21876.65
898	21806.98
899	21782.39
900	21793.97
901	21832.20
902	21887.51
903	21950.37
904	22011.37
905	22062.60
906	22100.30
907	22124.22
908	22135.06
909	22133.60
910	22120.57
911	22096.75
912	22062.72
913	22018.28
914	21962.00
915	21891.90
916	21805.92
917	21701.99
918	21578.05
919	21432.25
920	21264.42
921	21078.97
922	20883.88
923	20688.02
924	20500.30
925	20329.68
926	20184.99
927	20073.94
928	19999.26
929	19956.73
930	19939.34
931	19939.75
932	19950.58
933	19964.47
934	19974.33
935	19974.89
936	19965.24
937	19947.30
938	19923.66
939	19896.90
940	19869.64
941	19844.45
942	19823.33
943	19806.36
944	19791.39
945	19775.52
946	19755.78
947	19729.19
948	19692.79
949	19644.09
950	19583.17
951	19514.97
952	19446.95
953	19387.00
954	19343.03
955	19322.96
956	19334.46
957	19382.90
958	19467.15
959	19580.61
960	19715.19
961	19862.72
962	20015.03
963	20163.95
964	20301.48
965	20420.34
966	20514.24
967	20577.25
968	20603.48
969	20587.06
970	20522.12
971	20403.21
972	20227.36
973	19996.75
974	19716.54
975	19392.46
976	19030.25
977	18635.68
978	18214.54
979	17773.23
980	17319.76
981	16863.62
982	16414.69
983	15982.87
984	15578.09
985	15210.18
986	14887.91
987	14615.65
988	14392.03
989	14213.50
990	14076.21
991	13976.33
992	13910.04
993	13873.57
994	13863.55
995	13877.37
996	13912.81
997	13967.72
998	14039.95
999	14127.35
1000	14227.77
1001	14339.01
1002	14458.71
1003	14584.41
1004	14713.65
1005	14843.93
1006	14972.77
1007	15097.74
1008	15217.02
1009	15330.81
1010	15441.48
1011	15552.06
1012	15665.64
1013	15785.33
1014	15914.18
1015	16054.47
1016	16205.10
1017	16360.09
1018	16511.50
1019	16651.10
1020	16770.66
1021	16862.01
1022	16917.78
1023	16935.34
1024	16921.07
1025	16886.09
1026	16842.34
1027	16801.82
1028	16776.51
1029	16777.81
1030	16812.87
1031	16878.64
1032	16965.08
1033	17060.58
1034	17153.43
1035	17231.93
1036	17284.68
1037	17303.26
1038	17287.94
1039	17246.58
1040	17189.22
1041	17126.00
1042	17067.08
1043	17022.55
1044	17001.55
1045	17009.83
1046	17049.48
1047	17121.35
1048	17226.16
1049	17364.65
1050	17537.54
1051	17745.39
1052	17988.19
1053	18265.05
1054	18574.80
1055	18916.22
1056	19288.07
1057	19689.11
1058	20117.56
1059	20569.07
1060	21035.13
1061	21505.36
1062	21969.09
1063	22415.64
1064	22834.37
1065	23215.36
1066	23552.88
1067	23848.95
1068	24109.72
1069	24342.00
1070	24552.67
1071	24748.58
1072	24936.21
1073	25119.56
1074	25297.48
1075	25465.70
1076	25619.36
1077	25753.53
1078	25863.33
1079	25943.83
1080	25990.04
1081	25996.75
1082	25958.62
1083	25870.28
1084	25726.37
1085	25521.52
1086	25250.67
1087	24911.26
1088	24506.97
1089	24046.06
1090	23537.87
1091	22991.82
1092	22417.31
1093	21823.74
1094	21220.44
1095	20616.49
1096	20020.81
1097	19442.28
1098	18889.76
1099	18372.12
1100	17897.97
1101	17473.58
1102	17098.73
1103	16767.83
1104	16473.88
1105	16209.79
1106	15968.47
1107	15742.98
1108	15527.82
1109	15321.57
1110	15126.24
1111	14944.80
1112	14780.25
1113	14635.61
1114	14513.64
1115	14414.57
1116	14331.44
1117	14251.22
1118	14159.20
1119	14040.55
1120	13880.48
1121	13664.65
1122	13383.46
1123	13040.44
1124	12650.15
1125	12230.11
1126	11798.01
1127	11371.54
1128	10968.01
1129	10601.23
1130	10275.46
1131	9987.30
1132	9731.37
1133	9502.16
1134	9294.17
1135	9102.03
1136	8921.64
1137	8752.21
1138	8595.36
1139	8453.36
1140	8328.51
1141	8223.10
1142	8139.22
1143	8077.45
1144	8034.69
1145	8005.28
1146	7982.98
1147	7961.51
1148	7934.62
1149	7896.41
1150	7843.49
1151	7778.06
1152	7705.81
1153	7633.17
1154	7566.57
1155	7512.46
1156	7476.79
1157	7462.53
1158	7466.79
1159	7483.41
1160	7505.63
1161	7526.65
1162	7539.73
1163	7538.75
1164	7521.07
1165	7489.99
1166	7451.72
1167	7412.90
1168	7380.23
1169	7360.34
1170	7358.98
1171	7378.08
1172	7413.87
1173	7460.24
1174	7510.75
1175	7558.94
1176	7598.44
1177	7623.76
1178	7632.83
1179	7627.70
1180	7611.92
1181	7589.16
1182	7563.12
1183	7537.48
1184	7515.52
1185	7499.42
1186	7490.21
1187	7488.60
1188	7495.28
1189	7510.91
1190	7536.10
1191	7570.71
1192	7612.76
1193	7658.80
1194	7705.02
1195	7747.61
1196	7782.75
1197	7806.89
1198	7818.17
1199	7818.32
1200	7811.15
1201	7800.94
1202	7791.96
1203	7788.48
1204	7794.42
1205	7812.15
1206	7841.43
1207	7880.84
1208	7928.78
1209	7983.63
1210	8043.79
1211	8107.58
1212	8173.09
1213	8238.15
1214	8300.47
1215	8357.75
1216	8407.72
1217	8448.20
1218	8478.37
1219	8501.25
1220	8523.24
1221	8551.65
1222	8593.86
1223	8657.23
1224	8748.67
1225	8871.97
1226	9024.14
1227	9198.01
1228	9385.53
1229	9578.63
1230	9769.27
1231	9950.38
1232	10119.31
1233	10280.34
1234	10440.83
1235	10608.53
1236	10791.23
1237	10996.63
1238	11231.41
1239	11498.74
1240	11798.14
1241	12127.96
1242	12486.42
1243	12871.76
1244	13282.34
1245	13717.56
1246	14179.23
1247	14670.89
1248	15196.47
1249	15759.92
1250	16365.11
1251	17014.66
1252	17704.97
1253	18422.18
1254	19147.70
1255	19862.23
1256	20546.43
1257	21181.21
1258	21750.48
1259	22248.12
1260	22678.47
1261	23049.16
1262	23368.11
1263	23643.25
1264	23882.00
1265	24088.14
1266	24257.29
1267	24379.75
1268	24444.73
1269	24441.35
1270	24358.86
1271	24188.71
1272	23931.92
1273	23603.18
1274	23222.75
1275	22811.65
1276	22390.90
1277	21981.21
1278	21600.10
1279	21256.10
1280	20950.15
1281	20681.16
1282	20447.86
1283	20249.07
1284	20084.42
1285	19958.09
1286	19882.32
1287	19873.37
1288	19948.15
1289	20123.62
1290	20416.30
1291	20837.48
1292	21381.36
1293	22024.79
1294	22739.18
1295	23495.47
1296	24264.63
1297	25017.84
1298	25727.79
1299	26370.20
1300	26922.47
1301	27362.34
1302	27667.58
1303	27816.25
1304	27791.00
1305	27590.49
1306	27231.35
1307	26736.26
1308	26128.48
1309	25431.27
1310	24667.63
1311	23859.01
1312	23023.45
1313	22177.03
1314	21335.44
1315	20514.31
1316	19729.14
1317	18992.95
1318	18310.03
1319	17674.86
1320	17078.58
1321	16512.03
1322	15966.04
1323	15431.82
1324	14902.98
1325	14378.04
1326	13858.35
1327	13345.76
1328	12842.17
1329	12349.48
1330	11869.79
1331	11405.74
1332	10960.63
1333	10537.89
1334	10141.03
1335	9773.49
1336	9438.50
1337	9137.87
1338	8870.84
1339	8635.36
1340	8429.15
1341	8249.93
1342	8095.36
1343	7962.81
1344	7848.65
1345	7748.40
1346	7657.38
1347	7570.87
1348	7484.16
1349	7393.09
1350	7295.70
1351	7193.44
1352	7089.17
1353	6985.94
1354	6886.82
1355	6794.83
1356	6712.89
1357	6643.53
1358	6589.06
1359	6551.73
1360	6533.79
1361	6537.39
1362	6563.22
1363	6606.87
1364	6658.34
1365	6705.75
1366	6737.06
1367	6740.26
1368	6704.53
1369	6625.14
1370	6508.06
1371	6364.43
1372	6206.24
1373	6045.52
1374	5893.95
1375	5760.54
1376	5647.39
1377	5551.47
1378	5468.51
1379	5394.14
1380	5324.07
1381	5254.69
1382	5184.87
1383	5116.31
1384	5051.67
1385	4993.70
1386	4945.16
1387	4908.59
1388	4885.57
1389	4876.03
1390	4879.10
1391	4893.82
1392	4919.19
1393	4954.21
1394	4997.81
1395	5048.71
1396	5105.50
1397	5166.76
1398	5231.02
1399	5296.88
1400	5363.18
1401	5429.55
1402	5496.37
1403	5564.27
1404	5633.88
1405	5705.85
1406	5781.13
1407	5861.75
1408	5951.26
1409	6053.81
1410	6173.61
1411	6314.87
1412	6481.51
1413	6676.12
1414	6898.74
1415	7148.15
1416	7422.92
1417	7721.61
1418	8043.13
1419	8388.88
1420	8766.04
1421	9185.69
1422	9659.74
1423	10200.14
1424	10818.89
1425	11528.23
1426	12341.13
1427	13271.20
1428	14332.22
1429	15537.99
1430	16901.76
1431	18429.07
1432	20098.54
1433	21858.80
1434	23648.39
1435	25404.92
1436	27066.18
1437	28574.10
1438	29888.00
1439	30991.34
1440	31877.32
1441	32540.30
1442	32974.80
1443	33177.69
1444	33157.43
1445	32942.29
1446	32569.84
1447	32079.15
1448	31509.26
1449	30897.81
1450	30273.97
1451	29649.99
1452	29028.74
1453	28411.31
1454	27798.73
1455	27191.72
1456	26589.07
1457	25985.11
1458	25371.27
1459	24738.37
1460	24077.23
1461	23379.01
1462	22638.08
1463	21856.91
1464	21043.93
1465	20209.05
1466	19362.23
1467	18513.29
1468	17670.67
1469	16838.89
1470	16019.25
1471	15212.19
1472	14418.12
1473	13637.56
1474	12872.39
1475	12128.63
1476	11415.97
1477	10745.18
1478	10127.12
1479	9572.38
1480	9088.80
1481	8675.38
1482	8322.64
1483	8018.51
1484	7750.69
1485	7507.02
1486	7276.68
1487	7053.26
1488	6834.83
1489	6620.88
1490	6411.01
1491	6204.85
1492	6002.18
1493	5803.36
1494	5609.34
1495	5421.28
1496	5240.33
1497	5067.65
1498	4904.50
1499	4752.38
1500	4613.07
1501	4488.45
1502	4380.39
1503	4290.69
1504	4220.12
1505	4166.06
1506	4122.46
1507	4082.16
1508	4037.94
1509	3982.69
1510	3911.01
1511	3822.83
1512	3723.33
1513	3619.31
1514	3517.67
1515	3425.19
1516	3347.42
1517	3286.07
1518	3239.37
1519	3204.51
1520	3178.63
1521	3158.84
1522	3142.08
1523	3124.77
1524	3102.93
1525	3072.48
1526	3029.30
1527	2969.56
1528	2891.67
1529	2799.80
1530	2702.50
1531	2609.42
1532	2530.23
1533	2474.13
1534	2446.93
1535	2446.43
1536	2465.15
1537	2494.42
1538	2525.56
1539	2550.28
1540	2562.91
1541	2563.11
1542	2553.57
1543	2537.60
1544	2518.51
1545	2499.37
1546	2482.12
1547	2466.61
1548	2451.74
1549	2436.23
1550	2418.78
1551	2398.32
1552	2374.60
1553	2348.55
1554	2321.63
1555	2295.35
1556	2271.21
1557	2250.38
1558	2232.95
1559	2217.69
1560	2202.93
1561	2186.97
1562	2168.14
1563	2145.42
1564	2119.74
1565	2093.73
1566	2070.55
1567	2053.39
1568	2045.29
1569	2048.07
1570	2060.67
1571	2079.96
1572	2102.35
1573	2124.23
1574	2142.21
1575	2154.09
1576	2159.95
1577	2161.09
1578	2159.04
1579	2155.30
1580	2151.34
1581	2148.26
1582	2146.71
1583	2147.15
1584	2149.99
1585	2155.67
1586	2164.50
1587	2176.49
1588	2191.34
1589	2208.64
1590	2227.97
1591	2248.89
1592	2270.86
1593	2293.09
1594	2314.58
1595	2334.30
1596	2351.20
1597	2364.40
1598	2373.82
1599	2380.80
1600	2387.43
1601	2395.91
1602	2408.43
1603	2426.93
1604	2452.43
1605	2484.79
1606	2523.48
1607	2567.91
1608	2617.52
1609	2672.20
1610	2732.96
1611	2801.71
1612	2880.62
1613	2971.85
1614	3077.38
1615	3198.13
1616	3333.01
1617	3479.85
1618	3636.34
1619	3800.17
1620	3969.79
1621	4146.35
1622	4334.32
1623	4539.33
1624	4767.11
1625	5023.29
1626	5312.44
1627	5636.45
1628	5995.22
1629	6388.16
1630	6814.66
1631	7274.22
1632	7766.77
1633	8292.96
1634	8853.79
1635	9450.32
1636	10083.88
1637	10759.08
1638	11490.80
1639	12303.84
1640	13226.02
1641	14285.32
1642	15508.19
1643	16912.07
1644	18496.08
1645	20249.14
1646	22158.23
1647	24209.84
1648	26384.23
1649	28639.20
1650	30906.59
1651	33109.26
1652	35169.15
1653	37008.62
1654	38552.77
1655	39732.94
1656	40484.44
1657	40743.46
1658	40447.12
1659	39548.33
1660	38061.06
1661	36076.64
1662	33715.16
1663	31099.78
1664	28352.11
1665	25581.34
1666	22867.65
1667	20271.90
1668	17850.62
1669	15659.69
1670	13746.77
1671	12127.84
1672	10778.63
1673	9659.94
1674	8730.93
1675	7951.44
1676	7286.33
1677	6711.90
1678	6211.69
1679	5770.81
1680	5374.60
1681	5010.41
1682	4673.03
1683	4365.84
1684	4095.20
1685	3867.74
1686	3689.25
1687	3560.45
1688	3471.74
1689	3407.77
1690	3352.08
1691	3288.46
1692	3204.10
1693	3097.01
1694	2975.67
1695	2851.72
1696	2737.04
1697	2642.64
1698	2575.49
1699	2535.77
1700	2520.58
1701	2526.51
1702	2550.07
1703	2586.93
1704	2630.69
1705	2673.42
1706	2706.78
1707	2722.55
1708	2714.70
1709	2685.27
1710	2646.18
1711	2612.90
1712	2601.20
1713	2625.49
1714	2692.28
1715	2793.01
1716	2911.15
1717	3028.79
1718	3128.55
1719	3198.92
1720	3244.39
1721	3282.54
1722	3334.36
1723	3420.88
1724	3560.10
1725	3758.37
1726	4007.58
1727	4294.32
1728	4604.66
1729	4925.36
1730	5247.22
1731	5568.38
1732	5890.74
1733	6216.80
1734	6548.94
1735	6887.96
1736	7230.83
1737	7571.69
1738	7903.98
1739	8221.09
1740	8515.74
1741	8778.55
1742	8997.93
1743	9161.60
1744	9257.27
1745	9274.25
1746	9208.62
1747	9066.35
1748	8857.46
1749	8592.54
1750	8281.90
1751	7934.34
1752	7555.71
1753	7150.25
1754	6721.92
1755	6274.88
1756	5814.78
1757	5351.03
1758	4895.75
1759	4461.66
1760	4061.29
1761	3704.68
1762	3394.25
1763	3125.33
1764	2891.19
1765	2684.99
1766	2500.72
1767	2335.46
1768	2189.92
1769	2066.12
1770	1966.15
1771	1891.29
1772	1839.18
1773	1802.02
1774	1769.76
1775	1732.08
1776	1679.70
1777	1608.82
1778	1525.49
1779	1440.70
1780	1366.18
1781	1313.05
1782	1288.09
1783	1289.02
1784	1308.27
1785	1337.22
1786	1367.41
1787	1392.06
1788	1408.30
1789	1415.96
1790	1415.44
1791	1407.22
1792	1391.79
1793	1369.71
1794	1341.63
1795	1308.20
1796	1270.17
1797	1229.03
1798	1188.55
1799	1154.42
1800	1132.87
1801	1130.00
1802	1149.76
1803	1189.59
1804	1240.73
1805	1292.61
1806	1334.65
1807	1358.49
1808	1362.79
1809	1353.37
1810	1338.24
1811	1325.52
1812	1321.66
1813	1327.65
1814	1338.69
1815	1348.07
1816	1349.07
1817	1336.42
1818	1309.93
1819	1274.84
1820	1238.23
1821	1207.23
1822	1187.96
1823	1183.02
1824	1191.20
1825	1210.06
1826	1237.00
1827	1269.10
1828	1302.31
1829	1331.40
1830	1350.74
1831	1354.86
1832	1340.28
1833	1310.04
1834	1273.74
1835	1243.02
1836	1229.38
1837	1240.67
1838	1273.53
1839	1314.11
1840	1345.45
1841	1350.92
1842	1319.65
1843	1257.33
1844	1183.80
1845	1122.82
1846	1097.44
1847	1122.48
1848	1191.01
1849	1279.44
1850	1360.01
1851	1406.00
1852	1400.03
1853	1346.93
1854	1266.41
1855	1181.50
1856	1114.15
1857	1078.69
1858	1073.59
1859	1088.16
1860	1109.96
1861	1127.38
1862	1133.47
1863	1129.61
1864	1121.22
1865	1114.36
1866	1114.47
1867	1124.12
1868	1141.74
1869	1164.02
1870	1187.43
1871	1208.68
1872	1225.26
1873	1235.62
1874	1238.53
1875	1232.88
1876	1218.23
1877	1196.24
1878	1170.47
1879	1145.02
1880	1123.88
1881	1109.91
1882	1103.22
1883	1101.96
1884	1103.87
1885	1106.70
1886	1108.52
1887	1108.03
1888	1104.22
1889	1096.18
1890	1083.68
1891	1069.33
1892	1059.73
1893	1063.12
1894	1087.68
1895	1138.32
1896	1209.33
1897	1284.21
1898	1343.13
1899	1367.01
1900	1344.69
1901	1284.60
1902	1209.02
1903	1143.39
1904	1110.95
1905	1122.47
1906	1166.51
1907	1220.64
1908	1260.87
1909	1267.08
1910	1233.92
1911	1173.76
1912	1105.27
1913	1047.37
1914	1014.90
1915	1011.83
1916	1033.59
1917	1073.41
1918	1124.41
1919	1179.83
1920	1233.12
1921	1277.85
1922	1307.65
1923	1317.18
1924	1304.68
1925	1272.67
1926	1225.11
1927	1166.29
1928	1101.65
1929	1039.56
1930	990.47
1931	965.23
1932	972.91
1933	1013.94
1934	1075.07
1935	1137.01
1936	1179.99
1937	1189.28
1938	1165.46
1939	1123.39
1940	1082.08
1941	1059.44
1942	1065.52
1943	1095.01
1944	1134.33
1945	1168.59
1946	1185.48
1947	1181.98
1948	1165.31
1949	1146.08
1950	1134.55
1951	1136.27
1952	1146.61
1953	1154.75
1954	1148.77
1955	1119.60
1956	1068.95
1957	1011.57
1958	966.79
1959	953.19
1960	980.64
1961	1039.48
1962	1107.71
1963	1160.93
1964	1178.91
1965	1157.07
1966	1109.71
1967	1057.79
1968	1021.83
1969	1014.90
1970	1033.99
1971	1066.42
1972	1097.67
1973	1115.45
1974	1115.38
1975	1101.69
1976	1081.47
1977	1061.75
1978	1047.61
1979	1040.45
1980	1039.73
1981	1044.53
1982	1053.83
1983	1066.28
1984	1080.26
1985	1094.06
1986	1106.05
1987	1114.87
1988	1119.66
1989	1119.72
1990	1114.55
1991	1104.56
1992	1092.45
1993	1082.49
1994	1079.25
1995	1086.10
1996	1102.29
1997	1122.35
1998	1139.24
1999	1146.52
2000	1141.49
2001	1128.21
2002	1114.05
2003	1106.59
2004	1110.82
2005	1124.95
2006	1142.10
2007	1154.23
2008	1154.92
2009	1143.65
2010	1126.71
2011	1112.66
2012	1109.31
2013	1119.57
2014	1138.07
2015	1155.57
2016	1162.70
2017	1153.63
2018	1130.94
2019	1102.80
2020	1078.41
2021	1065.09
2022	1063.93
2023	1070.19
2024	1077.43
2025	1079.94
2026	1075.52
2027	1066.56
2028	1057.22
2029	1051.55
2030	1051.96
2031	1057.98
2032	1067.68
2033	1078.84
2034	1088.74
2035	1093.53
2036	1088.64
2037	1069.63
2038	1034.71
2039	989.57
2040	946.14
2041	917.85
2042	915.50
2043	940.71
2044	985.32
2045	1037.98
2046	1087.77
2047	1126.53
2048	1149.74
2049	1154.37
2050	1138.57
2051	1105.52
2052	1066.41
2053	1036.01
2054	1028.11
2055	1048.05
2056	1085.11
2057	1120.21
2058	1134.06
2059	1115.94
2060	1073.73
2061	1026.56
2062	995.02
2063	993.47
2064	1020.98
2065	1066.19
2066	1115.47
2067	1156.53
2068	1180.83
2069	1182.74
2070	1157.68
2071	1104.40
2072	1030.77
2073	952.28
2074	886.15
2075	846.47
2076	837.74
2077	856.01
2078	894.85
2079	947.32
2080	1005.22
2081	1059.26
2082	1100.05
2083	1120.68
2084	1122.04
2085	1112.29
2086	1101.56
2087	1097.76
2088	1101.54
2089	1106.74
2090	1105.41
2091	1091.78
2092	1067.07
2093	1038.92
2094	1016.60
2095	1007.81
2096	1015.13
2097	1036.74
2098	1069.49
2099	1109.29
2100	1149.65
2101	1182.14
2102	1198.21
2103	1192.42
2104	1167.35
2105	1131.45
2106	1094.41
2107	1064.14
2108	1044.34
2109	1035.94
2110	1038.97
2111	1051.92
2112	1070.06
2113	1086.89
2114	1096.21
2115	1095.45
2116	1088.63
2117	1082.99
2118	1084.99
2119	1095.26
2120	1105.52
2121	1103.91
2122	1081.29
2123	1040.95
2124	1001.44
2125	986.36
2126	1013.07
2127	1077.15
2128	1152.85
2129	1208.91
2130	1222.72
2131	1195.65
2132	1147.43
2133	1101.38
2134	1074.59
2135	1070.40
2136	1084.07
2137	1109.23
2138	1139.16
2139	1166.73
2140	1184.73
2141	1187.70
2142	1176.63
2143	1160.12
2144	1149.18
2145	1151.96
2146	1167.85
2147	1188.91
2148	1205.75
2149	1212.21
2150	1209.30
2151	1202.21
2152	1196.11
2153	1192.44
2154	1187.03
2155	1173.51
2156	1147.64
2157	1112.86
2158	1080.21
2159	1062.44
2160	1067.61
2161	1092.69
2162	1127.47
2163	1160.80
2164	1184.17
2165	1193.34
2166	1185.90
2167	1160.54
2168	1118.44
2169	1063.16
2170	999.29
2171	933.50
2172	876.63
2173	841.83
2174	839.43
2175	866.79
2176	904.54
2177	927.89
2178	919.38
2179	882.30
2180	835.53
2181	800.32
2182	791.03
2183	810.71
2184	857.09
2185	924.86
2186	1001.77
2187	1069.54
2188	1110.28
2189	1117.29
2190	1104.09
2191	1093.72
2192	1104.40
2193	1133.99
2194	1160.81
2195	1159.55
2196	1116.93
2197	1042.81
2198	958.64
2199	885.37
2200	836.13
2201	816.47
2202	828.49
2203	867.79
2204	918.92
2205	961.44
2206	978.20
2207	963.99
2208	924.05
2209	867.87
2210	811.61
2211	781.22
2212	804.91
2213	895.17
2214	1024.02
2215	1135.17
2216	1176.26
2217	1134.87
2218	1047.35
2219	964.43
2220	919.66
2221	909.15
2222	909.22
2223	899.69
2224	881.58
2225	874.32
2226	897.51
2227	949.73
2228	1000.01
2229	1009.10
2230	959.55
2231	882.73
2232	836.76
2233	866.66
2234	962.76
2235	1067.41
2236	1117.85
2237	1084.50
2238	982.41
2239	843.84
2240	704.13
2241	600.71
2242	569.75
2243	628.73
2244	747.59
2245	862.85
2246	916.28
2247	892.91
2248	821.73
2249	742.87
2250	687.19
2251	671.13
2252	703.07
2253	777.52
2254	865.46
2255	928.38
2256	941.69
2257	916.53
2258	885.67
2259	876.05
2260	885.66
2261	889.63
2262	863.67
2263	804.70
2264	731.13
2265	666.47
2266	629.05
2267	630.05
2268	674.27
2269	749.75
2270	820.94
2271	848.07
2272	817.48
2273	760.79
2274	725.95
2275	737.18
2276	768.60
2277	772.32
2278	721.50
2279	641.64
2280	585.19
2281	589.87
2282	648.34
2283	726.55
2284	793.31
2285	837.36
2286	860.84
2287	870.11
2288	874.80
2289	885.88
2290	908.70
2291	933.88
2292	942.95
2293	923.60
2294	883.84
2295	844.67
2296	822.61
2297	816.32
2298	812.94
2299	800.42
2300	774.45
2301	736.53
2302	694.89
2303	669.54
2304	684.27
2305	745.21
2306	821.63
2307	867.56
2308	858.07
2309	811.08
2310	761.81
2311	732.02
2312	717.96
2313	706.72
2314	691.62
2315	675.95
2316	665.92
2317	665.00
2318	673.13
2319	687.97
2320	703.70
2321	712.17
2322	709.63
2323	704.96
2324	714.41
2325	747.45
2326	796.10
2327	843.27
2328	872.44
2329	870.95
2330	833.77
2331	777.71
2332	742.60
2333	759.99
2334	815.66
2335	860.52
2336	859.16
2337	826.34
2338	802.51
2339	814.10
2340	857.23
2341	912.76
2342	952.76
2343	944.69
2344	875.21
2345	782.35
2346	731.18
2347	752.68
2348	809.19
2349	843.77
2350	838.48
2351	819.80
2352	816.35
2353	827.99
2354	835.31
2355	816.39
2356	753.16
2357	643.47
2358	528.24
2359	477.89
2360	525.18
2361	613.96
2362	662.09
2363	652.88
2364	644.03
2365	682.71
2366	739.10
2367	751.31
2368	709.57
2369	674.49
2370	696.47
2371	742.93
2372	741.34
2373	670.05
2374	583.37
2375	544.12
2376	570.67
2377	646.13
2378	728.61
2379	760.34
2380	716.58
2381	654.80
2382	654.32
2383	715.67
2384	760.89
2385	742.87
2386	711.89
2387	731.89
2388	777.02
2389	765.28
2390	685.17
2391	634.59
2392	691.66
2393	803.92
2394	867.59
2395	848.88
2396	787.23
2397	726.06
2398	684.56
2399	673.28
2400	703.82
2401	773.19
2402	832.23
2403	816.00
2404	742.01
2405	723.88
2406	819.54
2407	930.40
2408	937.67
2409	848.20
2410	741.89
2411	668.44
2412	636.30
2413	647.30
2414	703.33
2415	782.15
2416	828.61
2417	809.44
2418	759.16
2419	727.75
2420	721.47
2421	717.70
2422	695.69
2423	653.34
2424	627.95
2425	667.97
2426	750.00
2427	785.41
2428	737.22
2429	657.77
2430	619.02
2431	663.67
2432	763.56
2433	817.36
2434	777.41
2435	716.05
2436	699.71
2437	708.01
2438	708.49
2439	711.67
2440	741.88
2441	804.32
2442	856.29
2443	814.04
2444	676.14
2445	573.04
2446	598.56
2447	715.30
2448	822.30
2449	824.36
2450	743.72
