150	3644.44
151	3632.49
152	3622.54
153	3619.95
154	3624.92
155	3636.54
156	3653.55
157	3674.69
158	3698.67
159	3724.24
160	3750.10
161	3774.99
162	3797.80
163	3817.92
164	3835.44
165	3850.67
166	3863.94
167	3875.59
168	3885.97
169	3895.41
170	3904.25
171	3912.82
172	3921.32
173	3929.87
174	3938.55
175	3947.42
176	3956.54
177	3965.98
178	3975.81
179	3986.09
180	3996.91
181	4008.36
182	4020.63
183	4033.88
184	4048.30
185	4064.06
186	4081.36
187	4100.37
188	4121.26
189	4144.15
190	4168.89
191	4195.04
192	4222.03
193	4249.32
194	4276.32
195	4302.48
196	4327.23
197	4350.01
198	4370.35
199	4388.10
200	4403.45
201	4416.71
202	4428.20
203	4438.25
204	4447.19
205	4455.33
206	4463.01
207	4470.51
208	4478.00
209	4485.55
210	4493.18
211	4500.91
212	4508.75
213	4516.74
214	4524.89
215	4533.21
216	4541.74
217	4550.50
218	4559.54
219	4568.89
220	4578.60
221	4588.70
222	4599.25
223	4610.29
224	4621.84
225	4633.90
226	4646.32
227	4658.81
228	4671.07
229	4682.79
230	4693.67
231	4703.40
232	4711.66
233	4718.18
234	4722.88
235	4726.18
236	4728.87
237	4731.80
238	4735.87
239	4741.94
240	4750.89
241	4763.59
242	4780.85
243	4802.95
244	4829.10
245	4857.84
246	4887.58
247	4916.71
248	4943.62
249	4966.71
250	4984.38
251	4995.20
252	4998.64
253	4995.81
254	4988.71
255	4979.46
256	4970.18
257	4963.02
258	4960.09
259	4963.53
260	4975.16
261	4995.54
262	5023.30
263	5056.24
264	5092.03
265	5128.38
266	5162.95
267	5193.44
268	5217.55
269	5233.38
270	5240.52
271	5240.30
272	5234.68
273	5225.70
274	5215.39
275	5205.79
276	5198.91
277	5196.76
278	5200.83
279	5211.16
280	5226.43
281	5244.91
282	5264.84
283	5284.49
284	5302.09
285	5315.90
286	5324.25
287	5326.09
288	5321.92
289	5313.33
290	5302.11
291	5290.12
292	5279.19
293	5271.15
294	5267.84
295	5270.90
296	5281.00
297	5296.95
298	5316.56
299	5337.47
300	5357.32
301	5373.75
302	5384.39
303	5386.89
304	5379.28
305	5361.15
306	5334.21
307	5301.09
308	5264.50
309	5227.15
310	5191.77
311	5161.05
312	5137.69
313	5123.78
314	5119.64
315	5123.82
316	5134.34
317	5149.15
318	5166.22
319	5183.52
320	5199.02
321	5210.76
322	5217.40
323	5219.01
324	5216.68
325	5211.69
326	5205.35
327	5198.96
328	5193.83
329	5191.26
330	5192.45
331	5198.09
332	5207.99
333	5221.58
334	5238.19
335	5257.17
336	5277.86
337	5299.59
338	5321.72
339	5343.57
340	5364.44
341	5383.57
342	5400.21
343	5413.60
344	5422.96
345	5427.53
346	5426.56
347	5419.33
348	5405.55
349	5386.00
350	5362.25
351	5336.05
352	5309.18
353	5283.40
354	5260.48
355	5242.18
356	5230.11
357	5225.07
358	5226.50
359	5233.21
360	5243.88
361	5257.19
362	5271.83
363	5286.49
364	5299.85
365	5310.79
366	5318.66
367	5323.43
368	5325.21
369	5324.16
370	5320.42
371	5314.14
372	5305.46
373	5294.56
374	5281.77
375	5267.82
376	5253.66
377	5240.32
378	5228.82
379	5220.18
380	5215.42
381	5215.57
382	5221.41
383	5232.90
384	5248.74
385	5267.11
386	5286.15
387	5303.99
388	5318.76
389	5328.58
390	5331.66
391	5326.88
392	5315.00
393	5298.32
394	5279.58
395	5261.51
396	5246.87
397	5238.41
398	5238.87
399	5250.66
400	5274.66
401	5309.05
402	5350.70
403	5396.29
404	5442.50
405	5485.98
406	5523.41
407	5551.53
408	5567.83
409	5572.16
410	5566.64
411	5554.07
412	5537.32
413	5519.23
414	5502.66
415	5490.46
416	5485.29
417	5488.64
418	5499.91
419	5517.33
420	5538.93
421	5562.74
422	5586.81
423	5609.15
424	5627.81
425	5641.14
426	5648.38
427	5649.74
428	5645.70
429	5636.79
430	5623.53
431	5606.44
432	5586.03
433	5562.89
434	5537.90
435	5512.57
436	5488.73
437	5468.26
438	5453.05
439	5444.99
440	5445.96
441	5457.80
442	5481.70
443	5516.75
444	5559.97
445	5607.74
446	5656.37
447	5702.18
448	5741.50
449	5770.67
450	5786.33
451	5786.94
452	5774.15
453	5751.23
454	5721.75
455	5689.25
456	5657.32
457	5629.50
458	5609.29
459	5599.36
460	5600.02
461	5609.50
462	5625.40
463	5645.30
464	5666.78
465	5687.42
466	5704.79
467	5716.78
468	5722.53
469	5723.22
470	5720.88
471	5717.71
472	5715.88
473	5717.57
474	5724.96
475	5740.12
476	5764.25
477	5796.31
478	5833.69
479	5873.39
480	5912.38
481	5947.63
482	5976.13
483	5994.87
484	6001.42
485	5995.43
486	5979.07
487	5955.44
488	5927.75
489	5899.17
490	5872.93
491	5852.19
492	5839.94
493	5837.85
494	5845.10
495	5859.45
496	5878.42
497	5899.54
498	5920.31
499	5938.24
500	5950.92
501	5956.54
502	5955.15
503	5948.37
504	5938.26
505	5926.92
506	5916.45
507	5908.95
508	5906.48
509	5910.80
510	5922.31
511	5939.52
512	5960.22
513	5982.11
514	6002.88
515	6020.24
516	6031.89
517	6035.67
518	6030.44
519	6017.03
520	5997.46
521	5973.92
522	5948.65
523	5923.88
524	5901.83
525	5884.66
526	5873.90
527	5869.23
528	5868.76
529	5870.20
530	5871.20
531	5869.42
532	5862.54
533	5848.24
534	5824.64
535	5791.51
536	5750.72
537	5704.90
538	5656.77
539	5609.05
540	5564.46
541	5525.73
542	5495.33
543	5474.63
544	5462.92
545	5458.47
546	5459.39
547	5463.76
548	5469.70
549	5475.29
550	5478.68
551	5478.42
552	5473.96
553	5465.42
554	5453.06
555	5437.14
556	5417.93
557	5395.69
558	5370.70
559	5343.48
560	5315.21
561	5287.71
562	5262.99
563	5243.10
564	5230.05
565	5225.89
566	5232.61
567	5251.80
568	5283.39
569	5325.22
570	5374.35
571	5427.74
572	5482.35
573	5535.15
574	5583.10
575	5623.49
576	5655.06
577	5678.98
578	5697.59
579	5713.38
580	5728.85
581	5746.53
582	5768.90
583	5798.31
584	5836.11
585	5881.57
586	5932.73
587	5987.38
588	6043.34
589	6098.38
590	6150.31
591	6196.99
592	6236.95
593	6270.36
594	6298.59
595	6323.30
596	6346.17
597	6368.87
598	6393.08
599	6420.41
600	6451.85
601	6486.44
602	6521.49
603	6553.84
604	6580.27
605	6597.56
606	6602.51
607	6591.96
608	6563.42
609	6516.76
610	6454.41
611	6379.63
612	6295.76
613	6206.14
614	6114.12
615	6023.03
616	5935.95
617	5855.03
618	5781.22
619	5714.99
620	5656.79
621	5607.04
622	5566.19
623	5534.65
624	5512.70
625	5499.84
626	5494.50
627	5494.66
628	5498.21
629	5503.07
630	5507.15
631	5508.34
632	5504.75
633	5495.25
634	5480.08
635	5460.08
636	5436.22
637	5409.44
638	5380.68
639	5350.90
640	5321.04
641	5291.89
642	5264.05
643	5238.02
644	5214.26
645	5193.23
646	5175.42
647	5161.28
648	5151.24
649	5145.43
650	5143.47
651	5144.67
652	5148.30
653	5153.62
654	5159.89
655	5166.39
656	5172.41
657	5177.56
658	5182.00
659	5186.20
660	5190.71
661	5196.07
662	5202.83
663	5211.53
664	5222.68
665	5236.44
666	5252.38
667	5269.64
668	5287.34
669	5304.56
670	5320.38
671	5333.92
672	5344.37
673	5351.64
674	5357.16
675	5363.18
676	5372.16
677	5386.56
678	5408.83
679	5441.41
680	5486.57
681	5545.39
682	5616.49
683	5697.09
684	5784.11
685	5874.49
686	5965.14
687	6053.00
688	6135.20
689	6210.05
690	6278.23
691	6341.76
692	6402.89
693	6463.91
694	6527.08
695	6594.67
696	6668.82
697	6750.86
698	6840.65
699	6937.26
700	7039.61
701	7146.62
702	7257.21
703	7370.31
704	7484.84
705	7599.85
706	7714.50
707	7828.09
708	7939.88
709	8049.16
710	8155.22
711	8257.33
712	8354.79
713	8446.99
714	8533.44
715	8613.68
716	8687.31
717	8753.89
718	8813.00
719	8864.21
720	8907.15
721	8941.69
722	8968.06
723	8986.59
724	8997.66
725	9001.63
726	8998.88
727	8989.78
728	8974.69
729	8953.97
730	8928.00
731	8897.14
732	8861.75
733	8822.19
734	8778.84
735	8732.05
736	8682.30
737	8630.32
738	8577.20
739	8524.06
740	8472.09
741	8422.44
742	8376.28
743	8334.74
744	8298.72
745	8268.47
746	8243.64
747	8223.74
748	8208.26
749	8196.71
750	8188.58
751	8183.40
752	8180.94
753	8181.57
754	8186.07
755	8195.30
756	8210.13
757	8231.43
758	8260.07
759	8296.78
760	8341.55
761	8392.86
762	8448.38
763	8505.63
764	8562.14
765	8615.40
766	8662.95
767	8702.53
768	8732.85
769	8754.19
770	8767.47
771	8773.70
772	8773.91
773	8769.13
774	8760.38
775	8748.62
776	8734.55
777	8718.65
778	8701.26
779	8682.73
780	8663.41
781	8643.63
782	8623.81
783	8604.85
784	8589.09
785	8580.14
786	8581.97
787	8598.56
788	8633.89
789	8691.91
790	8776.36
791	8889.20
792	9028.48
793	9189.87
794	9368.47
795	9559.40
796	9757.76
797	9958.68
798	10157.72
799	10352.64
800	10544.73
801	10736.88
802	10932.23
803	11133.93
804	11345.13
805	11568.92
806	11807.63
807	12060.88
808	12325.27
809	12596.32
810	12869.49
811	13140.21
812	13403.95
813	13656.45
814	13896.00
815	14127.54
816	14361.05
817	14607.76
818	14878.98
819	15186.03
820	15540.16
821	15951.44
822	16423.47
823	16947.86
824	17510.16
825	18094.86
826	18686.40
827	19269.23
828	19827.93
829	20349.13
830	20827.16
831	21265.54
832	21671.15
833	22051.17
834	22412.79
835	22763.21
836	23109.30
837	23455.16
838	23797.68
839	24128.29
840	24437.04
841	24713.93
842	24948.94
843	25132.10
844	25254.68
845	25314.13
846	25318.71
847	25281.81
848	25217.66
849	25140.53
850	25064.67
851	25004.19
852	24971.20
853	24971.09
854	25002.18
855	25060.53
856	25142.01
857	25242.48
858	25357.79
859	25483.86
860	25616.91
861	25753.91
862	25892.26
863	26029.47
864	26163.04
865	26290.48
866	26409.28
867	26516.72
868	26609.24
869	26682.15
870	26730.31
871	26748.54
872	26731.66
873	26674.48
874	26572.17
875	26422.69
876	26231.24
877	26008.48
878	25766.40
879	25517.08
880	25272.57
881	25044.87
882	24844.52
883	24675.27
884	24530.49
885	24399.06
886	24269.23
887	24129.20
888	23967.20
889	23771.89
890	23536.12
891	23264.43
892	22971.07
893	22672.91
894	22386.98
895	22130.31
896	21919.85
897	21770.77
898	21689.71
899	21669.39
900	21696.22
901	21755.69
902	21833.21
903	21914.23
904	21984.49
905	22032.54
906	22054.96
907	22055.11
908	22038.13
909	22009.32
910	21973.94
911	21937.25
912	21903.84
913	21875.17
914	21847.80
915	21816.11
916	21774.18
917	21716.04
918	21635.77
919	21527.69
920	21388.46
921	21220.97
922	21032.92
923	20833.30
924	20631.13
925	20435.44
926	20255.22
927	20098.61
928	19970.08
929	19869.04
930	19792.85
931	19738.59
932	19703.36
933	19684.23
934	19678.33
935	19682.81
936	19695.04
937	19712.51
938	19732.73
939	19753.22
940	19771.47
941	19785.04
942	19791.69
943	19790.10
944	19779.92
945	19761.17
946	19733.90
947	19698.15
948	19653.98
949	19601.71
950	19543.13
951	19482.85
952	19426.88
953	19381.51
954	19353.03
955	19347.73
956	19371.69
957	19429.02
958	19518.23
959	19633.11
960	19766.19
961	19909.91
962	20056.71
963	20199.05
964	20329.52
965	20441.29
966	20528.31
967	20584.86
968	20605.22
969	20583.71
970	20514.63
971	20392.69
972	20214.99
973	19983.54
974	19703.21
975	19379.42
976	19017.59
977	18623.18
978	18201.68
979	17759.34
980	17304.48
981	16847.28
982	16398.40
983	15968.59
984	15568.55
985	15208.93
986	14899.08
987	14643.21
988	14438.71
989	14280.38
990	14162.72
991	14080.22
992	14027.38
993	13998.88
994	13990.42
995	13999.65
996	14025.25
997	14066.08
998	14121.01
999	14188.89
1000	14268.61
1001	14359.03
1002	14459.05
1003	14567.57
1004	14683.50
1005	14805.75
1006	14933.23
1007	15064.87
1008	15199.68
1009	15337.08
1010	15476.90
1011	15619.08
1012	15763.57
1013	15910.33
1014	16059.29
1015	16210.06
1016	16360.75
1017	16507.37
1018	16645.03
1019	16768.76
1020	16873.58
1021	16954.51
1022	17007.16
1023	17030.32
1024	17028.86
1025	17010.86
1026	16984.96
1027	16959.83
1028	16944.12
1029	16946.09
1030	16971.11
1031	17017.50
1032	17078.83
1033	17147.56
1034	17216.12
1035	17276.92
1036	17322.56
1037	17347.62
1038	17352.34
1039	17341.99
1040	17323.21
1041	17302.74
1042	17287.33
1043	17283.68
1044	17297.88
1045	17333.89
1046	17393.35
1047	17477.11
1048	17585.95
1049	17720.64
1050	17881.96
1051	18070.70
1052	18287.69
1053	18533.85
1054	18810.09
1055	19117.34
1056	19456.54
1057	19828.58
1058	20233.53
1059	20667.53
1060	21120.36
1061	21578.89
1062	22029.58
1063	22458.87
1064	22853.23
1065	23200.30
1066	23494.00
1067	23740.14
1068	23950.77
1069	24138.99
1070	24317.97
1071	24500.83
1072	24699.79
1073	24921.25
1074	25159.17
1075	25400.18
1076	25629.43
1077	25832.00
1078	25993.00
1079	26098.03
1080	26136.46
1081	26106.40
1082	26011.82
1083	25857.96
1084	25650.13
1085	25393.62
1086	25093.63
1087	24754.32
1088	24377.24
1089	23962.09
1090	23508.11
1091	23014.51
1092	22480.52
1093	21905.69
1094	21292.55
1095	20651.60
1096	19999.56
1097	19354.73
1098	18735.53
1099	18160.32
1100	17647.01
1101	17208.76
1102	16845.58
1103	16546.71
1104	16298.50
1105	16087.14
1106	15898.79
1107	15719.92
1108	15539.62
1109	15354.44
1110	15167.29
1111	14982.78
1112	14805.61
1113	14640.51
1114	14491.96
1115	14362.22
1116	14247.19
1117	14137.40
1118	14021.88
1119	13889.58
1120	13729.45
1121	13530.79
1122	13285.97
1123	12996.21
1124	12670.00
1125	12317.82
1126	11950.30
1127	11578.02
1128	11211.43
1129	10859.50
1130	10527.14
1131	10216.01
1132	9926.95
1133	9660.74
1134	9418.15
1135	9199.88
1136	9006.15
1137	8835.80
1138	8686.68
1139	8556.39
1140	8442.52
1141	8342.64
1142	8254.38
1143	8175.56
1144	8104.56
1145	8040.14
1146	7981.13
1147	7926.38
1148	7874.73
1149	7825.10
1150	7776.97
1151	7730.97
1152	7688.50
1153	7651.13
1154	7620.40
1155	7597.88
1156	7584.92
1157	7581.78
1158	7586.47
1159	7595.77
1160	7606.23
1161	7614.40
1162	7616.83
1163	7610.48
1164	7594.36
1165	7571.02
1166	7544.76
1167	7520.13
1168	7501.71
1169	7494.04
1170	7500.86
1171	7522.49
1172	7554.19
1173	7589.09
1174	7620.04
1175	7639.90
1176	7641.61
1177	7619.69
1178	7574.49
1179	7513.47
1180	7446.64
1181	7384.27
1182	7336.62
1183	7313.78
1184	7323.40
1185	7365.55
1186	7432.92
1187	7515.92
1188	7604.82
1189	7689.89
1190	7761.63
1191	7812.85
1192	7842.29
1193	7853.24
1194	7850.15
1195	7837.53
1196	7819.87
1197	7801.50
1198	7785.58
1199	7772.82
1200	7762.50
1201	7753.58
1202	7745.03
1203	7735.83
1204	7725.23
1205	7713.83
1206	7704.42
1207	7700.82
1208	7706.99
1209	7726.90
1210	7764.47
1211	7822.77
1212	7901.76
1213	7997.59
1214	8105.07
1215	8218.85
1216	8333.59
1217	8444.05
1218	8546.05
1219	8638.42
1220	8722.65
1221	8800.99
1222	8875.69
1223	8949.04
1224	9023.32
1225	9100.76
1226	9183.57
1227	9273.88
1228	9373.85
1229	9485.63
1230	9611.34
1231	9753.01
1232	9911.97
1233	10088.60
1234	10282.82
1235	10494.47
1236	10723.41
1237	10969.52
1238	11232.94
1239	11514.70
1240	11816.75
1241	12141.36
1242	12490.83
1243	12867.44
1244	13273.48
1245	13711.12
1246	14182.29
1247	14688.77
1248	15232.27
1249	15814.52
1250	16437.19
1251	17100.89
1252	17801.07
1253	18524.60
1254	19254.43
1255	19972.92
1256	20662.39
1257	21305.39
1258	21887.00
1259	22400.86
1260	22849.51
1261	23238.34
1262	23573.00
1263	23859.11
1264	24101.90
1265	24303.94
1266	24461.62
1267	24567.40
1268	24612.87
1269	24589.61
1270	24489.28
1271	24305.48
1272	24040.20
1273	23707.41
1274	23326.02
1275	22915.55
1276	22495.55
1277	22085.28
1278	21701.17
1279	21351.66
1280	21038.46
1281	20761.45
1282	20520.37
1283	20315.02
1284	20145.94
1285	20017.62
1286	19941.61
1287	19932.99
1288	20007.40
1289	20180.50
1290	20467.57
1291	20878.80
1292	21407.87
1293	22031.64
1294	22721.75
1295	23449.37
1296	24185.69
1297	24902.30
1298	25573.25
1299	26177.54
1300	26697.03
1301	27114.07
1302	27411.05
1303	27570.59
1304	27578.37
1305	27430.95
1306	27137.04
1307	26709.46
1308	26161.40
1309	25506.10
1310	24757.24
1311	23931.48
1312	23051.76
1313	22144.76
1314	21237.87
1315	20358.56
1316	19533.92
1317	18786.40
1318	18121.86
1319	17527.50
1320	16984.16
1321	16472.12
1322	15971.66
1323	15464.07
1324	14936.94
1325	14390.80
1326	13833.56
1327	13274.56
1328	12723.17
1329	12188.74
1330	11679.55
1331	11200.55
1332	10753.21
1333	10337.88
1334	9954.80
1335	9604.25
1336	9286.37
1337	9000.85
1338	8746.50
1339	8521.68
1340	8324.69
1341	8153.79
1342	8007.23
1343	7882.69
1344	7776.24
1345	7682.60
1346	7596.08
1347	7510.96
1348	7421.56
1349	7323.05
1350	7214.29
1351	7099.68
1352	6985.97
1353	6880.24
1354	6789.54
1355	6720.57
1356	6677.22
1357	6656.71
1358	6651.77
1359	6654.12
1360	6655.46
1361	6647.56
1362	6623.73
1363	6582.51
1364	6528.30
1365	6467.39
1366	6406.27
1367	6351.40
1368	6308.52
1369	6279.56
1370	6259.83
1371	6241.41
1372	6215.85
1373	6174.70
1374	6109.86
1375	6016.18
1376	5896.08
1377	5757.61
1378	5610.17
1379	5463.27
1380	5326.30
1381	5207.29
1382	5109.35
1383	5030.02
1384	4964.91
1385	4909.46
1386	4859.13
1387	4809.96
1388	4760.84
1389	4715.56
1390	4680.18
1391	4661.13
1392	4664.84
1393	4697.35
1394	4761.80
1395	4854.47
1396	4967.06
1397	5090.20
1398	5214.51
1399	5330.74
1400	5431.39
1401	5514.42
1402	5582.99
1403	5641.87
1404	5695.93
1405	5750.04
1406	5808.91
1407	5876.56
1408	5956.11
1409	6050.33
1410	6161.94
1411	6293.67
1412	6448.20
1413	6627.98
1414	6835.09
1415	7071.37
1416	7338.67
1417	7638.80
1418	7973.76
1419	8346.62
1420	8763.06
1421	9230.49
1422	9756.66
1423	10349.39
1424	11016.52
1425	11766.60
1426	12610.07
1427	13559.04
1428	14626.12
1429	15823.89
1430	17164.50
1431	18653.11
1432	20270.65
1433	21971.01
1434	23699.03
1435	25398.66
1436	27014.04
1437	28492.73
1438	29796.78
1439	30908.34
1440	31817.64
1441	32515.92
1442	32994.52
1443	33246.83
1444	33276.43
1445	33104.13
1446	32758.95
1447	32271.15
1448	31671.04
1449	30988.70
1450	30252.60
1451	29488.09
1452	28718.80
1453	27968.03
1454	27259.00
1455	26613.35
1456	26041.45
1457	25527.97
1458	25040.95
1459	24544.84
1460	24003.97
1461	23383.96
1462	22661.25
1463	21839.88
1464	20944.19
1465	20003.52
1466	19047.43
1467	18104.97
1468	17200.21
1469	16343.31
1470	15532.95
1471	14764.76
1472	14034.16
1473	13336.67
1474	12668.64
1475	12028.98
1476	11418.87
1477	10840.19
1478	10294.83
1479	9784.67
1480	9311.14
1481	8874.36
1482	8473.12
1483	8105.82
1484	7770.83
1485	7466.52
1486	7191.00
1487	6941.61
1488	6714.92
1489	6507.22
1490	6314.82
1491	6134.03
1492	5961.40
1493	5794.30
1494	5630.98
1495	5469.92
1496	5309.66
1497	5148.76
1498	4986.38
1499	4823.62
1500	4663.60
1501	4510.08
1502	4366.89
1503	4237.80
1504	4125.80
1505	4031.41
1506	3952.60
1507	3886.52
1508	3830.27
1509	3780.94
1510	3735.80
1511	3692.59
1512	3649.52
1513	3604.97
1514	3557.31
1515	3504.96
1516	3446.72
1517	3382.58
1518	3313.62
1519	3241.23
1520	3166.84
1521	3091.87
1522	3017.97
1523	2947.33
1524	2882.62
1525	2826.63
1526	2782.17
1527	2751.83
1528	2736.60
1529	2733.22
1530	2735.21
1531	2735.34
1532	2726.33
1533	2701.31
1534	2656.38
1535	2594.63
1536	2523.76
1537	2452.49
1538	2389.58
1539	2343.28
1540	2318.69
1541	2314.50
1542	2325.71
1543	2346.62
1544	2371.51
1545	2394.90
1546	2412.72
1547	2423.26
1548	2426.00
1549	2420.59
1550	2406.73
1551	2384.36
1552	2354.66
1553	2320.56
1554	2285.70
1555	2253.82
1556	2228.62
1557	2213.12
1558	2207.84
1559	2210.42
1560	2217.50
1561	2225.62
1562	2231.39
1563	2232.07
1564	2226.98
1565	2217.27
1566	2204.62
1567	2190.77
1568	2177.39
1569	2165.97
1570	2157.43
1571	2152.33
1572	2151.12
1573	2154.27
1574	2162.08
1575	2174.04
1576	2188.11
1577	2201.40
1578	2210.87
1579	2213.53
1580	2206.95
1581	2191.16
1582	2169.71
1583	2147.58
1584	2129.95
1585	2121.90
1586	2127.47
1587	2147.20
1588	2178.11
1589	2216.07
1590	2256.88
1591	2296.42
1592	2331.39
1593	2360.48
1594	2383.83
1595	2401.93
1596	2415.27
1597	2424.37
1598	2429.86
1599	2432.55
1600	2433.36
1601	2433.22
1602	2433.07
1603	2434.19
1604	2439.05
1605	2451.58
1606	2476.28
1607	2517.68
1608	2580.08
1609	2665.71
1610	2771.06
1611	2888.07
1612	3007.45
1613	3119.90
1614	3217.07
1615	3296.07
1616	3364.30
1617	3434.54
1618	3520.52
1619	3635.90
1620	3792.06
1621	3992.08
1622	4229.00
1623	4492.27
1624	4770.99
1625	5054.75
1626	5337.33
1627	5623.19
1628	5924.64
1629	6255.96
1630	6631.42
1631	7064.01
1632	7560.17
1633	8115.75
1634	8721.69
1635	9368.22
1636	10045.97
1637	10750.94
1638	11495.91
1639	12309.86
1640	13226.65
1641	14280.47
1642	15503.58
1643	16916.83
1644	18517.95
1645	20291.78
1646	22220.70
1647	24286.65
1648	26466.25
1649	28716.94
1650	30973.96
1651	33164.87
1652	35216.48
1653	37055.66
1654	38609.77
1655	39807.25
1656	40577.29
1657	40849.26
1658	40553.49
1659	39637.48
1660	38115.05
1661	36084.10
1662	33673.75
1663	31016.45
1664	28242.68
1665	25467.42
1666	22769.24
1667	20202.57
1668	17816.41
1669	15659.10
1670	13771.57
1671	12166.17
1672	10818.97
1673	9692.55
1674	8748.05
1675	7947.38
1676	7258.26
1677	6661.58
1678	6146.64
1679	5704.51
1680	5326.37
1681	5003.54
1682	4727.86
1683	4491.78
1684	4287.96
1685	4109.09
1686	3948.04
1687	3798.92
1688	3658.22
1689	3523.82
1690	3393.86
1691	3266.55
1692	3140.94
1693	3018.73
1694	2904.18
1695	2802.33
1696	2718.26
1697	2656.45
1698	2618.54
1699	2601.48
1700	2600.03
1701	2608.63
1702	2621.84
1703	2635.26
1704	2647.15
1705	2657.77
1706	2667.86
1707	2678.18
1708	2689.33
1709	2701.28
1710	2713.27
1711	2724.26
1712	2733.19
1713	2739.41
1714	2744.64
1715	2755.03
1716	2779.10
1717	2825.80
1718	2903.72
1719	3018.11
1720	3165.00
1721	3332.94
1722	3508.48
1723	3678.24
1724	3831.68
1725	3969.17
1726	4104.63
1727	4256.94
1728	4445.46
1729	4687.82
1730	4992.35
1731	5350.27
1732	5744.09
1733	6154.88
1734	6564.04
1735	6956.41
1736	7325.50
1737	7671.08
1738	7994.47
1739	8296.92
1740	8578.03
1741	8831.85
1742	9046.71
1743	9209.05
1744	9305.27
1745	9323.31
1746	9257.80
1747	9113.13
1748	8897.72
1749	8620.50
1750	8290.34
1751	7915.58
1752	7503.54
1753	7061.00
1754	6594.65
1755	6111.33
1756	5619.44
1757	5131.06
1758	4660.94
1759	4224.47
1760	3836.71
1761	3509.05
1762	3241.63
1763	3024.13
1764	2843.16
1765	2685.25
1766	2538.63
1767	2397.96
1768	2265.47
1769	2146.09
1770	2044.98
1771	1966.27
1772	1909.57
1773	1867.80
1774	1831.03
1775	1789.04
1776	1732.68
1777	1658.76
1778	1574.69
1779	1493.19
1780	1427.84
1781	1391.25
1782	1389.97
1783	1417.75
1784	1460.86
1785	1504.10
1786	1532.79
1787	1536.56
1788	1515.39
1789	1476.26
1790	1427.75
1791	1378.37
1792	1335.35
1793	1302.50
1794	1280.97
1795	1271.25
1796	1273.70
1797	1287.81
1798	1310.59
1799	1336.87
1800	1360.90
1801	1376.98
1802	1380.84
1803	1372.44
1804	1355.80
1805	1336.15
1806	1318.72
1807	1307.75
1808	1304.27
1809	1306.09
1810	1309.99
1811	1312.71
1812	1311.66
1813	1306.46
1814	1299.05
1815	1292.13
1816	1288.43
1817	1290.05
1818	1296.93
1819	1306.69
1820	1316.19
1821	1322.25
1822	1322.15
1823	1314.68
1824	1300.26
1825	1279.87
1826	1254.56
1827	1225.83
1828	1196.68
1829	1171.64
1830	1155.78
1831	1154.06
1832	1169.54
1833	1199.21
1834	1233.92
1835	1262.63
1836	1274.41
1837	1261.33
1838	1224.76
1839	1174.76
1840	1124.01
1841	1085.08
1842	1067.88
1843	1074.62
1844	1100.93
1845	1140.61
1846	1187.33
1847	1234.87
1848	1277.25
1849	1308.63
1850	1323.27
1851	1315.83
1852	1284.07
1853	1233.11
1854	1172.98
1855	1114.81
1856	1069.19
1857	1042.99
1858	1035.31
1859	1040.81
1860	1053.28
1861	1066.89
1862	1078.00
1863	1086.87
1864	1095.62
1865	1106.68
1866	1121.94
1867	1140.93
1868	1159.68
1869	1172.82
1870	1174.85
1871	1161.72
1872	1134.45
1873	1100.06
1874	1067.62
1875	1046.20
1876	1042.44
1877	1055.68
1878	1078.65
1879	1102.15
1880	1117.25
1881	1117.88
1882	1105.04
1883	1084.65
1884	1063.73
1885	1048.89
1886	1044.06
1887	1048.05
1888	1056.94
1889	1066.40
1890	1072.53
1891	1073.61
1892	1070.91
1893	1066.92
1894	1064.26
1895	1065.07
1896	1069.99
1897	1078.11
1898	1088.03
1899	1098.34
1900	1107.75
1901	1115.30
1902	1120.25
1903	1121.92
1904	1119.74
1905	1113.68
1906	1104.68
1907	1094.17
1908	1083.66
1909	1074.67
1910	1068.85
1911	1067.95
1912	1073.76
1913	1087.93
1914	1110.73
1915	1138.70
1916	1165.52
1917	1184.11
1918	1188.10
1919	1174.97
1920	1149.38
1921	1119.68
1922	1094.77
1923	1082.42
1924	1086.26
1925	1105.04
1926	1135.84
1927	1175.44
1928	1219.91
1929	1263.46
1930	1299.03
1931	1319.28
1932	1317.94
1933	1293.88
1934	1254.05
1935	1209.06
1936	1169.76
1937	1144.29
1938	1132.40
1939	1126.02
1940	1114.85
1941	1089.54
1942	1047.21
1943	997.56
1944	957.05
1945	943.04
1946	968.17
1947	1028.45
1948	1101.43
1949	1158.60
1950	1172.86
1951	1130.47
1952	1046.71
1953	954.48
1954	889.91
1955	882.48
1956	936.35
1957	1025.22
1958	1111.91
1959	1160.16
1960	1147.42
1961	1082.24
1962	992.73
1963	910.86
1964	863.93
1965	861.08
1966	889.68
1967	929.38
1968	960.19
1969	969.52
1970	960.84
1971	947.30
1972	943.76
1973	961.60
1974	999.95
1975	1044.57
1976	1076.85
1977	1079.63
1978	1046.27
1979	990.27
1980	935.76
1981	908.14
1982	925.96
1983	987.09
1984	1070.57
1985	1150.14
1986	1201.78
1987	1213.44
1988	1191.59
1989	1150.73
1990	1106.05
1991	1069.51
1992	1045.13
1993	1031.44
1994	1025.70
1995	1025.43
1996	1029.24
1997	1036.97
1998	1048.85
1999	1064.80
2000	1082.91
2001	1097.92
2002	1102.98
2003	1091.42
2004	1060.48
2005	1017.54
2006	977.53
2007	957.03
2008	969.14
2009	1014.12
2010	1077.59
2011	1140.22
2012	1183.79
2013	1198.10
2014	1186.53
2015	1158.84
2016	1125.54
2017	1095.27
2018	1072.20
2019	1057.56
2020	1051.83
2021	1054.89
2022	1064.76
2023	1077.72
2024	1089.58
2025	1096.69
2026	1097.93
2027	1095.42
2028	1092.51
2029	1092.47
2030	1097.22
2031	1106.30
2032	1118.06
2033	1130.56
2034	1141.24
2035	1146.08
2036	1140.13
2037	1118.55
2038	1079.42
2039	1029.07
2040	980.73
2041	949.28
2042	946.77
2043	975.32
2044	1026.50
2045	1088.42
2046	1149.45
2047	1199.96
2048	1233.10
2049	1243.11
2050	1225.67
2051	1182.67
2052	1126.03
2053	1072.11
2054	1036.69
2055	1028.43
2056	1042.42
2057	1066.69
2058	1088.46
2059	1097.95
2060	1092.00
2061	1071.45
2062	1038.19
2063	995.91
2064	952.58
2065	919.03
2066	906.25
2067	920.39
2068	954.90
2069	993.52
2070	1018.16
2071	1016.08
2072	989.93
2073	955.20
2074	930.34
2075	929.19
2076	951.34
2077	983.85
2078	1010.52
2079	1018.59
2080	1006.49
2081	982.92
2082	959.46
2083	946.01
2084	946.74
2085	960.42
2086	984.19
2087	1014.80
2088	1048.04
2089	1078.86
2090	1102.08
2091	1113.88
2092	1114.55
2093	1108.19
2094	1099.87
2095	1093.92
2096	1092.23
2097	1094.55
2098	1099.93
2099	1106.31
2100	1108.64
2101	1099.47
2102	1071.33
2103	1021.52
2104	959.71
2105	904.65
2106	876.12
2107	885.48
2108	924.21
2109	970.73
2110	1002.09
2111	1004.68
2112	984.60
2113	959.22
2114	946.64
2115	957.12
2116	986.58
2117	1023.86
2118	1057.59
2119	1080.75
2120	1092.99
2121	1096.80
2122	1095.07
2123	1090.73
2124	1086.75
2125	1086.05
2126	1090.50
2127	1098.80
2128	1106.51
2129	1108.44
2130	1101.22
2131	1086.52
2132	1069.80
2133	1057.30
2134	1054.00
2135	1062.05
2136	1081.96
2137	1113.08
2138	1150.91
2139	1184.72
2140	1201.18
2141	1189.89
2142	1152.70
2143	1105.91
2144	1070.28
2145	1061.11
2146	1076.74
2147	1101.29
2148	1116.34
2149	1111.60
2150	1094.53
2151	1082.91
2152	1093.61
2153	1130.29
2154	1176.93
2155	1209.64
2156	1209.10
2157	1174.21
2158	1121.87
2159	1073.52
2160	1043.43
2161	1028.52
2162	1014.56
2163	987.36
2164	944.02
2165	899.04
2166	874.00
2167	885.99
2168	935.00
2169	1004.66
2170	1074.38
2171	1127.49
2172	1156.35
2173	1158.69
2174	1134.63
2175	1089.63
2176	1035.98
2177	987.96
2178	955.12
2179	933.93
2180	911.22
2181	874.15
2182	823.07
2183	779.44
2184	773.22
2185	824.97
2186	923.63
2187	1030.02
2188	1100.66
2189	1110.93
2190	1070.98
2191	1007.93
2192	947.94
2193	905.21
2194	882.37
2195	877.99
2196	887.61
2197	901.63
2198	908.11
2199	898.30
2200	874.78
2201	850.83
2202	841.02
2203	850.06
2204	864.89
2205	864.61
2206	835.07
2207	785.63
2208	745.73
2209	745.74
2210	795.06
2211	870.49
2212	936.06
2213	964.67
2214	956.06
2215	929.00
2216	903.82
2217	889.85
2218	882.81
2219	874.41
2220	861.14
2221	849.80
2222	852.42
2223	876.79
2224	915.47
2225	947.80
2226	953.30
2227	927.69
2228	889.55
2229	864.57
2230	866.36
2231	880.88
2232	878.86
2233	838.36
2234	768.10
2235	703.60
2236	680.58
2237	705.79
2238	747.43
2239	763.09
2240	731.71
2241	675.28
2242	636.50
2243	647.75
2244	705.79
2245	781.84
2246	846.09
2247	885.13
2248	902.46
2249	906.58
2250	905.42
2251	905.44
2252	911.51
2253	922.54
2254	927.07
2255	909.75
2256	864.17
2257	805.87
2258	763.45
2259	760.01
2260	795.65
2261	851.95
2262	906.24
2263	937.69
2264	927.93
2265	866.45
2266	769.69
2267	686.23
2268	666.59
2269	720.23
2270	796.18
2271	826.76
2272	781.65
2273	697.78
2274	638.40
2275	643.29
2276	699.65
2277	769.05
2278	819.47
2279	841.67
2280	839.77
2281	822.23
2282	801.50
2283	791.65
2284	800.92
2285	823.00
2286	842.60
2287	846.59
2288	832.00
2289	802.96
2290	766.47
2291	732.77
2292	713.30
2293	712.43
2294	716.51
2295	701.42
2296	654.79
2297	598.35
2298	573.79
2299	607.85
2300	682.53
2301	754.02
2302	790.10
2303	795.61
2304	795.14
2305	803.88
2306	810.43
2307	792.65
2308	745.13
2309	695.95
2310	683.04
2311	717.11
2312	763.66
2313	777.40
2314	745.70
2315	701.15
2316	683.45
2317	698.77
2318	716.18
2319	705.13
2320	671.92
2321	654.12
2322	682.67
2323	750.09
2324	823.18
2325	871.50
2326	882.38
2327	855.74
2328	805.81
2329	765.36
2330	765.79
2331	805.40
2332	844.76
2333	843.76
2334	796.54
2335	726.04
2336	659.53
2337	617.16
2338	610.96
2339	635.12
2340	658.95
2341	651.77
2342	617.93
2343	596.72
2344	617.24
2345	656.37
2346	662.50
2347	616.30
2348	564.11
2349	565.34
2350	623.37
2351	681.14
2352	687.50
2353	651.41
2354	618.03
2355	621.40
2356	665.71
2357	737.93
2358	809.93
2359	844.68
2360	819.13
2361	742.85
2362	645.10
2363	567.06
2364	555.20
2365	628.08
2366	737.73
2367	810.33
2368	820.56
2369	808.53
2370	811.80
2371	807.67
2372	749.01
2373	644.74
2374	578.30
2375	612.58
2376	699.47
2377	740.24
2378	705.38
2379	658.61
2380	655.36
2381	665.33
2382	631.41
2383	569.85
2384	567.56
2385	663.02
2386	770.18
2387	786.24
2388	724.90
2389	682.13
2390	702.50
2391	734.32
2392	722.34
2393	681.22
2394	656.96
2395	667.18
2396	696.16
2397	718.11
2398	709.67
2399	671.59
2400	652.46
2401	700.64
2402	787.00
2403	829.03
2404	791.83
2405	718.73
2406	666.79
2407	665.29
2408	707.88
2409	738.03
2410	701.85
2411	641.16
2412	654.66
2413	741.84
2414	782.64
2415	717.43
2416	636.77
2417	634.14
2418	688.19
2419	736.76
2420	761.48
2421	767.61
2422	739.40
2423	665.20
2424	606.49
2425	653.48
2426	768.02
2427	800.21
2428	719.93
2429	662.82
2430	695.65
2431	728.88
2432	703.99
2433	681.94
2434	695.54
2435	673.42
2436	589.52
2437	549.89
2438	633.43
2439	781.22
2440	895.60
2441	920.64
2442	848.77
2443	723.90
2444	629.92
2445	656.74
2446	791.00
2447	895.80
2448	895.19
2449	840.30
2450	794.37
