150	3705.36
151	3695.14
152	3685.76
153	3681.39
154	3682.25
155	3687.76
156	3697.15
157	3709.60
158	3724.32
159	3740.51
160	3757.36
161	3774.09
162	3789.97
163	3804.61
164	3818.01
165	3830.29
166	3841.60
167	3852.09
168	3861.91
169	3871.22
170	3880.14
171	3888.81
172	3897.21
173	3905.19
174	3912.53
175	3919.01
176	3924.42
177	3928.52
178	3931.12
179	3931.98
180	3931.03
181	3928.69
182	3925.99
183	3924.18
184	3924.53
185	3928.34
186	3936.86
187	3951.39
188	3973.18
189	4003.17
190	4041.15
191	4085.50
192	4134.16
193	4184.97
194	4235.80
195	4284.51
196	4328.95
197	4367.01
198	4396.94
199	4418.23
200	4431.84
201	4439.17
202	4441.69
203	4440.86
204	4438.16
205	4435.05
206	4432.97
207	4433.21
208	4436.43
209	4442.69
210	4451.84
211	4463.72
212	4478.16
213	4495.00
214	4514.08
215	4535.22
216	4558.21
217	4582.64
218	4607.98
219	4633.62
220	4658.96
221	4683.41
222	4706.36
223	4727.21
224	4745.39
225	4760.47
226	4772.54
227	4782.07
228	4789.64
229	4795.83
230	4801.23
231	4806.43
232	4812.01
233	4818.55
234	4826.48
235	4835.91
236	4846.67
237	4858.59
238	4871.44
239	4885.03
240	4899.16
241	4913.62
242	4928.20
243	4942.73
244	4957.02
245	4970.92
246	4984.29
247	4996.97
248	5008.82
249	5019.67
250	5029.39
251	5037.82
252	5044.82
253	5050.26
254	5054.03
255	5055.99
256	5056.02
257	5054.02
258	5049.86
259	5043.41
260	5034.70
261	5024.28
262	5013.56
263	5004.29
264	4998.29
265	4997.35
266	5003.29
267	5017.92
268	5043.02
269	5079.90
270	5128.07
271	5184.96
272	5247.24
273	5311.48
274	5374.27
275	5432.18
276	5481.81
277	5519.81
278	5543.60
279	5552.96
280	5549.88
281	5536.93
282	5516.78
283	5492.07
284	5465.44
285	5439.55
286	5416.95
287	5399.57
288	5387.75
289	5380.74
290	5377.52
291	5377.07
292	5378.36
293	5380.36
294	5382.06
295	5382.48
296	5380.99
297	5377.59
298	5372.60
299	5366.40
300	5359.37
301	5351.91
302	5344.39
303	5337.20
304	5330.68
305	5324.96
306	5319.92
307	5315.32
308	5310.91
309	5306.43
310	5301.63
311	5296.28
312	5290.11
313	5283.04
314	5275.44
315	5268.11
316	5262.02
317	5258.13
318	5257.41
319	5260.82
320	5269.33
321	5283.82
322	5304.55
323	5330.29
324	5358.81
325	5387.62
326	5414.25
327	5436.21
328	5451.02
329	5456.20
330	5449.61
331	5430.69
332	5401.64
333	5365.95
334	5327.30
335	5289.41
336	5255.97
337	5230.69
338	5217.22
339	5218.49
340	5234.91
341	5263.98
342	5302.25
343	5346.13
344	5392.07
345	5436.48
346	5475.82
347	5506.61
348	5526.22
349	5534.19
350	5531.59
351	5519.88
352	5500.57
353	5475.14
354	5445.07
355	5411.85
356	5376.93
357	5341.50
358	5306.37
359	5272.12
360	5239.32
361	5208.56
362	5180.38
363	5155.37
364	5134.08
365	5117.04
366	5104.63
367	5097.12
368	5094.68
369	5097.53
370	5105.85
371	5119.83
372	5139.68
373	5165.52
374	5197.09
375	5233.17
376	5271.94
377	5311.46
378	5349.76
379	5384.89
380	5414.88
381	5437.81
382	5452.06
383	5457.40
384	5455.60
385	5449.23
386	5440.98
387	5433.51
388	5429.51
389	5431.65
390	5442.53
391	5463.88
392	5495.06
393	5533.49
394	5576.06
395	5619.64
396	5661.08
397	5697.25
398	5725.01
399	5741.53
400	5745.35
401	5737.48
402	5720.07
403	5695.45
404	5665.99
405	5634.03
406	5601.92
407	5571.98
408	5546.25
409	5525.82
410	5510.90
411	5501.43
412	5497.34
413	5498.56
414	5504.99
415	5516.57
416	5533.13
417	5554.14
418	5578.26
419	5603.80
420	5628.95
421	5651.94
422	5670.98
423	5684.26
424	5690.05
425	5686.98
426	5675.02
427	5655.49
428	5630.14
429	5600.77
430	5569.14
431	5537.05
432	5506.28
433	5478.54
434	5455.07
435	5436.28
436	5422.08
437	5412.31
438	5406.82
439	5405.44
440	5408.01
441	5414.36
442	5424.26
443	5437.29
444	5452.84
445	5470.22
446	5488.78
447	5507.81
448	5526.65
449	5544.62
450	5561.10
451	5575.77
452	5588.89
453	5600.96
454	5612.56
455	5624.26
456	5636.63
457	5650.24
458	5665.65
459	5683.17
460	5702.48
461	5722.64
462	5742.57
463	5761.18
464	5777.35
465	5789.99
466	5798.01
467	5800.49
468	5797.38
469	5789.92
470	5779.95
471	5769.38
472	5760.12
473	5754.10
474	5753.23
475	5759.33
476	5773.49
477	5794.98
478	5821.72
479	5851.32
480	5881.36
481	5909.44
482	5933.15
483	5950.11
484	5958.34
485	5957.39
486	5948.69
487	5934.35
488	5916.54
489	5897.43
490	5879.20
491	5864.01
492	5853.91
493	5850.14
494	5852.40
495	5859.56
496	5870.31
497	5883.35
498	5897.37
499	5911.06
500	5923.16
501	5932.65
502	5939.34
503	5943.73
504	5946.52
505	5948.42
506	5950.13
507	5952.37
508	5955.83
509	5961.10
510	5968.22
511	5976.53
512	5985.08
513	5992.89
514	5998.99
515	6002.37
516	6002.08
517	5997.22
518	5987.49
519	5973.82
520	5957.81
521	5941.21
522	5925.75
523	5913.19
524	5905.27
525	5903.66
526	5909.35
527	5921.32
528	5936.85
529	5952.77
530	5965.86
531	5972.92
532	5970.73
533	5956.12
534	5926.54
535	5881.83
536	5824.85
537	5759.58
538	5690.10
539	5620.52
540	5554.95
541	5497.46
542	5451.84
543	5420.21
544	5401.79
545	5394.28
546	5395.18
547	5401.96
548	5412.09
549	5423.05
550	5432.39
551	5438.26
552	5440.24
553	5438.89
554	5434.99
555	5429.34
556	5422.73
557	5415.96
558	5409.81
559	5405.01
560	5401.99
561	5400.99
562	5402.16
563	5405.63
564	5411.56
565	5420.10
566	5431.38
567	5445.59
568	5463.02
569	5484.14
570	5509.44
571	5539.45
572	5574.68
573	5615.65
574	5662.87
575	5716.69
576	5776.69
577	5841.16
578	5907.79
579	5974.15
580	6037.85
581	6096.48
582	6147.62
583	6189.04
584	6219.57
585	6240.26
586	6253.46
587	6261.80
588	6267.90
589	6274.38
590	6283.87
591	6298.88
592	6321.10
593	6350.05
594	6383.70
595	6419.63
596	6455.40
597	6488.58
598	6516.72
599	6537.44
600	6548.84
601	6550.52
602	6543.39
603	6528.77
604	6507.99
605	6482.38
606	6453.29
607	6422.02
608	6389.72
609	6356.89
610	6323.30
611	6288.53
612	6252.11
613	6213.59
614	6172.51
615	6128.41
616	6080.99
617	6030.48
618	5977.79
619	5924.13
620	5870.71
621	5818.75
622	5769.46
623	5724.06
624	5683.60
625	5648.45
626	5617.97
627	5591.08
628	5566.67
629	5543.60
630	5520.75
631	5497.00
632	5471.34
633	5443.34
634	5413.54
635	5382.91
636	5352.48
637	5323.31
638	5296.42
639	5272.87
640	5253.60
641	5239.17
642	5229.36
643	5223.57
644	5221.15
645	5221.44
646	5223.77
647	5227.49
648	5231.94
649	5236.51
650	5240.67
651	5243.96
652	5245.89
653	5245.99
654	5243.80
655	5238.85
656	5230.75
657	5219.60
658	5206.51
659	5193.14
660	5181.26
661	5172.65
662	5169.09
663	5172.35
664	5184.07
665	5204.98
666	5234.00
667	5268.97
668	5307.50
669	5347.22
670	5385.75
671	5420.71
672	5449.88
673	5472.02
674	5487.96
675	5499.73
676	5509.63
677	5519.93
678	5532.92
679	5550.89
680	5576.03
681	5609.89
682	5652.78
683	5704.23
684	5763.65
685	5830.44
686	5903.99
687	5983.71
688	6068.95
689	6158.93
690	6252.53
691	6348.46
692	6445.37
693	6541.95
694	6636.85
695	6728.75
696	6816.46
697	6899.59
698	6979.24
699	7057.32
700	7135.87
701	7216.94
702	7302.59
703	7394.86
704	7495.58
705	7605.45
706	7723.19
707	7846.52
708	7973.03
709	8100.28
710	8225.84
711	8347.28
712	8462.35
713	8569.57
714	8668.70
715	8760.10
716	8844.20
717	8921.40
718	8992.16
719	9056.87
720	9115.86
721	9168.94
722	9215.23
723	9253.56
724	9282.75
725	9301.58
726	9308.85
727	9303.39
728	9284.29
729	9251.69
730	9207.01
731	9152.13
732	9089.00
733	9019.54
734	8945.70
735	8869.41
736	8792.43
737	8716.08
738	8641.20
739	8568.44
740	8498.46
741	8431.92
742	8369.48
743	8311.80
744	8259.56
745	8213.55
746	8174.64
747	8143.71
748	8121.64
749	8109.32
750	8107.63
751	8117.39
752	8138.83
753	8170.88
754	8211.51
755	8258.49
756	8309.60
757	8362.58
758	8415.20
759	8465.32
760	8511.21
761	8552.07
762	8587.57
763	8617.49
764	8641.60
765	8659.66
766	8671.46
767	8676.83
768	8675.95
769	8669.46
770	8658.25
771	8643.22
772	8625.27
773	8605.33
774	8584.29
775	8563.04
776	8542.42
777	8523.23
778	8506.22
779	8492.16
780	8481.80
781	8475.91
782	8475.26
783	8480.67
784	8493.12
785	8513.76
786	8543.74
787	8584.25
788	8636.46
789	8701.53
790	8780.57
791	8874.25
792	8982.21
793	9103.51
794	9237.06
795	9381.77
796	9536.53
797	9700.26
798	9871.95
799	10050.95
800	10237.23
801	10431.04
802	10632.65
803	10842.35
804	11060.43
805	11287.16
806	11522.66
807	11766.55
808	12017.83
809	12275.33
810	12537.82
811	12804.11
812	13072.99
813	13343.41
814	13615.48
815	13892.42
816	14179.80
817	14483.79
818	14810.57
819	15166.33
820	15557.24
821	15988.76
822	16462.47
823	16972.88
824	17510.85
825	18066.64
826	18630.46
827	19192.54
828	19743.16
829	20273.60
830	20778.80
831	21258.12
832	21712.52
833	22143.08
834	22550.94
835	22937.18
836	23302.80
837	23647.73
838	23969.15
839	24262.15
840	24521.28
841	24741.11
842	24916.16
843	25041.03
844	25111.24
845	25127.20
846	25097.72
847	25035.69
848	24954.62
849	24868.04
850	24789.50
851	24732.37
852	24707.93
853	24720.41
854	24766.62
855	24841.02
856	24937.83
857	25051.28
858	25175.60
859	25305.17
860	25435.38
861	25563.81
862	25689.45
863	25811.55
864	25929.38
865	26042.23
866	26149.34
867	26249.61
868	26340.43
869	26417.22
870	26474.66
871	26507.29
872	26509.70
873	26476.45
874	26402.40
875	26284.72
876	26126.62
877	25935.79
878	25721.08
879	25491.35
880	25255.52
881	25022.42
882	24800.05
883	24592.61
884	24398.35
885	24213.00
886	24031.93
887	23850.46
888	23663.95
889	23467.98
890	23260.10
891	23043.57
892	22826.32
893	22617.55
894	22426.54
895	22262.55
896	22134.83
897	22051.57
898	22016.08
899	22023.61
900	22065.81
901	22133.77
902	22218.56
903	22311.25
904	22403.04
905	22486.15
906	22555.83
907	22609.84
908	22646.62
909	22664.65
910	22662.42
911	22638.44
912	22591.39
913	22520.93
914	22428.21
915	22315.06
916	22183.38
917	22035.10
918	21872.12
919	21696.44
920	21510.56
921	21318.41
922	21125.03
923	20935.71
924	20755.80
925	20590.63
926	20445.48
927	20325.05
928	20231.48
929	20163.30
930	20117.61
931	20091.35
932	20081.43
933	20084.76
934	20098.31
935	20119.37
936	20145.98
937	20176.66
938	20210.08
939	20244.89
940	20279.75
941	20313.30
942	20344.10
943	20370.39
944	20390.04
945	20400.79
946	20400.38
947	20386.52
948	20356.98
949	20310.00
950	20246.54
951	20172.71
952	20097.27
953	20029.46
954	19978.53
955	19953.72
956	19964.04
957	20015.89
958	20108.46
959	20234.85
960	20386.51
961	20554.79
962	20731.03
963	20906.57
964	21072.79
965	21221.19
966	21343.45
967	21431.28
968	21476.45
969	21470.69
970	21405.78
971	21274.10
972	21071.98
973	20803.82
974	20478.67
975	20106.47
976	19697.23
977	19260.93
978	18807.51
979	18346.38
980	17885.45
981	17431.24
982	16989.95
983	16567.73
984	16170.73
985	15805.07
986	15476.20
987	15186.97
988	14936.80
989	14723.77
990	14545.82
991	14400.88
992	14286.88
993	14201.76
994	14143.47
995	14109.97
996	14099.26
997	14109.33
998	14138.15
999	14183.72
1000	14244.05
1001	14317.29
1002	14402.02
1003	14497.10
1004	14601.45
1005	14714.04
1006	14833.78
1007	14959.62
1008	15090.42
1009	15224.77
1010	15361.01
1011	15497.38
1012	15632.12
1013	15763.45
1014	15889.62
1015	16008.97
1016	16120.21
1017	16222.63
1018	16315.74
1019	16399.09
1020	16472.23
1021	16534.71
1022	16586.18
1023	16626.95
1024	16658.51
1025	16682.98
1026	16702.61
1027	16719.63
1028	16736.28
1029	16754.73
1030	16776.49
1031	16801.54
1032	16828.85
1033	16857.11
1034	16885.03
1035	16911.29
1036	16934.63
1037	16954.03
1038	16969.18
1039	16980.45
1040	16988.38
1041	16993.52
1042	16996.42
1043	16997.70
1044	16998.63
1045	17002.96
1046	17017.07
1047	17048.23
1048	17103.80
1049	17191.16
1050	17317.61
1051	17489.64
1052	17710.34
1053	17978.16
1054	18289.77
1055	18641.62
1056	19030.14
1057	19451.76
1058	19902.36
1059	20375.39
1060	20860.27
1061	21344.62
1062	21815.79
1063	22261.12
1064	22667.99
1065	23024.82
1066	23325.84
1067	23576.18
1068	23786.70
1069	23969.22
1070	24135.63
1071	24297.79
1072	24466.81
1073	24649.12
1074	24841.12
1075	25033.28
1076	25214.90
1077	25375.21
1078	25503.44
1079	25589.16
1080	25624.21
1081	25605.86
1082	25534.91
1083	25412.98
1084	25241.72
1085	25022.78
1086	24757.84
1087	24448.64
1088	24097.20
1089	23705.67
1090	23276.27
1091	22811.21
1092	22312.73
1093	21783.21
1094	21226.70
1095	20651.63
1096	20069.84
1097	19494.04
1098	18937.02
1099	18411.54
1100	17930.07
1101	17502.29
1102	17130.16
1103	16809.26
1104	16533.50
1105	16296.68
1106	16092.58
1107	15915.03
1108	15758.04
1109	15616.20
1110	15484.58
1111	15358.39
1112	15232.83
1113	15103.13
1114	14964.53
1115	14812.61
1116	14643.95
1117	14455.92
1118	14246.12
1119	14012.20
1120	13751.77
1121	13462.63
1122	13144.21
1123	12800.52
1124	12439.40
1125	12069.71
1126	11700.38
1127	11340.33
1128	10998.29
1129	10681.10
1130	10390.47
1131	10124.02
1132	9878.31
1133	9649.81
1134	9435.00
1135	9230.51
1136	9033.97
1137	8845.78
1138	8668.35
1139	8504.63
1140	8357.58
1141	8230.16
1142	8125.14
1143	8043.84
1144	7984.04
1145	7941.09
1146	7909.77
1147	7884.81
1148	7860.99
1149	7833.30
1150	7798.49
1151	7757.14
1152	7712.24
1153	7667.28
1154	7625.79
1155	7591.26
1156	7566.96
1157	7554.65
1158	7553.12
1159	7559.48
1160	7570.57
1161	7583.19
1162	7594.16
1163	7600.55
1164	7600.62
1165	7594.79
1166	7584.48
1167	7571.30
1168	7556.85
1169	7542.72
1170	7530.46
1171	7521.37
1172	7516.38
1173	7516.26
1174	7521.76
1175	7533.65
1176	7552.65
1177	7579.19
1178	7612.49
1179	7650.37
1180	7690.10
1181	7728.91
1182	7764.05
1183	7792.77
1184	7812.93
1185	7824.08
1186	7827.50
1187	7824.99
1188	7818.36
1189	7809.44
1190	7800.03
1191	7791.61
1192	7784.86
1193	7779.84
1194	7776.47
1195	7774.62
1196	7774.22
1197	7775.20
1198	7777.76
1199	7782.69
1200	7791.08
1201	7804.12
1202	7822.99
1203	7848.84
1204	7882.70
1205	7924.82
1206	7974.19
1207	8029.25
1208	8088.31
1209	8149.74
1210	8211.85
1211	8273.17
1212	8332.77
1213	8390.44
1214	8446.24
1215	8500.24
1216	8552.50
1217	8603.14
1218	8652.61
1219	8702.31
1220	8754.48
1221	8811.62
1222	8876.22
1223	8950.79
1224	9037.69
1225	9138.50
1226	9253.03
1227	9380.00
1228	9517.93
1229	9665.31
1230	9820.63
1231	9982.74
1232	10151.89
1233	10330.62
1234	10522.47
1235	10731.13
1236	10960.27
1237	11213.54
1238	11494.18
1239	11804.01
1240	12143.37
1241	12512.12
1242	12910.09
1243	13337.09
1244	13793.03
1245	14278.31
1246	14794.61
1247	15344.46
1248	15930.62
1249	16555.85
1250	17222.85
1251	17933.06
1252	18681.87
1253	19454.56
1254	20231.82
1255	20993.62
1256	21719.91
1257	22390.90
1258	22989.96
1259	23511.05
1260	23959.17
1261	24342.88
1262	24670.98
1263	24952.32
1264	25195.17
1265	25403.97
1266	25574.43
1267	25696.63
1268	25759.45
1269	25751.71
1270	25662.34
1271	25482.45
1272	25212.55
1273	24866.60
1274	24464.07
1275	24025.15
1276	23570.03
1277	23118.62
1278	22687.95
1279	22286.79
1280	21917.05
1281	21578.73
1282	21271.71
1283	20995.92
1284	20752.17
1285	20545.96
1286	20391.16
1287	20305.83
1288	20308.72
1289	20418.57
1290	20653.68
1291	21026.62
1292	21531.21
1293	22142.27
1294	22828.63
1295	23558.63
1296	24300.63
1297	25023.45
1298	25698.77
1299	26304.11
1300	26820.26
1301	27228.64
1302	27510.70
1303	27648.13
1304	27626.36
1305	27443.75
1306	27113.26
1307	26652.71
1308	26080.41
1309	25414.68
1310	24673.88
1311	23876.75
1312	23042.74
1313	22191.77
1314	21343.81
1315	20518.88
1316	19736.70
1317	19013.57
1318	18353.46
1319	17746.48
1320	17178.05
1321	16633.14
1322	16096.73
1323	15554.68
1324	14998.09
1325	14428.91
1326	13855.27
1327	13286.48
1328	12731.93
1329	12200.90
1330	11701.43
1331	11237.48
1332	10808.80
1333	10413.77
1334	10050.65
1335	9717.71
1336	9413.23
1337	9135.53
1338	8883.07
1339	8654.32
1340	8447.80
1341	8262.00
1342	8095.42
1343	7946.39
1344	7812.81
1345	7692.21
1346	7582.01
1347	7479.63
1348	7382.47
1349	7288.26
1350	7195.91
1351	7106.17
1352	7020.59
1353	6940.79
1354	6868.41
1355	6805.02
1356	6751.58
1357	6707.65
1358	6671.86
1359	6642.62
1360	6618.31
1361	6597.35
1362	6578.14
1363	6559.17
1364	6538.96
1365	6516.07
1366	6489.08
1367	6456.53
1368	6417.07
1369	6369.62
1370	6313.71
1371	6249.10
1372	6175.63
1373	6093.11
1374	6001.44
1375	5901.04
1376	5793.68
1377	5682.16
1378	5569.52
1379	5458.79
1380	5353.02
1381	5254.80
1382	5165.29
1383	5084.01
1384	5009.88
1385	4941.78
1386	4878.61
1387	4819.63
1388	4765.90
1389	4721.58
1390	4692.27
1391	4683.78
1392	4701.95
1393	4752.17
1394	4836.86
1395	4951.29
1396	5085.96
1397	5230.29
1398	5373.66
1399	5505.62
1400	5617.68
1401	5707.55
1402	5778.84
1403	5836.97
1404	5887.47
1405	5935.88
1406	5987.53
1407	6046.87
1408	6117.19
1409	6201.34
1410	6302.11
1411	6422.29
1412	6564.63
1413	6731.81
1414	6926.29
1415	7150.44
1416	7406.60
1417	7697.14
1418	8024.48
1419	8391.64
1420	8802.97
1421	9263.74
1422	9779.39
1423	10355.41
1424	10997.45
1425	11713.02
1426	12515.00
1427	13420.94
1428	14449.67
1429	15620.10
1430	16950.58
1431	18451.03
1432	20102.08
1433	21851.69
1434	23636.85
1435	25393.54
1436	27057.92
1437	28570.46
1438	29889.71
1439	30999.41
1440	31893.38
1441	32566.69
1442	33014.56
1443	33234.31
1444	33233.96
1445	33039.59
1446	32685.85
1447	32208.71
1448	31644.18
1449	31027.13
1450	30385.92
1451	29735.75
1452	29084.58
1453	28438.97
1454	27805.44
1455	27189.89
1456	26594.14
1457	26010.60
1458	25425.65
1459	24824.33
1460	24191.65
1461	23513.17
1462	22779.11
1463	21991.51
1464	21161.17
1465	20300.99
1466	19424.00
1467	18543.07
1468	17669.57
1469	16810.74
1470	15970.36
1471	15151.32
1472	14356.44
1473	13588.56
1474	12850.72
1475	12146.53
1476	11480.12
1477	10855.78
1478	10277.80
1479	9750.37
1480	9276.16
1481	8853.23
1482	8475.16
1483	8134.13
1484	7822.23
1485	7531.64
1486	7255.58
1487	6990.72
1488	6737.22
1489	6496.35
1490	6269.47
1491	6057.89
1492	5862.46
1493	5682.46
1494	5515.54
1495	5358.84
1496	5209.42
1497	5064.43
1498	4921.48
1499	4779.88
1500	4640.70
1501	4505.56
1502	4376.13
1503	4254.08
1504	4140.75
1505	4036.58
1506	3941.03
1507	3853.25
1508	3772.37
1509	3697.54
1510	3628.03
1511	3563.58
1512	3504.33
1513	3450.59
1514	3402.66
1515	3360.78
1516	3324.61
1517	3291.97
1518	3259.05
1519	3221.55
1520	3175.13
1521	3115.65
1522	3040.90
1523	2954.10
1524	2863.06
1525	2776.82
1526	2704.49
1527	2654.79
1528	2633.11
1529	2636.24
1530	2654.44
1531	2676.38
1532	2690.65
1533	2686.40
1534	2656.82
1535	2604.59
1536	2538.66
1537	2469.35
1538	2407.06
1539	2361.55
1540	2338.79
1541	2336.98
1542	2349.85
1543	2370.29
1544	2391.16
1545	2405.83
1546	2410.30
1547	2405.13
1548	2393.11
1549	2377.42
1550	2361.22
1551	2347.32
1552	2337.03
1553	2329.53
1554	2323.06
1555	2315.78
1556	2305.85
1557	2291.83
1558	2273.71
1559	2253.15
1560	2232.35
1561	2213.60
1562	2199.14
1563	2190.86
1564	2189.53
1565	2194.93
1566	2206.56
1567	2223.89
1568	2246.35
1569	2273.16
1570	2302.97
1571	2334.02
1572	2364.50
1573	2392.55
1574	2416.36
1575	2434.28
1576	2444.93
1577	2447.08
1578	2439.54
1579	2421.14
1580	2391.11
1581	2350.40
1582	2302.42
1583	2251.59
1584	2202.44
1585	2159.49
1586	2126.81
1587	2107.01
1588	2101.24
1589	2110.18
1590	2134.45
1591	2174.55
1592	2229.81
1593	2296.72
1594	2369.70
1595	2442.70
1596	2509.65
1597	2564.89
1598	2604.98
1599	2630.45
1600	2643.86
1601	2648.08
1602	2646.01
1603	2640.71
1604	2635.72
1605	2635.23
1606	2643.65
1607	2665.41
1608	2704.80
1609	2764.83
1610	2845.02
1611	2942.06
1612	3051.89
1613	3170.46
1614	3293.97
1615	3420.35
1616	3550.66
1617	3687.68
1618	3834.44
1619	3994.01
1620	4169.35
1621	4363.17
1622	4577.78
1623	4815.42
1624	5078.28
1625	5368.55
1626	5688.46
1627	6040.24
1628	6426.16
1629	6848.47
1630	7309.44
1631	7811.04
1632	8353.93
1633	8936.59
1634	9556.53
1635	10211.08
1636	10897.92
1637	11618.60
1638	12386.90
1639	13228.35
1640	14172.05
1641	15247.34
1642	16482.21
1643	17896.78
1644	19495.17
1645	21272.58
1646	23222.54
1647	25337.99
1648	27604.43
1649	29980.50
1650	32393.78
1651	34761.08
1652	36998.15
1653	39021.07
1654	40748.29
1655	42103.68
1656	43014.46
1657	43408.68
1658	43215.34
1659	42380.19
1660	40913.66
1661	38908.17
1662	36486.62
1663	33775.20
1664	30898.64
1665	27970.27
1666	25076.71
1667	22286.79
1668	19665.38
1669	17276.62
1670	15175.75
1671	13383.42
1672	11876.38
1673	10615.10
1674	9558.26
1675	8665.26
1676	7900.82
1677	7241.70
1678	6672.37
1679	6178.94
1680	5747.65
1681	5365.72
1682	5023.92
1683	4717.08
1684	4441.46
1685	4193.48
1686	3969.75
1687	3768.07
1688	3588.64
1689	3433.00
1690	3302.96
1691	3200.21
1692	3125.05
1693	3073.38
1694	3036.81
1695	3005.67
1696	2970.24
1697	2921.91
1698	2857.54
1699	2783.06
1700	2708.53
1701	2644.66
1702	2601.75
1703	2586.38
1704	2595.71
1705	2619.85
1706	2647.17
1707	2666.10
1708	2667.15
1709	2648.77
1710	2618.99
1711	2589.33
1712	2571.62
1713	2576.88
1714	2611.49
1715	2672.93
1716	2754.00
1717	2846.67
1718	2943.11
1719	3038.01
1720	3132.84
1721	3234.62
1722	3351.84
1723	3493.01
1724	3665.37
1725	3871.45
1726	4107.86
1727	4369.06
1728	4649.30
1729	4943.04
1730	5246.13
1731	5556.94
1732	5875.07
1733	6200.37
1734	6532.58
1735	6870.60
1736	7211.16
1737	7549.44
1738	7880.23
1739	8198.25
1740	8497.29
1741	8768.15
1742	8998.51
1743	9175.03
1744	9284.39
1745	9314.75
1746	9260.85
1747	9126.93
1748	8921.15
1749	8652.23
1750	8328.81
1751	7959.33
1752	7551.71
1753	7113.65
1754	6652.77
1755	6176.81
1756	5694.23
1757	5215.33
1758	4751.70
1759	4315.23
1760	3917.61
1761	3567.92
1762	3267.34
1763	3009.68
1764	2786.61
1765	2589.70
1766	2411.58
1767	2248.79
1768	2102.48
1769	1975.45
1770	1870.63
1771	1790.36
1772	1734.29
1773	1698.11
1774	1675.84
1775	1661.29
1776	1648.62
1777	1633.86
1778	1616.38
1779	1597.22
1780	1577.69
1781	1559.00
1782	1541.74
1783	1525.09
1784	1507.46
1785	1487.08
1786	1462.38
1787	1433.17
1788	1402.56
1789	1375.93
1790	1359.13
1791	1357.73
1792	1374.34
1793	1403.74
1794	1434.65
1795	1454.27
1796	1450.09
1797	1413.67
1798	1348.22
1799	1267.06
1800	1186.33
1801	1122.05
1802	1087.12
1803	1084.66
1804	1108.58
1805	1150.03
1806	1200.04
1807	1250.26
1808	1294.55
1809	1328.95
1810	1350.18
1811	1355.12
1812	1341.74
1813	1311.80
1814	1270.97
1815	1226.24
1816	1184.63
1817	1152.19
1818	1131.65
1819	1122.15
1820	1121.68
1821	1128.10
1822	1139.13
1823	1152.05
1824	1163.69
1825	1170.71
1826	1169.82
1827	1158.69
1828	1138.20
1829	1112.60
1830	1087.23
1831	1067.43
1832	1057.44
1833	1057.95
1834	1066.02
1835	1077.64
1836	1088.76
1837	1096.26
1838	1099.91
1839	1102.19
1840	1106.36
1841	1115.62
1842	1132.05
1843	1154.43
1844	1178.71
1845	1200.08
1846	1213.82
1847	1216.49
1848	1208.01
1849	1190.87
1850	1168.23
1851	1143.31
1852	1119.64
1853	1101.39
1854	1093.23
1855	1099.89
1856	1125.48
1857	1170.21
1858	1226.21
1859	1280.90
1860	1320.87
1861	1333.97
1862	1314.89
1863	1270.47
1864	1213.45
1865	1157.51
1866	1115.03
1867	1092.59
1868	1088.36
1869	1097.01
1870	1112.77
1871	1130.33
1872	1146.11
1873	1158.53
1874	1166.71
1875	1169.88
1876	1167.55
1877	1160.09
1878	1148.67
1879	1134.69
1880	1119.58
1881	1104.99
1882	1093.04
1883	1086.22
1884	1087.05
1885	1097.67
1886	1117.92
1887	1143.23
1888	1166.74
1889	1181.22
1890	1180.64
1891	1164.04
1892	1137.66
1893	1110.64
1894	1092.35
1895	1089.93
1896	1103.35
1897	1125.32
1898	1146.31
1899	1156.97
1900	1151.04
1901	1129.84
1902	1100.09
1903	1069.72
1904	1046.16
1905	1033.73
1906	1031.20
1907	1034.63
1908	1039.66
1909	1042.56
1910	1042.05
1911	1039.77
1912	1038.44
1913	1040.72
1914	1048.22
1915	1059.63
1916	1071.33
1917	1079.15
1918	1079.38
1919	1070.94
1920	1057.70
1921	1046.02
1922	1042.61
1923	1052.66
1924	1075.86
1925	1105.44
1926	1132.37
1927	1147.87
1928	1146.81
1929	1133.12
1930	1117.28
1931	1111.21
1932	1125.25
1933	1161.95
1934	1211.51
1935	1258.60
1936	1287.46
1937	1286.16
1938	1254.57
1939	1203.53
1940	1147.08
1941	1098.63
1942	1066.82
1943	1050.98
1944	1045.37
1945	1043.47
1946	1039.85
1947	1033.11
1948	1026.32
1949	1024.02
1950	1030.57
1951	1047.99
1952	1073.34
1953	1100.61
1954	1123.26
1955	1135.87
1956	1137.38
1957	1131.93
1958	1125.53
1959	1124.11
1960	1131.62
1961	1147.61
1962	1168.82
1963	1191.42
1964	1211.66
1965	1226.27
1966	1232.53
1967	1227.92
1968	1210.38
1969	1180.58
1970	1145.14
1971	1114.26
1972	1098.61
1973	1105.86
1974	1133.06
1975	1165.70
1976	1185.52
1977	1175.55
1978	1128.24
1979	1054.05
1980	973.00
1981	906.43
1982	871.96
1983	875.81
1984	913.83
1985	978.89
1986	1062.99
1987	1155.20
1988	1240.04
1989	1300.12
1990	1318.80
1991	1287.47
1992	1217.05
1993	1131.92
1994	1059.27
1995	1021.68
1996	1024.95
1997	1055.92
1998	1095.09
1999	1123.88
2000	1131.62
2001	1121.85
2002	1105.04
2003	1092.47
2004	1092.38
2005	1105.10
2006	1125.02
2007	1145.13
2008	1159.28
2009	1164.73
2010	1162.66
2011	1155.54
2012	1145.75
2013	1134.42
2014	1120.57
2015	1102.27
2016	1077.68
2017	1046.96
2018	1015.00
2019	989.76
2020	979.71
2021	990.70
2022	1020.39
2023	1058.72
2024	1093.41
2025	1113.91
2026	1117.15
2027	1109.94
2028	1102.86
2029	1105.70
2030	1121.94
2031	1143.77
2032	1157.83
2033	1150.69
2034	1114.78
2035	1056.07
2036	989.19
2037	930.31
2038	892.22
2039	878.00
2040	882.64
2041	898.97
2042	920.81
2043	945.69
2044	975.09
2045	1011.69
2046	1057.02
2047	1107.42
2048	1152.37
2049	1178.80
2050	1175.24
2051	1139.47
2052	1084.11
2053	1028.47
2054	991.48
2055	984.63
2056	1005.19
2057	1042.96
2058	1086.71
2059	1126.81
2060	1157.24
2061	1174.19
2062	1174.60
2063	1157.73
2064	1128.34
2065	1095.01
2066	1066.93
2067	1051.24
2068	1049.58
2069	1059.41
2070	1077.06
2071	1098.29
2072	1117.32
2073	1127.18
2074	1120.82
2075	1094.58
2076	1054.61
2077	1015.78
2078	994.99
2079	1004.35
2080	1041.04
2081	1088.44
2082	1126.35
2083	1139.20
2084	1126.57
2085	1102.26
2086	1083.86
2087	1084.40
2088	1102.01
2089	1120.85
2090	1121.61
2091	1091.82
2092	1040.38
2093	995.68
2094	990.63
2095	1046.65
2096	1150.81
2097	1260.42
2098	1326.01
2099	1312.45
2100	1225.34
2101	1103.21
2102	991.87
2103	926.13
2104	911.38
2105	931.29
2106	964.92
2107	995.86
2108	1018.98
2109	1036.52
2110	1052.22
2111	1068.95
2112	1087.57
2113	1107.79
2114	1128.96
2115	1149.54
2116	1166.47
2117	1175.96
2118	1174.86
2119	1163.47
2120	1147.32
2121	1134.09
2122	1130.18
2123	1136.07
2124	1144.87
2125	1147.26
2126	1136.43
2127	1114.44
2128	1092.08
2129	1082.34
2130	1094.16
2131	1125.35
2132	1165.22
2133	1201.42
2134	1224.57
2135	1231.85
2136	1224.31
2137	1203.96
2138	1173.89
2139	1138.83
2140	1104.26
2141	1075.55
2142	1057.24
2143	1052.88
2144	1065.50
2145	1096.46
2146	1142.40
2147	1196.01
2148	1249.08
2149	1294.22
2150	1325.98
2151	1340.05
2152	1332.73
2153	1301.98
2154	1248.20
2155	1173.07
2156	1080.95
2157	984.54
2158	904.68
2159	863.35
2160	872.94
2161	923.24
2162	989.57
2163	1046.60
2164	1080.30
2165	1094.20
2166	1099.16
2167	1104.34
2168	1110.41
2169	1109.90
2170	1093.68
2171	1057.40
2172	1007.18
2173	955.16
2174	913.27
2175	887.77
2176	877.54
2177	878.67
2178	886.86
2179	897.70
2180	906.72
2181	910.50
2182	910.65
2183	916.82
2184	941.71
2185	992.62
2186	1059.48
2187	1116.86
2188	1137.68
2189	1109.13
2190	1044.56
2191	969.96
2192	909.62
2193	875.93
2194	869.64
2195	887.42
2196	922.28
2197	961.08
2198	987.78
2199	989.55
2200	965.07
2201	924.03
2202	879.46
2203	844.72
2204	833.35
2205	858.16
2206	923.42
2207	1008.94
2208	1073.67
2209	1077.03
2210	1006.92
2211	895.30
2212	791.63
2213	735.53
2214	735.77
2215	778.95
2216	846.18
2217	917.44
2218	971.72
2219	990.05
2220	967.68
2221	927.98
2222	908.44
2223	936.44
2224	1001.70
2225	1061.21
2226	1070.64
2227	1018.48
2228	939.66
2229	884.44
2230	884.16
2231	925.67
2232	970.66
2233	985.25
2234	963.46
2235	923.88
2236	888.87
2237	868.46
2238	855.95
2239	839.95
2240	817.76
2241	804.30
2242	821.90
2243	880.16
2244	952.61
2245	987.81
2246	943.66
2247	828.28
2248	700.27
2249	624.97
2250	631.44
2251	697.43
2252	782.41
2253	854.03
2254	898.98
2255	914.17
2256	902.89
2257	879.34
2258	863.80
2259	870.32
2260	892.12
2261	906.19
2262	892.52
2263	854.62
2264	819.34
2265	814.34
2266	843.38
2267	880.75
2268	894.93
2269	874.19
2270	836.78
2271	810.06
2272	806.96
2273	813.99
2274	807.82
2275	777.39
2276	738.04
2277	716.49
2278	727.28
2279	755.17
2280	770.01
2281	753.23
2282	718.73
2283	698.61
2284	714.43
2285	753.99
2286	784.72
2287	783.95
2288	763.95
2289	758.91
2290	792.87
2291	852.51
2292	900.49
2293	908.76
2294	885.60
2295	862.53
2296	862.93
2297	877.91
2298	878.67
2299	844.37
2300	782.68
2301	718.11
2302	670.03
2303	638.92
2304	615.52
2305	597.23
2306	598.50
2307	638.75
2308	716.36
2309	790.39
2310	809.90
2311	763.00
2312	701.47
2313	691.93
2314	753.23
2315	837.99
2316	884.89
2317	869.35
2318	809.25
2319	733.62
2320	664.09
2321	614.50
2322	594.48
2323	608.43
2324	655.59
2325	724.94
2326	786.95
2327	808.19
2328	782.13
2329	745.57
2330	743.94
2331	788.07
2332	847.16
2333	882.93
2334	875.55
2335	823.03
2336	738.05
2337	655.15
2338	616.40
2339	642.18
2340	716.10
2341	805.88
2342	877.05
2343	897.10
2344	849.84
2345	758.36
2346	669.11
2347	616.68
2348	606.07
2349	628.53
2350	673.64
2351	731.18
2352	790.42
2353	839.18
2354	867.12
2355	876.49
2356	887.36
2357	915.06
2358	938.98
2359	913.39
2360	826.75
2361	746.82
2362	754.84
2363	839.61
2364	891.54
2365	832.22
2366	724.12
2367	688.88
2368	757.19
2369	833.96
2370	825.41
2371	746.05
2372	671.06
2373	640.50
2374	634.03
2375	631.62
2376	664.19
2377	772.98
2378	916.36
2379	960.79
2380	831.20
2381	645.26
2382	583.54
2383	677.11
2384	796.00
2385	824.87
2386	765.35
2387	674.06
2388	605.76
2389	596.77
2390	640.41
2391	681.02
2392	676.25
2393	651.11
2394	655.62
2395	699.60
2396	754.26
2397	799.86
2398	843.61
2399	885.79
2400	890.37
2401	823.93
2402	721.15
2403	662.73
2404	685.43
2405	754.90
2406	824.25
2407	869.01
2408	875.93
2409	833.05
2410	742.86
2411	651.96
2412	625.82
2413	665.32
2414	698.59
2415	690.84
2416	695.75
2417	750.15
2418	790.82
2419	749.81
2420	667.73
2421	635.67
2422	690.79
2423	800.29
2424	867.05
2425	793.04
2426	628.36
2427	547.83
2428	607.07
2429	682.76
2430	680.89
2431	632.08
2432	600.84
2433	625.94
2434	706.97
2435	800.35
2436	853.94
2437	839.13
2438	783.52
2439	775.48
2440	847.52
2441	908.30
2442	870.95
2443	749.32
2444	633.75
2445	635.32
2446	744.08
2447	806.23
2448	764.12
2449	725.84
2450	744.31
