150	3849.31
151	3846.16
152	3838.86
153	3826.79
154	3810.38
155	3791.04
156	3770.54
157	3750.66
158	3733.19
159	3719.94
160	3712.68
161	3713.19
162	3722.88
163	3741.81
164	3768.35
165	3800.29
166	3835.34
167	3871.19
168	3905.56
169	3936.15
170	3960.70
171	3977.29
172	3985.40
173	3986.20
174	3981.53
175	3973.27
176	3963.31
177	3953.54
178	3945.85
179	3942.12
180	3943.98
181	3952.11
182	3966.08
183	3985.01
184	4007.99
185	4034.08
186	4062.39
187	4092.00
188	4121.99
189	4151.57
190	4180.39
191	4208.63
192	4236.64
193	4264.80
194	4293.48
195	4323.07
196	4353.93
197	4386.44
198	4420.77
199	4456.50
200	4492.47
201	4527.29
202	4559.57
203	4587.89
204	4610.83
205	4627.01
206	4635.02
207	4633.91
208	4624.02
209	4607.09
210	4585.32
211	4560.91
212	4536.10
213	4513.11
214	4494.15
215	4481.42
216	4476.66
217	4480.28
218	4491.45
219	4508.95
220	4531.53
221	4557.95
222	4586.97
223	4617.35
224	4647.86
225	4677.41
226	4705.31
227	4731.19
228	4754.77
229	4775.78
230	4793.94
231	4808.98
232	4820.63
233	4828.65
234	4833.01
235	4834.29
236	4833.47
237	4831.62
238	4829.83
239	4829.18
240	4830.75
241	4835.64
242	4844.83
243	4858.80
244	4876.87
245	4897.65
246	4919.60
247	4941.18
248	4960.86
249	4977.08
250	4988.32
251	4993.22
252	4991.31
253	4983.88
254	4973.05
255	4961.12
256	4950.37
257	4943.09
258	4941.59
259	4948.13
260	4964.68
261	4991.75
262	5027.69
263	5069.94
264	5115.79
265	5162.53
266	5207.45
267	5247.84
268	5281.02
269	5304.75
270	5318.40
271	5323.29
272	5321.41
273	5314.83
274	5305.63
275	5295.87
276	5287.64
277	5282.97
278	5283.51
279	5289.72
280	5301.00
281	5316.41
282	5334.99
283	5355.77
284	5377.80
285	5400.13
286	5421.79
287	5441.87
288	5459.54
289	5474.05
290	5484.64
291	5490.58
292	5491.12
293	5485.51
294	5473.02
295	5453.05
296	5425.79
297	5392.95
298	5357.02
299	5320.63
300	5286.42
301	5257.04
302	5235.12
303	5223.28
304	5223.73
305	5236.89
306	5260.76
307	5292.36
308	5328.57
309	5366.27
310	5402.35
311	5433.70
312	5457.25
313	5470.53
314	5473.01
315	5466.01
316	5451.47
317	5431.35
318	5407.62
319	5382.24
320	5357.19
321	5334.36
322	5315.15
323	5299.73
324	5287.47
325	5277.54
326	5269.08
327	5261.27
328	5253.26
329	5244.21
330	5233.41
331	5220.75
332	5207.15
333	5194.04
334	5182.90
335	5175.25
336	5172.57
337	5176.37
338	5188.12
339	5208.86
340	5238.18
341	5273.96
342	5313.51
343	5354.11
344	5393.00
345	5427.46
346	5454.73
347	5472.19
348	5478.04
349	5472.62
350	5457.85
351	5436.02
352	5409.45
353	5380.45
354	5351.33
355	5324.41
356	5301.80
357	5284.72
358	5272.80
359	5264.92
360	5259.86
361	5256.35
362	5253.17
363	5249.07
364	5242.83
365	5233.49
366	5221.02
367	5206.35
368	5190.73
369	5175.45
370	5161.78
371	5151.02
372	5144.42
373	5143.22
374	5148.17
375	5158.97
376	5174.62
377	5194.01
378	5215.98
379	5239.39
380	5263.10
381	5285.99
382	5306.99
383	5325.46
384	5341.30
385	5354.66
386	5365.69
387	5374.55
388	5381.42
389	5386.45
390	5389.82
391	5391.75
392	5392.56
393	5392.72
394	5392.68
395	5392.93
396	5393.93
397	5396.17
398	5400.11
399	5406.17
400	5414.47
401	5424.62
402	5435.99
403	5447.90
404	5459.70
405	5470.71
406	5480.26
407	5487.68
408	5492.48
409	5494.60
410	5494.44
411	5492.52
412	5489.37
413	5485.55
414	5481.58
415	5478.01
416	5475.35
417	5474.04
418	5474.34
419	5476.45
420	5480.51
421	5486.69
422	5495.17
423	5506.09
424	5519.62
425	5535.84
426	5554.55
427	5575.26
428	5597.43
429	5620.49
430	5643.86
431	5666.98
432	5689.28
433	5710.19
434	5729.09
435	5745.31
436	5758.14
437	5766.85
438	5770.74
439	5769.08
440	5761.15
441	5746.27
442	5724.11
443	5695.54
444	5662.62
445	5627.77
446	5593.42
447	5562.03
448	5536.04
449	5517.90
450	5509.83
451	5512.89
452	5526.08
453	5547.32
454	5574.36
455	5604.96
456	5636.85
457	5667.78
458	5695.54
459	5718.30
460	5735.42
461	5747.29
462	5754.58
463	5758.00
464	5758.26
465	5756.05
466	5752.07
467	5747.07
468	5741.87
469	5737.49
470	5735.02
471	5735.56
472	5740.22
473	5750.09
474	5766.27
475	5789.79
476	5821.04
477	5858.80
478	5900.74
479	5944.22
480	5986.59
481	6025.22
482	6057.46
483	6080.69
484	6092.77
485	6093.29
486	6083.98
487	6067.33
488	6045.93
489	6022.36
490	5999.19
491	5979.00
492	5964.22
493	5956.48
494	5955.75
495	5961.15
496	5971.61
497	5986.09
498	6003.51
499	6022.81
500	6042.93
501	6062.78
502	6081.25
503	6097.19
504	6109.42
505	6116.78
506	6118.11
507	6112.23
508	6098.01
509	6074.62
510	6042.56
511	6004.19
512	5962.56
513	5920.84
514	5882.18
515	5849.74
516	5826.67
517	5815.85
518	5818.60
519	5832.97
520	5855.15
521	5880.98
522	5906.27
523	5926.85
524	5938.53
525	5937.26
526	5920.13
527	5887.58
528	5842.87
529	5790.06
530	5733.26
531	5676.55
532	5624.05
533	5579.81
534	5547.34
535	5527.94
536	5520.14
537	5521.45
538	5529.28
539	5541.02
540	5554.06
541	5565.82
542	5573.84
543	5576.53
544	5573.80
545	5566.28
546	5554.77
547	5540.02
548	5522.84
549	5503.99
550	5484.26
551	5464.38
552	5445.02
553	5426.78
554	5410.27
555	5396.08
556	5384.81
557	5377.04
558	5373.37
559	5374.18
560	5379.33
561	5388.13
562	5399.75
563	5413.34
564	5428.04
565	5443.02
566	5457.43
567	5470.59
568	5482.43
569	5493.64
570	5505.24
571	5518.25
572	5533.70
573	5552.62
574	5576.03
575	5604.86
576	5639.55
577	5679.74
578	5724.66
579	5773.52
580	5825.50
581	5879.79
582	5935.57
583	5992.06
584	6048.50
585	6104.25
586	6158.75
587	6211.45
588	6261.78
589	6309.20
590	6353.15
591	6393.09
592	6428.57
593	6459.39
594	6485.54
595	6507.03
596	6523.89
597	6536.14
598	6543.81
599	6546.92
600	6545.57
601	6539.99
602	6530.57
603	6517.73
604	6501.91
605	6483.54
606	6463.03
607	6440.83
608	6417.25
609	6392.30
610	6365.65
611	6336.82
612	6305.36
613	6270.79
614	6232.64
615	6190.44
616	6143.92
617	6093.38
618	6039.98
619	5985.14
620	5930.36
621	5877.10
622	5826.83
623	5781.04
624	5740.99
625	5707.12
626	5678.62
627	5654.17
628	5632.39
629	5611.87
630	5591.22
631	5569.05
632	5544.12
633	5515.95
634	5485.28
635	5453.42
636	5421.76
637	5391.72
638	5364.68
639	5342.06
640	5325.09
641	5314.22
642	5308.47
643	5306.10
644	5305.28
645	5304.14
646	5300.84
647	5293.55
648	5280.56
649	5261.16
650	5236.43
651	5208.44
652	5179.47
653	5151.76
654	5127.59
655	5109.21
656	5098.74
657	5097.40
658	5104.58
659	5118.68
660	5137.89
661	5160.39
662	5184.34
663	5207.95
664	5229.48
665	5247.76
666	5262.76
667	5275.15
668	5285.70
669	5295.22
670	5304.50
671	5314.32
672	5325.47
673	5338.62
674	5354.26
675	5372.76
676	5394.46
677	5419.71
678	5448.84
679	5482.20
680	5520.14
681	5562.98
682	5611.02
683	5664.56
684	5723.87
685	5789.23
686	5860.94
687	5939.26
688	6024.42
689	6116.19
690	6213.52
691	6314.84
692	6418.53
693	6522.96
694	6626.47
695	6727.45
696	6824.38
697	6916.49
698	7004.38
699	7089.40
700	7173.02
701	7256.72
702	7341.97
703	7430.25
704	7522.88
705	7620.43
706	7722.11
707	7826.47
708	7931.96
709	8037.02
710	8140.09
711	8239.61
712	8334.18
713	8423.08
714	8506.74
715	8586.06
716	8662.04
717	8735.67
718	8807.94
719	8879.83
720	8952.05
721	9024.13
722	9093.96
723	9158.74
724	9215.59
725	9261.62
726	9293.96
727	9309.74
728	9306.55
729	9283.56
730	9241.94
731	9183.57
732	9110.42
733	9024.44
734	8927.59
735	8821.85
736	8709.46
737	8593.53
738	8478.03
739	8367.23
740	8265.43
741	8176.91
742	8105.96
743	8056.72
744	8032.02
745	8030.84
746	8048.90
747	8081.06
748	8122.10
749	8166.80
750	8209.96
751	8246.57
752	8273.12
753	8289.67
754	8298.81
755	8303.65
756	8307.34
757	8313.04
758	8323.90
759	8342.84
760	8371.54
761	8409.18
762	8453.57
763	8502.28
764	8552.88
765	8602.92
766	8649.96
767	8691.70
768	8726.51
769	8753.74
770	8773.17
771	8784.68
772	8788.12
773	8783.36
774	8770.25
775	8748.91
776	8720.21
777	8685.95
778	8648.28
779	8609.35
780	8571.33
781	8536.40
782	8506.70
783	8484.40
784	8471.62
785	8470.46
786	8483.00
787	8511.33
788	8557.54
789	8623.71
790	8711.75
791	8822.41
792	8953.84
793	9102.56
794	9264.78
795	9436.66
796	9614.37
797	9794.12
798	9972.43
799	10147.57
800	10320.54
801	10493.64
802	10669.32
803	10850.06
804	11038.35
805	11236.62
806	11446.95
807	11670.05
808	11905.11
809	12150.80
810	12405.73
811	12668.54
812	12937.84
813	13212.40
814	13492.10
815	13779.86
816	14080.83
817	14400.75
818	14745.38
819	15120.49
820	15531.80
821	15984.36
822	16479.30
823	17010.65
824	17568.80
825	18143.49
826	18724.45
827	19301.42
828	19864.18
829	20403.63
830	20914.65
831	21397.01
832	21852.17
833	22281.77
834	22687.49
835	23070.96
836	23433.71
837	23776.04
838	24095.16
839	24385.88
840	24642.43
841	24859.02
842	25029.84
843	25149.14
844	25212.14
845	25219.05
846	25178.75
847	25104.28
848	25009.34
849	24907.63
850	24812.90
851	24738.69
852	24696.46
853	24690.56
854	24717.92
855	24773.06
856	24850.30
857	24943.95
858	25048.33
859	25157.92
860	25268.42
861	25378.10
862	25486.89
863	25595.05
864	25702.85
865	25810.58
866	25918.47
867	26026.23
868	26131.35
869	26228.36
870	26310.66
871	26371.54
872	26404.24
873	26402.06
874	26358.55
875	26269.76
876	26138.13
877	25970.90
878	25776.49
879	25563.40
880	25340.12
881	25115.10
882	24896.00
883	24686.89
884	24486.28
885	24290.26
886	24094.61
887	23895.07
888	23687.41
889	23467.61
890	23233.87
891	22990.60
892	22747.31
893	22514.93
894	22304.46
895	22126.89
896	21993.18
897	21912.97
898	21889.77
899	21917.02
900	21983.61
901	22077.75
902	22187.62
903	22301.41
904	22407.50
905	22496.16
906	22563.05
907	22608.33
908	22633.39
909	22639.67
910	22628.66
911	22601.81
912	22560.38
913	22504.71
914	22433.71
915	22345.64
916	22238.65
917	22110.92
918	21960.62
919	21786.13
920	21587.71
921	21370.67
922	21144.23
923	20918.59
924	20704.04
925	20510.85
926	20349.22
927	20228.07
928	20150.76
929	20112.99
930	20107.32
931	20125.93
932	20161.01
933	20204.71
934	20249.46
935	20289.24
936	20321.83
937	20347.49
938	20367.01
939	20381.24
940	20391.01
941	20397.13
942	20400.20
943	20399.97
944	20395.28
945	20384.64
946	20366.52
947	20339.41
948	20301.79
949	20252.57
950	20192.86
951	20127.96
952	20065.33
953	20012.83
954	19978.34
955	19969.69
956	19994.52
957	20057.94
958	20158.14
959	20287.41
960	20436.48
961	20595.96
962	20756.47
963	20908.65
964	21043.58
965	21154.13
966	21235.63
967	21284.33
968	21296.61
969	21268.85
970	21197.44
971	21078.94
972	20910.97
973	20693.37
974	20427.20
975	20113.80
976	19754.53
977	19350.72
978	18903.94
979	18417.83
980	17902.20
981	17372.20
982	16844.51
983	16335.89
984	15863.10
985	15442.79
986	15089.33
987	14808.07
988	14592.44
989	14431.33
990	14313.09
991	14226.09
992	14158.68
993	14099.98
994	14043.20
995	13989.42
996	13943.83
997	13912.39
998	13901.04
999	13915.75
1000	13962.21
1001	14043.93
1002	14158.76
1003	14300.35
1004	14461.30
1005	14634.17
1006	14811.52
1007	14985.98
1008	15151.20
1009	15304.27
1010	15445.84
1011	15577.74
1012	15701.88
1013	15820.17
1014	15934.51
1015	16046.53
1016	16156.57
1017	16263.19
1018	16364.21
1019	16457.36
1020	16540.34
1021	16610.89
1022	16666.93
1023	16707.54
1024	16733.96
1025	16748.62
1026	16754.11
1027	16753.04
1028	16748.03
1029	16741.67
1030	16736.33
1031	16733.84
1032	16735.70
1033	16743.30
1034	16758.05
1035	16781.35
1036	16814.51
1037	16858.12
1038	16910.60
1039	16968.45
1040	17027.65
1041	17084.16
1042	17133.90
1043	17172.94
1044	17198.55
1045	17212.52
1046	17221.47
1047	17233.67
1048	17257.54
1049	17301.50
1050	17373.96
1051	17482.82
1052	17633.98
1053	17830.63
1054	18074.88
1055	18368.73
1056	18714.17
1057	19113.13
1058	19566.19
1059	20067.52
1060	20600.88
1061	21145.31
1062	21679.15
1063	22180.71
1064	22628.39
1065	23002.38
1066	23292.85
1067	23508.87
1068	23669.30
1069	23794.75
1070	23905.91
1071	24023.38
1072	24166.59
1073	24347.13
1074	24559.94
1075	24790.08
1076	25020.66
1077	25234.69
1078	25415.17
1079	25545.69
1080	25613.75
1081	25616.13
1082	25555.71
1083	25436.79
1084	25263.68
1085	25040.73
1086	24772.21
1087	24461.87
1088	24112.10
1089	23724.38
1090	23299.91
1091	22839.89
1092	22345.54
1093	21818.29
1094	21261.52
1095	20683.82
1096	20097.87
1097	19517.39
1098	18956.18
1099	18427.99
1100	17946.26
1101	17521.11
1102	17153.50
1103	16836.83
1104	16562.55
1105	16321.92
1106	16106.26
1107	15906.99
1108	15716.87
1109	15532.48
1110	15353.58
1111	15180.83
1112	15014.91
1113	14856.54
1114	14706.25
1115	14563.10
1116	14421.92
1117	14273.94
1118	14109.42
1119	13918.53
1120	13691.48
1121	13418.85
1122	13095.02
1123	12725.00
1124	12322.65
1125	11904.25
1126	11486.20
1127	11084.92
1128	10716.39
1129	10392.69
1130	10115.30
1131	9877.18
1132	9669.09
1133	9481.64
1134	9305.45
1135	9131.45
1136	8953.01
1137	8770.01
1138	8587.15
1139	8410.34
1140	8245.57
1141	8098.82
1142	7975.80
1143	7880.30
1144	7811.33
1145	7764.61
1146	7735.13
1147	7717.80
1148	7707.57
1149	7699.51
1150	7689.72
1151	7676.54
1152	7659.69
1153	7639.22
1154	7615.17
1155	7587.58
1156	7556.56
1157	7522.42
1158	7485.98
1159	7448.31
1160	7410.55
1161	7373.81
1162	7339.22
1163	7307.94
1164	7281.19
1165	7260.38
1166	7246.98
1167	7242.48
1168	7248.35
1169	7266.07
1170	7296.65
1171	7339.20
1172	7389.97
1173	7444.03
1174	7496.31
1175	7541.69
1176	7575.17
1177	7592.75
1178	7594.31
1179	7584.46
1180	7569.45
1181	7555.74
1182	7549.78
1183	7557.89
1184	7584.75
1185	7629.86
1186	7687.73
1187	7751.30
1188	7813.42
1189	7866.93
1190	7904.92
1191	7922.49
1192	7920.08
1193	7902.19
1194	7874.36
1195	7842.15
1196	7811.16
1197	7786.72
1198	7772.70
1199	7769.84
1200	7777.00
1201	7792.68
1202	7815.37
1203	7843.56
1204	7875.88
1205	7911.64
1206	7951.28
1207	7995.77
1208	8046.14
1209	8103.41
1210	8168.61
1211	8242.41
1212	8324.15
1213	8411.62
1214	8502.03
1215	8592.53
1216	8680.28
1217	8762.50
1218	8837.25
1219	8904.97
1220	8968.16
1221	9029.89
1222	9093.29
1223	9161.46
1224	9237.40
1225	9323.36
1226	9419.86
1227	9526.44
1228	9642.38
1229	9766.99
1230	9899.55
1231	10039.63
1232	10187.91
1233	10346.92
1234	10519.94
1235	10710.37
1236	10921.64
1237	11157.12
1238	11419.83
1239	11711.54
1240	12032.72
1241	12383.41
1242	12763.64
1243	13173.41
1244	13612.80
1245	14082.44
1246	14584.26
1247	15121.10
1248	15696.03
1249	16312.11
1250	16972.34
1251	17678.55
1252	18426.79
1253	19203.52
1254	19990.85
1255	20770.19
1256	21522.95
1257	22230.70
1258	22877.47
1259	23455.38
1260	23965.01
1261	24409.64
1262	24792.78
1263	25117.93
1264	25388.30
1265	25604.97
1266	25764.23
1267	25859.26
1268	25882.56
1269	25826.62
1270	25684.03
1271	25449.44
1272	25126.33
1273	24730.91
1274	24284.59
1275	23809.42
1276	23327.49
1277	22860.52
1278	22426.74
1279	22034.48
1280	21683.72
1281	21372.19
1282	21097.44
1283	20857.10
1284	20649.71
1285	20478.75
1286	20356.57
1287	20299.88
1288	20326.16
1289	20452.88
1290	20697.09
1291	21070.64
1292	21568.33
1293	22167.62
1294	22840.58
1295	23558.80
1296	24293.89
1297	25017.71
1298	25703.71
1299	26328.58
1300	26870.82
1301	27309.28
1302	27622.85
1303	27790.64
1304	27795.54
1305	27633.60
1306	27315.59
1307	26857.30
1308	26274.94
1309	25584.78
1310	24803.42
1311	23949.68
1312	23047.05
1313	22121.84
1314	21200.87
1315	20311.00
1316	19478.77
1317	18726.05
1318	18058.23
1319	17462.12
1320	16918.22
1321	16406.44
1322	15906.70
1323	15400.00
1324	14873.89
1325	14329.42
1326	13775.36
1327	13221.94
1328	12679.47
1329	12158.15
1330	11666.88
1331	11210.11
1332	10787.75
1333	10398.26
1334	10039.95
1335	9711.15
1336	9410.21
1337	9135.65
1338	8886.31
1339	8661.17
1340	8459.27
1341	8279.60
1342	8121.15
1343	7982.45
1344	7860.74
1345	7752.15
1346	7652.46
1347	7557.48
1348	7462.99
1349	7365.34
1350	7263.16
1351	7158.54
1352	7055.04
1353	6956.42
1354	6866.42
1355	6788.67
1356	6725.72
1357	6677.59
1358	6642.62
1359	6618.76
1360	6603.94
1361	6596.08
1362	6593.05
1363	6592.49
1364	6591.81
1365	6588.34
1366	6579.40
1367	6562.31
1368	6534.46
1369	6493.59
1370	6438.01
1371	6366.32
1372	6277.20
1373	6169.30
1374	6041.48
1375	5894.17
1376	5731.91
1377	5562.24
1378	5393.44
1379	5233.86
1380	5091.72
1381	4974.11
1382	4883.94
1383	4819.34
1384	4776.84
1385	4752.80
1386	4743.59
1387	4745.79
1388	4757.08
1389	4776.99
1390	4805.90
1391	4844.34
1392	4892.85
1393	4951.91
1394	5021.70
1395	5101.64
1396	5190.66
1397	5287.56
1398	5391.15
1399	5500.20
1400	5613.11
1401	5727.10
1402	5838.27
1403	5942.40
1404	6035.21
1405	6112.50
1406	6171.27
1407	6213.28
1408	6246.75
1409	6282.42
1410	6331.33
1411	6404.50
1412	6512.30
1413	6661.74
1414	6853.62
1415	7085.64
1416	7354.96
1417	7658.73
1418	7994.40
1419	8361.65
1420	8765.38
1421	9213.95
1422	9716.48
1423	10282.15
1424	10920.20
1425	11640.85
1426	12456.98
1427	13383.84
1428	14437.34
1429	15633.40
1430	16987.40
1431	18506.67
1432	20170.41
1433	21926.53
1434	23712.39
1435	25464.39
1436	27119.13
1437	28617.66
1438	29919.65
1439	31010.75
1440	31887.03
1441	32545.82
1442	32984.59
1443	33202.62
1444	33208.09
1445	33024.40
1446	32682.15
1447	32213.03
1448	31648.75
1449	31020.36
1450	30354.80
1451	29670.86
1452	28982.78
1453	28303.97
1454	27647.76
1455	27026.43
1456	26445.00
1457	25891.82
1458	25344.48
1459	24778.26
1460	24168.34
1461	23490.88
1462	22730.08
1463	21890.69
1464	20992.58
1465	20059.30
1466	19114.60
1467	18181.87
1468	17280.99
1469	16422.06
1470	15607.13
1471	14836.10
1472	14108.72
1473	13424.68
1474	12782.99
1475	12180.60
1476	11612.62
1477	11073.64
1478	10558.20
1479	10060.96
1480	9578.18
1481	9111.06
1482	8665.60
1483	8249.24
1484	7869.55
1485	7533.92
1486	7247.48
1487	7008.00
1488	6805.76
1489	6628.71
1490	6464.60
1491	6301.32
1492	6128.69
1493	5942.91
1494	5746.87
1495	5545.55
1496	5344.15
1497	5147.82
1498	4961.26
1499	4787.61
1500	4628.45
1501	4484.82
1502	4357.72
1503	4248.10
1504	4156.09
1505	4079.17
1506	4012.14
1507	3948.91
1508	3883.36
1509	3809.49
1510	3722.95
1511	3624.63
1512	3520.57
1513	3418.37
1514	3325.76
1515	3250.28
1516	3197.50
1517	3167.06
1518	3153.09
1519	3148.20
1520	3144.82
1521	3135.59
1522	3114.69
1523	3080.72
1524	3035.99
1525	2983.84
1526	2927.64
1527	2870.76
1528	2816.29
1529	2766.70
1530	2723.96
1531	2689.90
1532	2666.36
1533	2654.96
1534	2655.84
1535	2665.69
1536	2678.89
1537	2689.31
1538	2690.82
1539	2677.75
1540	2647.27
1541	2602.37
1542	2549.41
1543	2495.37
1544	2447.22
1545	2411.39
1546	2391.36
1547	2385.47
1548	2389.58
1549	2399.10
1550	2409.47
1551	2416.47
1552	2417.36
1553	2411.53
1554	2399.27
1555	2380.97
1556	2357.07
1557	2328.26
1558	2296.30
1559	2264.13
1560	2235.11
1561	2212.65
1562	2200.02
1563	2199.07
1564	2207.42
1565	2218.85
1566	2226.00
1567	2221.45
1568	2198.23
1569	2152.79
1570	2089.95
1571	2020.35
1572	1956.00
1573	1908.94
1574	1890.18
1575	1905.03
1576	1947.79
1577	2006.97
1578	2070.00
1579	2124.39
1580	2159.17
1581	2170.05
1582	2162.21
1583	2144.75
1584	2127.23
1585	2119.08
1586	2127.80
1587	2154.54
1588	2193.95
1589	2238.63
1590	2281.03
1591	2313.90
1592	2332.51
1593	2338.40
1594	2337.61
1595	2337.28
1596	2344.55
1597	2365.95
1598	2404.65
1599	2457.79
1600	2519.47
1601	2583.26
1602	2642.79
1603	2692.71
1604	2731.55
1605	2762.61
1606	2790.92
1607	2821.70
1608	2860.03
1609	2909.87
1610	2972.07
1611	3044.97
1612	3126.27
1613	3213.65
1614	3305.09
1615	3400.44
1616	3503.04
1617	3618.03
1618	3750.89
1619	3907.06
1620	4091.28
1621	4305.63
1622	4549.00
1623	4819.13
1624	5113.66
1625	5430.34
1626	5767.85
1627	6127.31
1628	6511.61
1629	6924.10
1630	7368.12
1631	7846.83
1632	8362.51
1633	8915.98
1634	9507.38
1635	10136.78
1636	10804.51
1637	11514.25
1638	12280.24
1639	13126.85
1640	14081.55
1641	15171.98
1642	16424.50
1643	17857.74
1644	19474.71
1645	21269.72
1646	23235.38
1647	25363.78
1648	27639.59
1649	30020.76
1650	32434.37
1651	34796.77
1652	37023.28
1653	39029.54
1654	40733.55
1655	42058.70
1656	42931.77
1657	43280.30
1658	43032.89
1659	42135.61
1660	40602.11
1661	38531.83
1662	36055.96
1663	33309.17
1664	30424.18
1665	27518.86
1666	24676.14
1667	21955.77
1668	19412.31
1669	17099.60
1670	15063.77
1671	13320.90
1672	11849.00
1673	10611.96
1674	9572.08
1675	8692.22
1676	7939.33
1677	7289.54
1678	6724.88
1679	6228.66
1680	5784.36
1681	5377.71
1682	5002.45
1683	4661.64
1684	4361.59
1685	4108.88
1686	3909.20
1687	3762.62
1688	3657.94
1689	3577.62
1690	3502.90
1691	3415.36
1692	3301.07
1693	3160.20
1694	3006.65
1695	2858.49
1696	2734.00
1697	2649.52
1698	2611.75
1699	2611.49
1700	2632.21
1701	2656.30
1702	2666.67
1703	2651.27
1704	2610.93
1705	2556.03
1706	2499.31
1707	2453.55
1708	2429.79
1709	2432.64
1710	2458.88
1711	2502.47
1712	2557.09
1713	2616.78
1714	2677.75
1715	2740.32
1716	2806.96
1717	2880.56
1718	2963.92
1719	3059.19
1720	3166.63
1721	3285.00
1722	3412.63
1723	3547.93
1724	3690.24
1725	3842.70
1726	4013.06
1727	4210.80
1728	4445.55
1729	4725.80
1730	5054.03
1731	5421.61
1732	5814.27
1733	6216.83
1734	6614.38
1735	6994.94
1736	7353.86
1737	7691.81
1738	8010.77
1739	8312.64
1740	8597.48
1741	8859.36
1742	9086.04
1743	9263.30
1744	9376.79
1745	9413.45
1746	9365.70
1747	9233.93
1748	9021.85
1749	8733.62
1750	8374.06
1751	7951.77
1752	7482.71
1753	6986.80
1754	6484.67
1755	5996.42
1756	5537.80
1757	5113.74
1758	4721.49
1759	4356.48
1760	4014.13
1761	3691.01
1762	3387.16
1763	3105.82
1764	2851.20
1765	2627.50
1766	2437.87
1767	2281.61
1768	2153.48
1769	2046.61
1770	1953.98
1771	1869.21
1772	1788.57
1773	1712.32
1774	1642.37
1775	1580.86
1776	1529.78
1777	1490.20
1778	1461.63
1779	1442.76
1780	1432.15
1781	1428.33
1782	1429.66
1783	1434.07
1784	1439.32
1785	1443.09
1786	1443.19
1787	1438.35
1788	1429.54
1789	1419.21
1790	1410.15
1791	1405.02
1792	1404.97
1793	1407.31
1794	1406.30
1795	1395.44
1796	1368.48
1797	1322.11
1798	1261.45
1799	1198.94
1800	1149.04
1801	1126.00
1802	1139.99
1803	1188.56
1804	1257.38
1805	1328.57
1806	1384.27
1807	1410.21
1808	1403.86
1809	1374.53
1810	1335.24
1811	1299.10
1812	1276.79
1813	1270.59
1814	1273.98
1815	1277.60
1816	1271.98
1817	1249.95
1818	1212.16
1819	1167.69
1820	1128.37
1821	1106.10
1822	1109.92
1823	1139.11
1824	1182.44
1825	1225.21
1826	1252.70
1827	1253.57
1828	1228.07
1829	1188.53
1830	1151.23
1831	1132.45
1832	1144.35
1833	1185.72
1834	1241.90
1835	1294.06
1836	1323.43
1837	1316.03
1838	1272.61
1839	1207.78
1840	1140.22
1841	1088.47
1842	1066.47
1843	1074.96
1844	1103.39
1845	1138.08
1846	1165.53
1847	1175.85
1848	1168.55
1849	1150.34
1850	1129.75
1851	1115.08
1852	1112.13
1853	1120.73
1854	1136.78
1855	1155.24
1856	1171.22
1857	1180.89
1858	1182.66
1859	1176.19
1860	1161.43
1861	1138.59
1862	1109.25
1863	1077.44
1864	1048.41
1865	1027.52
1866	1019.28
1867	1024.42
1868	1038.09
1869	1053.15
1870	1062.28
1871	1059.66
1872	1045.08
1873	1024.82
1874	1007.44
1875	1001.49
1876	1013.09
1877	1041.04
1878	1077.45
1879	1112.56
1880	1136.82
1881	1143.71
1882	1134.05
1883	1113.76
1884	1089.92
1885	1069.37
1886	1057.15
1887	1054.90
1888	1062.44
1889	1079.24
1890	1104.19
1891	1133.60
1892	1160.21
1893	1175.30
1894	1170.21
1895	1139.21
1896	1086.09
1897	1024.30
1898	970.28
1899	940.09
1900	944.59
1901	981.94
1902	1041.29
1903	1109.70
1904	1174.69
1905	1226.79
1906	1261.93
1907	1278.68
1908	1276.11
1909	1254.00
1910	1214.76
1911	1163.93
1912	1108.17
1913	1054.19
1914	1007.96
1915	973.48
1916	953.22
1917	949.24
1918	963.06
1919	993.53
1920	1034.45
1921	1077.12
1922	1112.47
1923	1132.98
1924	1136.83
1925	1128.83
1926	1116.14
1927	1105.89
1928	1103.35
1929	1109.11
1930	1120.40
1931	1133.67
1932	1145.54
1933	1153.60
1934	1156.99
1935	1155.54
1936	1149.17
1937	1137.83
1938	1121.40
1939	1099.75
1940	1072.77
1941	1040.63
1942	1005.18
1943	971.57
1944	946.71
1945	937.71
1946	949.91
1947	982.40
1948	1027.43
1949	1074.91
1950	1114.95
1951	1140.23
1952	1149.06
1953	1143.16
1954	1124.99
1955	1097.56
1956	1065.85
1957	1037.19
1958	1019.71
1959	1021.03
1960	1044.30
1961	1082.79
1962	1123.45
1963	1152.09
1964	1157.20
1965	1137.40
1966	1103.52
1967	1070.67
1968	1053.52
1969	1060.78
1970	1088.32
1971	1124.30
1972	1155.41
1973	1170.10
1974	1163.02
1975	1135.65
1976	1091.72
1977	1035.36
1978	971.70
1979	907.82
1980	851.82
1981	811.84
1982	794.37
1983	800.90
1984	828.46
1985	872.73
1986	928.96
1987	990.80
1988	1049.44
1989	1094.99
1990	1118.07
1991	1114.16
1992	1090.52
1993	1062.61
1994	1047.47
1995	1058.42
1996	1095.18
1997	1142.16
1998	1178.65
1999	1185.64
2000	1155.50
2001	1100.90
2002	1044.45
2003	1009.50
2004	1011.66
2005	1046.34
2006	1093.84
2007	1131.03
2008	1138.94
2009	1114.22
2010	1071.42
2011	1031.10
2012	1012.51
2013	1025.32
2014	1062.96
2015	1111.26
2016	1155.23
2017	1182.65
2018	1187.90
2019	1169.80
2020	1128.33
2021	1066.03
2022	993.04
2023	926.74
2024	886.44
2025	887.65
2026	930.06
2027	992.44
2028	1045.69
2029	1062.61
2030	1030.87
2031	964.68
2032	891.30
2033	838.85
2034	826.52
2035	852.86
2036	903.17
2037	960.18
2038	1009.57
2039	1045.75
2040	1070.42
2041	1087.21
2042	1099.38
2043	1108.55
2044	1114.61
2045	1116.87
2046	1114.80
2047	1108.57
2048	1099.34
2049	1088.61
2050	1077.74
2051	1067.08
2052	1055.42
2053	1040.81
2054	1021.37
2055	996.08
2056	965.58
2057	931.39
2058	895.52
2059	862.18
2060	840.33
2061	841.75
2062	877.77
2063	951.81
2064	1048.19
2065	1138.18
2066	1191.09
2067	1185.57
2068	1125.00
2069	1031.66
2070	932.22
2071	850.15
2072	799.19
2073	785.03
2074	810.75
2075	875.00
2076	963.72
2077	1051.65
2078	1111.02
2079	1121.32
2080	1084.73
2081	1024.31
2082	968.76
2083	941.82
2084	950.69
2085	987.00
2086	1037.83
2087	1090.56
2088	1134.60
2089	1161.21
2090	1162.56
2091	1134.48
2092	1083.67
2093	1026.76
2094	982.80
2095	966.37
2096	978.49
2097	1008.49
2098	1042.59
2099	1068.77
2100	1080.36
2101	1075.06
2102	1052.03
2103	1013.28
2104	967.87
2105	930.02
2106	914.41
2107	929.97
2108	971.98
2109	1026.79
2110	1079.31
2111	1117.80
2112	1137.64
2113	1138.34
2114	1120.80
2115	1088.93
2116	1052.01
2117	1021.97
2118	1009.69
2119	1019.57
2120	1046.10
2121	1079.63
2122	1110.77
2123	1133.36
2124	1145.30
2125	1145.97
2126	1135.36
2127	1114.86
2128	1087.25
2129	1055.81
2130	1024.59
2131	999.56
2132	988.14
2133	997.22
2134	1028.12
2135	1070.28
2136	1106.29
2137	1119.73
2138	1105.39
2139	1076.28
2140	1053.36
2141	1055.08
2142	1086.08
2143	1134.69
2144	1183.68
2145	1217.07
2146	1224.06
2147	1198.25
2148	1135.87
2149	1042.52
2150	943.38
2151	874.91
2152	869.78
2153	933.61
2154	1031.78
2155	1113.62
2156	1137.63
2157	1098.89
2158	1028.78
2159	967.91
2160	944.00
2161	953.05
2162	970.72
2163	971.41
2164	943.76
2165	898.58
2166	855.97
2167	834.08
2168	840.87
2169	874.51
2170	929.63
2171	996.83
2172	1058.67
2173	1093.27
2174	1082.97
2175	1030.30
2176	963.94
2177	920.93
2178	926.73
2179	973.76
2180	1029.78
2181	1060.13
2182	1047.45
2183	1002.47
2184	948.14
2185	905.14
2186	882.11
2187	876.94
2188	884.35
2189	898.29
2190	911.64
2191	916.99
2192	909.27
2193	891.06
2194	872.17
2195	863.40
2196	868.64
2197	878.76
2198	878.41
2199	856.37
2200	817.77
2201	783.22
2202	775.43
2203	804.00
2204	855.00
2205	903.54
2206	929.00
2207	928.25
2208	913.28
2209	898.73
2210	892.60
2211	892.33
2212	891.09
2213	883.99
2214	872.48
2215	862.47
2216	859.74
2217	865.39
2218	874.84
2219	881.75
2220	881.12
2221	871.03
2222	851.41
2223	824.14
2224	795.80
2225	777.00
2226	777.28
2227	796.91
2228	823.19
2229	839.41
2230	836.12
2231	820.34
2232	808.27
2233	812.89
2234	832.22
2235	851.19
2236	853.17
2237	830.17
2238	785.82
2239	728.81
2240	671.69
2241	633.39
2242	634.79
2243	686.33
2244	770.76
2245	851.35
2246	893.99
2247	888.40
2248	848.58
2249	795.46
2250	748.01
2251	721.56
2252	727.84
2253	766.51
2254	815.96
2255	845.79
2256	836.92
2257	799.73
2258	762.38
2259	748.23
2260	756.80
2261	768.86
2262	766.52
2263	752.26
2264	748.77
2265	778.69
2266	840.93
2267	905.37
2268	936.93
2269	923.64
2270	888.17
2271	863.80
2272	867.51
2273	886.26
2274	894.99
2275	877.75
2276	839.47
2277	795.38
2278	758.68
2279	734.57
2280	723.51
2281	724.15
2282	732.99
2283	745.30
2284	756.45
2285	762.69
2286	761.27
2287	753.16
2288	747.85
2289	759.51
2290	795.14
2291	841.33
2292	871.67
2293	865.17
2294	821.64
2295	755.43
2296	685.60
2297	634.69
2298	625.09
2299	662.76
2300	715.75
2301	732.65
2302	686.98
2303	615.44
2304	585.58
2305	633.29
2306	718.91
2307	769.60
2308	746.42
2309	682.08
2310	637.74
2311	649.61
2312	707.46
2313	781.54
2314	842.06
2315	863.32
2316	830.45
2317	761.22
2318	706.73
2319	710.99
2320	764.70
2321	813.92
2322	815.27
2323	782.80
2324	766.06
2325	792.99
2326	830.88
2327	823.70
2328	756.78
2329	686.69
2330	682.55
2331	750.32
2332	821.65
2333	826.19
2334	759.11
2335	669.28
2336	604.62
2337	579.87
2338	590.10
2339	628.22
2340	689.48
2341	764.95
2342	828.10
2343	837.63
2344	774.79
2345	688.43
2346	662.15
2347	729.99
2348	828.13
2349	869.53
2350	837.17
2351	790.84
2352	784.35
2353	799.15
2354	779.20
2355	709.92
2356	651.50
2357	669.75
2358	755.58
2359	836.39
2360	856.19
2361	825.56
2362	782.28
2363	741.45
2364	689.44
2365	618.81
2366	556.62
2367	541.36
2368	577.16
2369	623.52
2370	642.60
2371	639.96
2372	642.26
2373	649.86
2374	626.83
2375	556.13
2376	495.18
2377	524.80
2378	640.78
2379	736.53
2380	733.30
2381	687.01
2382	699.98
2383	776.24
2384	819.36
2385	776.52
2386	726.72
2387	763.22
2388	845.92
2389	849.89
2390	745.61
2391	656.09
2392	687.46
2393	786.97
2394	838.52
2395	809.95
2396	754.10
2397	715.70
2398	694.06
2399	684.19
2400	708.91
2401	782.58
2402	847.10
2403	810.77
2404	685.94
2405	613.60
2406	680.70
2407	798.60
2408	841.18
2409	789.12
2410	698.92
2411	636.81
2412	646.48
2413	706.46
2414	735.97
2415	697.03
2416	644.80
2417	634.64
2418	649.05
2419	651.38
2420	648.30
2421	664.83
2422	695.30
2423	711.88
2424	699.67
2425	664.45
2426	626.39
2427	610.90
2428	627.52
2429	662.95
2430	694.16
2431	699.78
2432	678.94
2433	655.83
2434	641.61
2435	618.42
2436	591.56
2437	610.98
2438	679.02
2439	706.68
2440	667.89
2441	681.07
2442	802.54
2443	910.21
2444	910.68
2445	857.67
2446	811.35
2447	763.96
2448	713.20
2449	689.83
2450	697.98
