150	3792.07
151	3789.01
152	3783.31
153	3774.96
154	3764.32
155	3752.31
156	3740.10
157	3728.87
158	3719.79
159	3714.05
160	3712.82
161	3717.27
162	3728.33
163	3746.05
164	3769.36
165	3796.82
166	3826.93
167	3858.20
168	3889.12
169	3918.21
170	3943.97
171	3965.10
172	3980.91
173	3991.58
174	3997.53
175	3999.26
176	3997.24
177	3991.95
178	3983.87
179	3973.49
180	3961.42
181	3948.71
182	3936.98
183	3928.02
184	3923.68
185	3925.80
186	3936.20
187	3956.71
188	3989.15
189	4034.79
190	4093.00
191	4160.88
192	4234.71
193	4310.70
194	4385.06
195	4453.99
196	4513.69
197	4560.41
198	4591.08
199	4605.01
200	4604.22
201	4591.62
202	4570.21
203	4543.01
204	4513.01
205	4483.24
206	4456.66
207	4435.87
208	4422.19
209	4415.61
210	4415.70
211	4421.98
212	4433.99
213	4451.25
214	4473.30
215	4499.64
216	4529.68
217	4562.40
218	4596.44
219	4630.31
220	4662.51
221	4691.57
222	4715.98
223	4734.26
224	4744.98
225	4747.28
226	4741.95
227	4731.08
228	4717.16
229	4702.69
230	4690.17
231	4682.10
232	4680.97
233	4689.16
234	4708.08
235	4736.70
236	4772.25
237	4811.55
238	4851.38
239	4888.53
240	4919.79
241	4941.97
242	4952.08
243	4948.56
244	4933.02
245	4908.96
246	4880.29
247	4850.93
248	4824.80
249	4805.83
250	4797.93
251	4804.65
252	4827.63
253	4864.94
254	4912.85
255	4967.31
256	5024.23
257	5079.57
258	5129.24
259	5169.21
260	5195.93
261	5208.11
262	5207.84
263	5198.66
264	5184.33
265	5168.59
266	5155.20
267	5147.92
268	5150.45
269	5165.83
270	5194.62
271	5234.38
272	5281.62
273	5332.73
274	5384.12
275	5432.17
276	5473.29
277	5503.95
278	5521.42
279	5525.45
280	5518.04
281	5501.89
282	5479.71
283	5454.25
284	5428.23
285	5404.37
286	5385.31
287	5372.95
288	5367.39
289	5367.48
290	5371.76
291	5378.77
292	5387.05
293	5395.14
294	5401.56
295	5404.95
296	5404.39
297	5399.82
298	5391.66
299	5380.41
300	5366.57
301	5350.62
302	5333.06
303	5314.41
304	5295.11
305	5275.55
306	5255.96
307	5236.50
308	5217.33
309	5198.62
310	5180.54
311	5163.24
312	5146.90
313	5131.81
314	5118.58
315	5108.17
316	5101.67
317	5100.14
318	5104.66
319	5116.31
320	5136.16
321	5165.19
322	5203.63
323	5249.94
324	5301.36
325	5354.87
326	5407.41
327	5455.94
328	5497.42
329	5528.82
330	5547.41
331	5552.04
332	5544.24
333	5526.81
334	5502.73
335	5475.01
336	5446.65
337	5420.66
338	5400.00
339	5387.13
340	5382.66
341	5385.13
342	5392.38
343	5402.16
344	5412.22
345	5420.33
346	5424.25
347	5421.82
348	5411.68
349	5394.39
350	5371.93
351	5346.67
352	5320.96
353	5297.16
354	5277.63
355	5264.74
356	5260.55
357	5265.83
358	5279.01
359	5297.45
360	5318.31
361	5338.76
362	5355.97
363	5367.09
364	5369.36
365	5360.65
366	5341.15
367	5313.52
368	5281.19
369	5247.68
370	5216.52
371	5191.21
372	5175.27
373	5172.02
374	5183.50
375	5208.72
376	5244.76
377	5288.26
378	5335.87
379	5384.22
380	5429.94
381	5469.68
382	5500.49
383	5521.10
384	5532.62
385	5537.14
386	5536.87
387	5534.04
388	5530.88
389	5529.58
390	5532.32
391	5540.68
392	5554.66
393	5572.96
394	5593.90
395	5615.82
396	5637.04
397	5655.87
398	5670.64
399	5679.82
400	5682.54
401	5679.13
402	5670.47
403	5657.54
404	5641.31
405	5622.76
406	5602.87
407	5582.60
408	5562.85
409	5544.20
410	5526.97
411	5511.41
412	5497.74
413	5486.22
414	5477.05
415	5470.49
416	5466.73
417	5465.80
418	5467.40
419	5471.03
420	5476.20
421	5482.38
422	5489.06
423	5495.73
424	5501.88
425	5507.10
426	5511.30
427	5514.68
428	5517.58
429	5520.32
430	5523.23
431	5526.64
432	5530.88
433	5536.22
434	5542.69
435	5549.79
436	5556.74
437	5562.72
438	5566.92
439	5568.50
440	5566.64
441	5560.55
442	5549.75
443	5534.85
444	5517.49
445	5499.65
446	5483.34
447	5470.56
448	5463.31
449	5463.59
450	5473.19
451	5492.81
452	5521.14
453	5555.88
454	5594.54
455	5634.65
456	5673.73
457	5709.28
458	5738.89
459	5760.68
460	5774.44
461	5781.41
462	5783.25
463	5781.66
464	5778.32
465	5774.92
466	5773.16
467	5774.55
468	5779.96
469	5789.17
470	5801.49
471	5816.18
472	5832.49
473	5849.66
474	5866.94
475	5883.59
476	5899.04
477	5913.10
478	5925.85
479	5937.45
480	5948.06
481	5957.84
482	5966.95
483	5975.54
484	5983.75
485	5991.64
486	5999.14
487	6006.15
488	6012.59
489	6018.36
490	6023.36
491	6027.49
492	6030.66
493	6032.83
494	6034.03
495	6034.35
496	6033.89
497	6032.74
498	6030.98
499	6028.73
500	6026.08
501	6023.20
502	6020.49
503	6018.53
504	6017.94
505	6019.36
506	6023.43
507	6030.78
508	6042.03
509	6057.58
510	6076.94
511	6098.37
512	6119.66
513	6138.51
514	6152.64
515	6159.78
516	6157.64
517	6144.13
518	6118.30
519	6081.55
520	6036.60
521	5986.45
522	5934.10
523	5882.55
524	5834.80
525	5793.79
526	5761.79
527	5739.15
528	5724.59
529	5716.41
530	5712.86
531	5712.18
532	5712.63
533	5712.47
534	5710.14
535	5704.77
536	5696.33
537	5685.10
538	5671.43
539	5655.64
540	5638.05
541	5619.00
542	5598.81
543	5577.77
544	5556.11
545	5534.04
546	5511.77
547	5489.49
548	5467.40
549	5445.71
550	5424.64
551	5404.62
552	5386.56
553	5371.67
554	5361.28
555	5356.70
556	5359.22
557	5370.17
558	5390.80
559	5421.80
560	5462.11
561	5509.01
562	5559.28
563	5609.68
564	5656.94
565	5697.83
566	5729.11
567	5748.13
568	5754.35
569	5749.98
570	5738.24
571	5722.46
572	5705.98
573	5692.15
574	5684.29
575	5685.45
576	5697.37
577	5719.56
578	5750.49
579	5788.49
580	5831.86
581	5878.93
582	5928.00
583	5977.47
584	6026.22
585	6074.14
586	6121.72
587	6169.57
588	6218.30
589	6268.52
590	6320.84
591	6375.81
592	6433.34
593	6491.84
594	6548.56
595	6600.53
596	6644.70
597	6678.08
598	6697.64
599	6700.46
600	6684.67
601	6651.45
602	6604.78
603	6549.43
604	6490.22
605	6431.96
606	6379.49
607	6337.55
608	6309.87
609	6296.70
610	6294.46
611	6298.35
612	6303.42
613	6304.75
614	6297.40
615	6276.49
616	6237.96
617	6181.03
618	6109.12
619	6027.21
620	5940.46
621	5854.04
622	5773.12
623	5702.82
624	5647.64
625	5609.18
626	5584.85
627	5570.26
628	5560.81
629	5551.86
630	5538.81
631	5517.04
632	5482.53
633	5434.00
634	5374.72
635	5310.08
636	5245.78
637	5187.55
638	5141.11
639	5112.14
640	5105.78
641	5124.13
642	5163.80
643	5218.60
644	5281.93
645	5347.13
646	5407.54
647	5456.55
648	5487.97
649	5498.16
650	5488.47
651	5462.90
652	5425.96
653	5382.15
654	5336.00
655	5292.01
656	5254.48
657	5226.37
658	5208.01
659	5198.19
660	5195.43
661	5198.23
662	5205.09
663	5214.52
664	5225.11
665	5235.95
666	5247.24
667	5259.80
668	5274.56
669	5292.47
670	5314.48
671	5341.52
672	5374.46
673	5413.68
674	5458.51
675	5507.70
676	5559.84
677	5613.57
678	5667.48
679	5720.19
680	5770.43
681	5817.56
682	5862.33
683	5906.25
684	5951.01
685	5998.28
686	6049.74
687	6107.07
688	6171.82
689	6244.74
690	6325.02
691	6410.93
692	6500.60
693	6592.16
694	6683.72
695	6773.41
696	6859.51
697	6941.26
698	7019.74
699	7096.93
700	7175.04
701	7256.23
702	7342.72
703	7436.66
704	7539.99
705	7653.27
706	7774.66
707	7901.16
708	8029.57
709	8156.68
710	8279.28
711	8394.17
712	8498.46
713	8590.71
714	8671.78
715	8743.58
716	8808.19
717	8867.67
718	8924.09
719	8979.52
720	9035.65
721	9092.76
722	9149.03
723	9201.82
724	9248.36
725	9285.92
726	9311.72
727	9323.05
728	9317.56
729	9294.45
730	9254.79
731	9200.30
732	9132.81
733	9054.11
734	8966.02
735	8870.35
736	8769.03
737	8664.35
738	8558.96
739	8455.63
740	8357.15
741	8266.29
742	8185.85
743	8118.53
744	8066.39
745	8029.63
746	8006.85
747	7996.22
748	7995.89
749	8003.98
750	8018.66
751	8038.10
752	8060.88
753	8086.46
754	8114.93
755	8146.50
756	8181.41
757	8219.89
758	8262.18
759	8308.40
760	8358.24
761	8410.41
762	8463.11
763	8514.44
764	8562.51
765	8605.41
766	8641.25
767	8668.34
768	8685.82
769	8694.18
770	8694.50
771	8687.92
772	8675.61
773	8658.73
774	8638.41
775	8615.81
776	8591.99
777	8567.95
778	8544.65
779	8523.06
780	8504.15
781	8488.86
782	8478.20
783	8473.32
784	8475.90
785	8488.08
786	8512.11
787	8550.25
788	8604.76
789	8677.92
790	8771.79
791	8887.29
792	9022.72
793	9174.76
794	9339.74
795	9513.97
796	9693.76
797	9875.45
798	10055.67
799	10232.61
800	10406.92
801	10580.40
802	10755.01
803	10932.72
804	11115.50
805	11305.30
806	11503.91
807	11712.42
808	11931.22
809	12160.44
810	12400.18
811	12650.55
812	12911.66
813	13183.67
814	13467.39
815	13765.29
816	14081.03
817	14418.63
818	14782.11
819	15175.48
820	15602.74
821	16067.31
822	16569.46
823	17103.65
824	17661.37
825	18233.62
826	18811.37
827	19385.58
828	19947.29
829	20488.37
830	21003.80
831	21492.38
832	21954.24
833	22389.63
834	22798.85
835	23182.15
836	23539.73
837	23871.11
838	24174.10
839	24445.17
840	24680.47
841	24876.12
842	25028.27
843	25133.08
844	25187.49
845	25192.48
846	25155.94
847	25089.10
848	25003.73
849	24911.63
850	24824.58
851	24754.25
852	24710.80
853	24699.32
854	24719.60
855	24769.67
856	24847.45
857	24950.84
858	25077.75
859	25225.94
860	25392.32
861	25571.85
862	25758.31
863	25945.22
864	26126.09
865	26294.43
866	26443.76
867	26568.07
868	26663.06
869	26726.79
870	26758.18
871	26756.30
872	26720.20
873	26648.94
874	26541.72
875	26399.12
876	26225.14
877	26026.40
878	25810.17
879	25583.71
880	25354.35
881	25129.32
882	24915.15
883	24714.89
884	24526.37
885	24345.08
886	24166.24
887	23985.03
888	23796.63
889	23596.45
890	23381.97
891	23156.41
892	22927.83
893	22705.55
894	22498.98
895	22317.54
896	22170.58
897	22066.51
898	22009.09
899	21994.50
900	22015.52
901	22064.37
902	22133.29
903	22214.51
904	22300.33
905	22383.80
906	22460.04
907	22525.96
908	22578.92
909	22616.32
910	22635.58
911	22634.11
912	22609.57
913	22560.89
914	22488.91
915	22395.34
916	22282.01
917	22150.77
918	22003.45
919	21841.96
920	21668.76
921	21487.84
922	21304.36
923	21123.78
924	20951.57
925	20793.21
926	20654.15
927	20539.16
928	20450.20
929	20385.32
930	20340.96
931	20313.39
932	20298.86
933	20293.62
934	20294.02
935	20297.04
936	20301.19
937	20305.97
938	20311.14
939	20316.41
940	20321.54
941	20326.27
942	20330.23
943	20332.74
944	20332.77
945	20329.14
946	20320.66
947	20306.15
948	20284.43
949	20254.63
950	20217.47
951	20176.72
952	20137.72
953	20106.10
954	20087.48
955	20087.50
956	20111.62
957	20163.74
958	20243.35
959	20346.21
960	20467.08
961	20600.65
962	20741.63
963	20884.68
964	21024.22
965	21153.56
966	21264.52
967	21348.35
968	21396.23
969	21399.33
970	21348.84
971	21236.54
972	21057.74
973	20815.09
974	20515.42
975	20166.43
976	19775.81
977	19351.26
978	18900.53
979	18431.52
980	17952.71
981	17473.08
982	17001.75
983	16547.83
984	16120.44
985	15728.65
986	15380.42
987	15079.36
988	14823.35
989	14608.06
990	14428.92
991	14281.34
992	14160.75
993	14062.82
994	13984.65
995	13926.01
996	13888.10
997	13872.36
998	13880.25
999	13913.23
1000	13972.59
1001	14058.46
1002	14167.91
1003	14295.73
1004	14436.14
1005	14583.33
1006	14731.51
1007	14874.94
1008	15008.99
1009	15132.56
1010	15248.32
1011	15360.14
1012	15471.97
1013	15587.79
1014	15711.53
1015	15846.28
1016	15991.58
1017	16141.81
1018	16289.26
1019	16425.93
1020	16543.82
1021	16634.97
1022	16692.17
1023	16712.55
1024	16701.45
1025	16668.58
1026	16624.39
1027	16579.37
1028	16544.01
1029	16528.40
1030	16539.71
1031	16578.05
1032	16638.77
1033	16716.09
1034	16804.19
1035	16897.26
1036	16989.52
1037	17075.84
1038	17152.90
1039	17218.97
1040	17272.75
1041	17313.00
1042	17338.45
1043	17347.95
1044	17341.74
1045	17324.91
1046	17307.91
1047	17302.96
1048	17322.46
1049	17378.79
1050	17484.27
1051	17649.59
1052	17878.88
1053	18167.34
1054	18506.70
1055	18888.27
1056	19303.35
1057	19743.21
1058	20199.14
1059	20662.28
1060	21123.57
1061	21573.87
1062	22004.03
1063	22404.89
1064	22767.32
1065	23083.12
1066	23349.00
1067	23571.08
1068	23760.34
1069	23928.63
1070	24087.81
1071	24249.73
1072	24425.44
1073	24620.85
1074	24830.99
1075	25044.40
1076	25248.33
1077	25429.98
1078	25576.54
1079	25675.63
1080	25717.74
1081	25700.16
1082	25624.65
1083	25494.02
1084	25311.08
1085	25078.68
1086	24799.62
1087	24476.62
1088	24112.10
1089	23708.26
1090	23267.27
1091	22791.31
1092	22282.53
1093	21743.29
1094	21177.71
1095	20594.62
1096	20006.46
1097	19426.66
1098	18868.68
1099	18345.97
1100	17871.64
1101	17455.58
1102	17098.66
1103	16794.35
1104	16534.18
1105	16309.54
1106	16111.82
1107	15932.52
1108	15764.22
1109	15602.50
1110	15445.50
1111	15292.08
1112	15141.09
1113	14991.43
1114	14841.90
1115	14690.67
1116	14533.97
1117	14366.48
1118	14182.39
1119	13975.90
1120	13741.21
1121	13472.73
1122	13167.15
1123	12827.54
1124	12462.24
1125	12081.04
1126	11693.81
1127	11310.43
1128	10940.60
1129	10592.40
1130	10269.55
1131	9972.26
1132	9699.83
1133	9451.49
1134	9226.49
1135	9024.04
1136	8843.19
1137	8682.58
1138	8540.49
1139	8415.17
1140	8304.81
1141	8207.65
1142	8121.94
1143	8046.32
1144	7980.25
1145	7923.83
1146	7877.27
1147	7840.80
1148	7814.63
1149	7798.89
1150	7792.92
1151	7794.33
1152	7799.70
1153	7805.36
1154	7807.62
1155	7802.85
1156	7787.70
1157	7760.93
1158	7725.36
1159	7686.10
1160	7648.67
1161	7618.60
1162	7601.41
1163	7601.98
1164	7621.91
1165	7657.12
1166	7700.78
1167	7745.62
1168	7784.34
1169	7809.72
1170	7815.44
1171	7799.42
1172	7765.67
1173	7720.83
1174	7671.84
1175	7625.68
1176	7589.25
1177	7568.49
1178	7565.73
1179	7578.90
1180	7604.38
1181	7638.37
1182	7677.06
1183	7716.68
1184	7753.95
1185	7786.96
1186	7815.24
1187	7838.72
1188	7857.37
1189	7871.17
1190	7880.09
1191	7884.19
1192	7883.74
1193	7879.18
1194	7870.98
1195	7859.60
1196	7845.54
1197	7829.33
1198	7812.07
1199	7795.90
1200	7783.63
1201	7778.21
1202	7782.58
1203	7799.66
1204	7832.05
1205	7880.68
1206	7943.80
1207	8018.43
1208	8101.38
1209	8189.48
1210	8279.55
1211	8368.61
1212	8454.36
1213	8535.32
1214	8610.33
1215	8678.25
1216	8737.94
1217	8788.35
1218	8829.21
1219	8862.59
1220	8892.58
1221	8923.82
1222	8960.99
1223	9008.76
1224	9071.63
1225	9152.73
1226	9252.34
1227	9368.91
1228	9500.55
1229	9645.35
1230	9801.40
1231	9967.02
1232	10141.60
1233	10326.13
1234	10522.36
1235	10732.11
1236	10957.24
1237	11199.59
1238	11461.23
1239	11744.88
1240	12053.95
1241	12392.12
1242	12763.05
1243	13170.41
1244	13617.74
1245	14107.54
1246	14639.82
1247	15212.86
1248	15824.54
1249	16472.71
1250	17155.19
1251	17869.17
1252	18608.65
1253	19362.44
1254	20116.91
1255	20858.09
1256	21571.99
1257	22244.76
1258	22864.29
1259	23424.33
1260	23924.68
1261	24367.10
1262	24753.52
1263	25085.88
1264	25365.83
1265	25593.32
1266	25764.30
1267	25872.18
1268	25909.82
1269	25870.05
1270	25745.80
1271	25531.89
1272	25231.33
1273	24858.86
1274	24434.00
1275	23976.89
1276	23507.70
1277	23046.30
1278	22609.56
1279	22205.96
1280	21836.88
1281	21501.77
1282	21199.97
1283	20930.85
1284	20694.65
1285	20496.28
1286	20349.01
1287	20270.22
1288	20278.00
1289	20390.46
1290	20625.25
1291	20994.57
1292	21492.77
1293	22096.03
1294	22774.88
1295	23499.36
1296	24239.49
1297	24965.67
1298	25650.28
1299	26269.81
1300	26803.03
1301	27229.19
1302	27527.53
1303	27677.59
1304	27663.00
1305	27481.71
1306	27147.79
1307	26680.68
1308	26100.38
1309	25426.88
1310	24680.09
1311	23879.62
1312	23044.29
1313	22192.50
1314	21342.58
1315	20512.80
1316	19721.31
1317	18983.41
1318	18304.62
1319	17679.39
1320	17098.40
1321	16551.99
1322	16030.47
1323	15524.51
1324	15026.67
1325	14533.46
1326	14043.70
1327	13556.59
1328	13071.38
1329	12587.37
1330	12104.75
1331	11626.50
1332	11158.57
1333	10707.83
1334	10281.25
1335	9885.76
1336	9527.80
1337	9210.98
1338	8933.80
1339	8692.12
1340	8481.39
1341	8297.01
1342	8134.44
1343	7989.52
1344	7859.23
1345	7741.55
1346	7634.72
1347	7537.01
1348	7446.70
1349	7362.17
1350	7282.26
1351	7206.48
1352	7134.67
1353	7066.66
1354	7002.33
1355	6941.54
1356	6884.39
1357	6831.39
1358	6783.38
1359	6741.25
1360	6705.93
1361	6678.26
1362	6658.52
1363	6644.92
1364	6633.41
1365	6619.19
1366	6597.36
1367	6563.08
1368	6511.99
1369	6442.37
1370	6357.15
1371	6261.49
1372	6160.91
1373	6060.94
1374	5966.91
1375	5882.37
1376	5806.34
1377	5734.46
1378	5661.57
1379	5582.44
1380	5491.95
1381	5386.34
1382	5266.68
1383	5139.57
1384	5013.52
1385	4897.19
1386	4799.22
1387	4727.58
1388	4686.75
1389	4675.34
1390	4689.19
1391	4723.73
1392	4774.34
1393	4836.58
1394	4907.13
1395	4985.36
1396	5072.41
1397	5169.85
1398	5279.25
1399	5402.08
1400	5538.55
1401	5684.91
1402	5833.64
1403	5976.08
1404	6103.46
1405	6207.14
1406	6280.23
1407	6323.01
1408	6345.46
1409	6361.31
1410	6384.72
1411	6429.86
1412	6510.14
1413	6634.84
1414	6805.81
1415	7021.12
1416	7278.20
1417	7574.46
1418	7907.65
1419	8277.96
1420	8691.31
1421	9157.38
1422	9686.71
1423	10289.89
1424	10977.48
1425	11759.74
1426	12646.16
1427	13645.51
1428	14766.37
1429	16017.28
1430	17406.37
1431	18935.11
1432	20581.95
1433	22299.64
1434	24032.30
1435	25723.24
1436	27315.96
1437	28757.85
1438	30012.64
1439	31066.79
1440	31915.92
1441	32556.74
1442	32986.10
1443	33202.58
1444	33213.46
1445	33040.86
1446	32713.80
1447	32262.48
1448	31717.07
1449	31107.13
1450	30458.44
1451	29789.32
1452	29113.90
1453	28445.54
1454	27797.52
1455	27182.05
1456	26603.78
1457	26050.04
1458	25496.99
1459	24918.36
1460	24287.81
1461	23580.16
1462	22779.74
1463	21895.21
1464	20953.14
1465	19984.50
1466	19020.42
1467	18091.41
1468	17221.57
1469	16417.11
1470	15669.50
1471	14966.31
1472	14294.82
1473	13642.57
1474	12999.71
1475	12364.15
1476	11740.83
1477	11136.73
1478	10558.95
1479	10014.52
1480	9509.49
1481	9046.87
1482	8626.71
1483	8248.15
1484	7910.27
1485	7612.08
1486	7351.48
1487	7122.97
1488	6917.51
1489	6724.95
1490	6535.06
1491	6337.79
1492	6125.45
1493	5898.22
1494	5664.45
1495	5435.13
1496	5221.44
1497	5034.42
1498	4882.69
1499	4766.97
1500	4679.66
1501	4610.55
1502	4549.16
1503	4485.17
1504	4409.99
1505	4320.71
1506	4220.24
1507	4113.35
1508	4004.92
1509	3899.79
1510	3801.95
1511	3712.70
1512	3630.70
1513	3553.82
1514	3479.85
1515	3406.66
1516	3332.73
1517	3258.48
1518	3186.09
1519	3118.23
1520	3057.63
1521	3006.90
1522	2967.67
1523	2938.70
1524	2916.40
1525	2896.51
1526	2874.74
1527	2846.95
1528	2810.18
1529	2764.61
1530	2712.77
1531	2657.74
1532	2602.68
1533	2550.63
1534	2504.12
1535	2464.39
1536	2431.84
1537	2406.69
1538	2389.12
1539	2379.29
1540	2376.86
1541	2380.60
1542	2388.74
1543	2399.41
1544	2410.75
1545	2420.94
1546	2428.55
1547	2432.73
1548	2432.94
1549	2428.69
1550	2419.51
1551	2405.27
1552	2387.23
1553	2368.77
1554	2354.07
1555	2347.46
1556	2353.18
1557	2374.14
1558	2408.54
1559	2449.10
1560	2486.60
1561	2511.65
1562	2515.11
1563	2490.47
1564	2439.17
1565	2369.87
1566	2293.31
1567	2220.39
1568	2161.61
1569	2124.75
1570	2110.84
1571	2116.18
1572	2136.00
1573	2165.48
1574	2199.90
1575	2235.29
1576	2269.05
1577	2299.31
1578	2324.35
1579	2342.44
1580	2352.25
1581	2354.10
1582	2350.60
1583	2345.33
1584	2341.96
1585	2344.15
1586	2354.69
1587	2373.72
1588	2398.63
1589	2425.94
1590	2452.10
1591	2473.67
1592	2488.00
1593	2494.44
1594	2493.78
1595	2487.18
1596	2475.77
1597	2460.96
1598	2445.26
1599	2433.29
1600	2430.74
1601	2443.44
1602	2477.15
1603	2536.05
1604	2618.38
1605	2715.04
1606	2814.32
1607	2904.20
1608	2973.15
1609	3013.84
1610	3030.53
1611	3036.74
1612	3048.45
1613	3081.71
1614	3151.45
1615	3266.18
1616	3422.31
1617	3609.86
1618	3817.76
1619	4034.98
1620	4252.15
1621	4465.94
1622	4680.38
1623	4902.08
1624	5137.95
1625	5394.84
1626	5679.23
1627	5996.61
1628	6351.74
1629	6749.20
1630	7193.54
1631	7688.85
1632	8236.96
1633	8835.96
1634	9482.27
1635	10172.05
1636	10901.71
1637	11671.05
1638	12490.38
1639	13380.17
1640	14363.96
1641	15465.51
1642	16707.72
1643	18108.47
1644	19675.41
1645	21410.54
1646	23314.74
1647	25388.29
1648	27622.98
1649	29979.91
1650	32384.70
1651	34750.66
1652	36989.92
1653	39014.96
1654	40740.97
1655	42089.19
1656	42984.75
1657	43353.64
1658	43122.91
1659	42237.25
1660	40709.66
1661	38639.73
1662	36159.20
1663	33403.26
1664	30505.20
1665	27583.30
1666	24720.70
1667	21977.17
1668	19407.27
1669	17064.87
1670	14996.32
1671	13218.81
1672	11712.57
1673	10444.08
1674	9378.34
1675	8480.78
1676	7720.35
1677	7073.96
1678	6523.57
1679	6052.23
1680	5643.15
1681	5280.87
1682	4954.85
1683	4660.26
1684	4394.23
1685	4154.10
1686	3937.35
1687	3742.33
1688	3569.07
1689	3418.61
1690	3292.14
1691	3190.77
1692	3114.43
1693	3059.34
1694	3018.12
1695	2982.27
1696	2943.29
1697	2893.65
1698	2830.72
1699	2759.95
1700	2690.52
1701	2632.16
1702	2594.22
1703	2582.72
1704	2595.14
1705	2622.56
1706	2654.54
1707	2680.62
1708	2692.10
1709	2686.71
1710	2670.04
1711	2650.52
1712	2636.84
1713	2637.30
1714	2657.87
1715	2700.08
1716	2763.09
1717	2845.67
1718	2946.50
1719	3063.96
1720	3195.50
1721	3337.85
1722	3487.51
1723	3641.07
1724	3796.09
1725	3953.98
1726	4120.91
1727	4304.82
1728	4513.78
1729	4755.37
1730	5034.35
1731	5350.28
1732	5700.12
1733	6080.34
1734	6487.10
1735	6914.06
1736	7348.53
1737	7773.18
1738	8169.62
1739	8519.57
1740	8807.58
1741	9027.54
1742	9183.04
1743	9280.76
1744	9327.60
1745	9329.25
1746	9286.17
1747	9191.17
1748	9033.93
1749	8803.81
1750	8491.65
1751	8097.14
1752	7637.27
1753	7138.31
1754	6628.20
1755	6134.11
1756	5676.53
1757	5259.34
1758	4874.61
1759	4511.63
1760	4159.84
1761	3811.97
1762	3470.76
1763	3148.30
1764	2859.38
1765	2618.79
1766	2438.04
1767	2316.56
1768	2239.44
1769	2186.70
1770	2137.94
1771	2075.12
1772	1990.58
1773	1892.09
1774	1793.85
1775	1710.91
1776	1656.86
1777	1637.50
1778	1644.67
1779	1663.24
1780	1676.99
1781	1670.76
1782	1636.39
1783	1580.46
1784	1518.14
1785	1466.30
1786	1441.00
1787	1451.66
1788	1491.88
1789	1544.52
1790	1590.02
1791	1609.37
1792	1589.67
1793	1534.23
1794	1458.88
1795	1382.62
1796	1324.20
1797	1297.55
1798	1302.81
1799	1328.17
1800	1358.48
1801	1378.72
1802	1377.31
1803	1353.50
1804	1316.77
1805	1279.59
1806	1254.48
1807	1251.33
1808	1271.44
1809	1307.50
1810	1349.46
1811	1387.17
1812	1411.96
1813	1420.04
1814	1412.87
1815	1393.57
1816	1365.40
1817	1331.51
1818	1294.66
1819	1257.20
1820	1221.32
1821	1189.19
1822	1162.44
1823	1141.00
1824	1122.92
1825	1105.64
1826	1086.61
1827	1064.30
1828	1040.58
1829	1020.89
1830	1011.79
1831	1019.80
1832	1049.22
1833	1097.20
1834	1153.66
1835	1206.32
1836	1242.94
1837	1254.09
1838	1239.00
1839	1205.01
1840	1161.89
1841	1119.46
1842	1086.40
1843	1068.16
1844	1067.37
1845	1085.91
1846	1125.28
1847	1184.42
1848	1255.39
1849	1325.03
1850	1378.88
1851	1403.16
1852	1389.67
1853	1343.45
1854	1278.43
1855	1210.50
1856	1154.87
1857	1121.82
1858	1111.42
1859	1117.83
1860	1134.10
1861	1153.46
1862	1170.62
1863	1182.81
1864	1188.51
1865	1186.46
1866	1175.91
1867	1158.43
1868	1138.97
1869	1123.88
1870	1119.57
1871	1130.95
1872	1157.34
1873	1191.55
1874	1224.15
1875	1245.69
1876	1249.01
1877	1233.87
1878	1206.30
1879	1174.16
1880	1145.21
1881	1125.64
1882	1117.77
1883	1121.21
1884	1134.95
1885	1157.66
1886	1186.42
1887	1215.32
1888	1236.81
1889	1243.16
1890	1228.11
1891	1191.71
1892	1142.92
1893	1094.31
1894	1058.71
1895	1046.27
1896	1058.43
1897	1087.85
1898	1124.40
1899	1157.97
1900	1180.04
1901	1186.12
1902	1174.58
1903	1144.47
1904	1095.68
1905	1032.31
1906	965.93
1907	911.85
1908	885.74
1909	899.94
1910	954.25
1911	1033.38
1912	1116.66
1913	1183.43
1914	1218.14
1915	1218.96
1916	1194.83
1917	1157.43
1918	1118.14
1919	1085.71
1920	1064.05
1921	1054.58
1922	1058.27
1923	1075.14
1924	1102.00
1925	1131.88
1926	1156.48
1927	1167.73
1928	1160.18
1929	1135.03
1930	1098.21
1931	1056.77
1932	1017.40
1933	985.07
1934	961.90
1935	948.76
1936	946.26
1937	953.89
1938	967.85
1939	981.28
1940	986.45
1941	976.35
1942	948.69
1943	910.28
1944	872.84
1945	848.82
1946	848.39
1947	873.58
1948	917.48
1949	970.14
1950	1021.69
1951	1064.34
1952	1094.90
1953	1112.97
1954	1118.76
1955	1113.25
1956	1100.08
1957	1086.12
1958	1079.38
1959	1087.42
1960	1113.83
1961	1153.29
1962	1194.83
1963	1226.44
1964	1238.21
1965	1228.23
1966	1204.26
1967	1177.43
1968	1158.59
1969	1154.41
1970	1162.52
1971	1175.10
1972	1183.34
1973	1180.48
1974	1166.79
1975	1150.27
1976	1141.44
1977	1149.90
1978	1178.95
1979	1219.70
1980	1256.88
1981	1274.45
1982	1260.89
1983	1218.24
1984	1160.85
1985	1106.57
1986	1071.52
1987	1062.90
1988	1074.11
1989	1092.58
1990	1105.30
1991	1102.42
1992	1081.83
1993	1046.78
1994	1001.78
1995	952.05
1996	904.97
1997	870.36
1998	858.83
1999	879.55
2000	933.82
2001	1008.91
2002	1085.22
2003	1142.67
2004	1166.82
2005	1157.92
2006	1127.23
2007	1088.60
2008	1054.58
2009	1032.40
2010	1023.26
2011	1026.25
2012	1040.07
2013	1062.32
2014	1088.83
2015	1114.57
2016	1134.63
2017	1146.04
2018	1150.32
2019	1152.00
2020	1156.13
2021	1166.23
2022	1180.87
2023	1194.00
2024	1198.25
2025	1187.56
2026	1161.48
2027	1127.02
2028	1093.97
2029	1071.74
2030	1065.95
2031	1075.41
2032	1095.63
2033	1121.59
2034	1148.67
2035	1173.14
2036	1191.89
2037	1202.00
2038	1201.33
2039	1189.93
2040	1169.66
2041	1142.88
2042	1112.07
2043	1079.98
2044	1049.61
2045	1024.06
2046	1005.96
2047	996.04
2048	992.53
2049	992.72
2050	994.35
2051	997.92
2052	1008.40
2053	1032.70
2054	1076.88
2055	1140.66
2056	1211.66
2057	1271.20
2058	1300.58
2059	1288.18
2060	1237.84
2061	1162.75
2062	1077.90
2063	997.47
2064	933.58
2065	896.88
2066	897.02
2067	937.88
2068	1008.29
2069	1085.57
2070	1144.82
2071	1167.41
2072	1152.70
2073	1115.00
2074	1072.35
2075	1039.85
2076	1023.26
2077	1020.10
2078	1025.55
2079	1034.71
2080	1043.03
2081	1046.24
2082	1040.39
2083	1024.31
2084	1005.29
2085	998.60
2086	1021.25
2087	1083.84
2088	1176.59
2089	1270.76
2090	1332.79
2091	1337.75
2092	1287.84
2093	1210.01
2094	1137.63
2095	1096.85
2096	1091.47
2097	1105.92
2098	1119.76
2099	1117.39
2100	1097.47
2101	1070.16
2102	1048.22
2103	1040.75
2104	1047.17
2105	1059.71
2106	1069.39
2107	1071.02
2108	1068.40
2109	1071.21
2110	1089.40
2111	1126.26
2112	1171.25
2113	1205.89
2114	1212.10
2115	1182.10
2116	1126.81
2117	1066.36
2118	1020.62
2119	1001.28
2120	1007.61
2121	1033.53
2122	1072.16
2123	1116.26
2124	1158.17
2125	1190.18
2126	1206.04
2127	1204.07
2128	1187.11
2129	1159.47
2130	1126.16
2131	1093.83
2132	1070.34
2133	1063.12
2134	1075.18
2135	1100.01
2136	1125.60
2137	1140.54
2138	1141.28
2139	1137.08
2140	1142.77
2141	1170.30
2142	1217.99
2143	1268.07
2144	1297.89
2145	1292.25
2146	1258.57
2147	1223.20
2148	1215.21
2149	1248.57
2150	1304.54
2151	1345.41
2152	1335.34
2153	1263.69
2154	1157.58
2155	1059.32
2156	1004.85
2157	1002.92
2158	1035.34
2159	1076.47
2160	1106.34
2161	1119.47
2162	1119.73
2163	1112.75
2164	1102.78
2165	1091.86
2166	1081.04
2167	1070.72
2168	1059.83
2169	1045.87
2170	1026.19
2171	999.99
2172	970.40
2173	942.84
2174	923.17
2175	917.18
2176	930.50
2177	968.04
2178	1028.98
2179	1097.59
2180	1147.13
2181	1152.13
2182	1106.07
2183	1032.85
2184	969.14
2185	944.21
2186	959.89
2187	993.56
2188	1017.91
2189	1017.14
2190	996.95
2191	973.34
2192	959.79
2193	956.44
2194	950.53
2195	927.32
2196	882.25
2197	830.12
2198	795.03
2199	796.02
2200	831.03
2201	877.91
2202	910.73
2203	914.63
2204	895.02
2205	866.84
2206	843.46
2207	829.01
2208	819.70
2209	810.46
2210	800.38
2211	795.07
2212	802.50
2213	826.89
2214	862.23
2215	895.37
2216	913.76
2217	913.67
2218	902.10
2219	889.30
2220	882.17
2221	880.20
2222	879.11
2223	876.20
2224	875.66
2225	887.60
2226	921.14
2227	974.07
2228	1028.43
2229	1061.28
2230	1057.93
2231	1022.64
2232	970.50
2233	916.63
2234	869.80
2235	833.10
2236	807.99
2237	795.58
2238	796.65
2239	811.25
2240	836.10
2241	861.63
2242	875.43
2243	868.15
2244	839.47
2245	795.68
2246	745.51
2247	700.50
2248	674.80
2249	680.73
2250	719.55
2251	777.38
2252	835.18
2253	877.70
2254	897.77
2255	893.03
2256	867.11
2257	835.64
2258	820.87
2259	837.20
2260	873.35
2261	898.07
2262	884.47
2263	836.68
2264	789.62
2265	779.06
2266	808.54
2267	841.90
2268	836.63
2269	783.18
2270	721.35
2271	704.37
2272	753.91
2273	835.03
2274	891.56
2275	892.12
2276	858.98
2277	838.63
2278	859.06
2279	900.51
2280	918.91
2281	885.79
2282	818.41
2283	760.30
2284	745.25
2285	771.13
2286	812.85
2287	845.79
2288	858.68
2289	849.90
2290	823.09
2291	789.76
2292	765.68
2293	760.01
2294	762.99
2295	753.39
2296	718.11
2297	669.89
2298	637.27
2299	641.39
2300	678.41
2301	729.17
2302	775.72
2303	809.74
2304	828.76
2305	832.02
2306	819.94
2307	794.35
2308	761.32
2309	734.13
2310	727.74
2311	749.25
2312	792.85
2313	846.36
2314	893.73
2315	915.21
2316	895.40
2317	838.94
2318	771.62
2319	719.92
2320	691.90
2321	679.04
2322	669.31
2323	653.24
2324	625.27
2325	591.56
2326	580.26
2327	623.10
2328	714.65
2329	790.53
2330	780.56
2331	683.18
2332	576.51
2333	541.56
2334	591.46
2335	682.37
2336	763.70
2337	803.10
2338	785.75
2339	728.02
2340	688.70
2341	723.19
2342	816.10
2343	881.38
2344	850.06
2345	750.22
2346	668.88
2347	662.93
2348	714.65
2349	778.65
2350	828.88
2351	864.55
2352	888.37
2353	892.49
2354	865.28
2355	809.84
2356	752.89
2357	724.69
2358	737.04
2359	782.42
2360	837.62
2361	859.86
2362	812.56
2363	714.83
2364	642.25
2365	650.01
2366	706.76
2367	741.53
2368	726.40
2369	696.62
2370	693.09
2371	717.32
2372	747.34
2373	769.88
2374	788.39
2375	802.79
2376	790.85
2377	728.32
2378	635.32
2379	582.19
2380	619.70
2381	719.28
2382	816.34
2383	874.19
2384	892.66
2385	879.00
2386	834.30
2387	762.92
2388	687.69
2389	642.96
2390	651.47
2391	713.08
2392	803.34
2393	865.01
2394	848.09
2395	779.31
2396	743.35
2397	778.58
2398	833.68
2399	846.54
2400	807.74
2401	738.04
2402	656.29
2403	576.97
2404	522.21
2405	520.73
2406	578.36
2407	656.01
2408	705.94
2409	709.76
2410	676.65
2411	639.80
2412	640.36
2413	689.08
2414	756.86
2415	804.33
2416	801.88
2417	753.19
2418	714.84
2419	732.66
2420	768.70
2421	759.97
2422	716.58
2423	688.45
2424	664.20
2425	594.43
2426	520.28
2427	558.44
2428	707.99
2429	815.43
2430	787.37
2431	683.28
2432	595.37
2433	574.43
2434	629.92
2435	728.38
2436	798.47
2437	755.90
2438	621.49
2439	568.37
2440	672.38
2441	769.69
2442	738.01
2443	670.85
2444	672.63
2445	721.50
2446	740.29
2447	671.35
2448	552.82
2449	505.40
2450	547.68
