150	3514.81
151	3490.52
152	3466.75
153	3452.83
154	3449.27
155	3455.12
156	3469.04
157	3489.66
158	3515.61
159	3545.49
160	3577.95
161	3611.59
162	3645.15
163	3677.68
164	3708.67
165	3737.75
166	3764.58
167	3788.83
168	3810.13
169	3828.15
170	3842.55
171	3853.09
172	3859.96
173	3863.82
174	3865.56
175	3866.06
176	3866.19
177	3866.86
178	3868.96
179	3873.35
180	3880.88
181	3892.16
182	3907.54
183	3927.27
184	3951.61
185	3980.80
186	4015.08
187	4054.70
188	4099.89
189	4150.65
190	4206.15
191	4264.56
192	4323.68
193	4381.29
194	4435.15
195	4483.05
196	4522.75
197	4552.07
198	4569.25
199	4574.20
200	4568.61
201	4554.83
202	4535.23
203	4512.21
204	4488.17
205	4465.48
206	4446.52
207	4433.30
208	4426.69
209	4426.35
210	4431.57
211	4441.61
212	4455.71
213	4473.12
214	4493.10
215	4514.90
216	4537.77
217	4560.96
218	4583.74
219	4605.35
220	4625.08
221	4642.16
222	4655.86
223	4665.45
224	4670.21
225	4669.80
226	4664.85
227	4656.81
228	4647.35
229	4638.16
230	4630.93
231	4627.33
232	4629.06
233	4637.73
234	4654.37
235	4678.60
236	4708.99
237	4743.87
238	4781.58
239	4820.42
240	4858.73
241	4894.81
242	4927.06
243	4954.28
244	4976.14
245	4992.90
246	5004.90
247	5012.52
248	5016.09
249	5015.98
250	5012.56
251	5006.19
252	4997.31
253	4986.51
254	4974.42
255	4961.72
256	4949.05
257	4937.08
258	4926.47
259	4917.87
260	4911.92
261	4909.20
262	4910.19
263	4915.31
264	4925.00
265	4939.66
266	4959.74
267	4985.64
268	5017.79
269	5056.37
270	5100.79
271	5149.49
272	5200.58
273	5252.12
274	5302.19
275	5348.86
276	5390.20
277	5424.31
278	5449.76
279	5466.41
280	5475.39
281	5478.18
282	5476.26
283	5471.16
284	5464.37
285	5457.39
286	5451.68
287	5448.28
288	5447.23
289	5447.91
290	5449.52
291	5451.23
292	5452.25
293	5451.75
294	5448.95
295	5443.10
296	5433.90
297	5421.86
298	5407.91
299	5393.05
300	5378.31
301	5364.68
302	5353.19
303	5344.82
304	5340.45
305	5340.30
306	5343.75
307	5349.83
308	5357.53
309	5365.84
310	5373.73
311	5380.21
312	5384.25
313	5385.05
314	5382.34
315	5376.38
316	5367.64
317	5356.58
318	5343.65
319	5329.32
320	5314.06
321	5298.33
322	5282.69
323	5267.86
324	5254.70
325	5244.11
326	5236.97
327	5234.16
328	5236.58
329	5245.10
330	5260.48
331	5282.75
332	5310.78
333	5342.88
334	5377.27
335	5412.14
336	5445.73
337	5476.22
338	5501.86
339	5521.12
340	5533.31
341	5538.74
342	5538.02
343	5531.84
344	5520.84
345	5505.69
346	5487.05
347	5465.58
348	5441.98
349	5416.96
350	5391.30
351	5365.77
352	5341.15
353	5318.21
354	5297.73
355	5280.48
356	5267.16
357	5258.10
358	5253.01
359	5251.27
360	5252.23
361	5255.25
362	5259.67
363	5264.83
364	5270.08
365	5274.84
366	5278.71
367	5281.50
368	5283.12
369	5283.44
370	5282.36
371	5279.79
372	5275.61
373	5269.75
374	5262.41
375	5254.35
376	5246.73
377	5240.80
378	5237.79
379	5238.95
380	5245.51
381	5258.72
382	5279.50
383	5307.59
384	5340.94
385	5376.83
386	5412.42
387	5444.90
388	5471.42
389	5489.16
390	5495.40
391	5488.42
392	5469.28
393	5441.32
394	5408.51
395	5374.84
396	5344.31
397	5320.93
398	5308.67
399	5311.10
400	5329.67
401	5362.22
402	5404.83
403	5453.29
404	5503.42
405	5550.99
406	5591.82
407	5621.77
408	5637.58
409	5638.75
410	5627.35
411	5606.28
412	5578.49
413	5546.92
414	5514.52
415	5484.24
416	5458.84
417	5440.17
418	5428.27
419	5422.28
420	5421.13
421	5423.78
422	5429.16
423	5436.21
424	5443.90
425	5451.30
426	5457.93
427	5463.74
428	5468.82
429	5473.28
430	5477.22
431	5480.73
432	5483.94
433	5486.92
434	5489.77
435	5492.53
436	5495.20
437	5497.80
438	5500.35
439	5502.85
440	5505.32
441	5507.78
442	5510.23
443	5512.66
444	5515.04
445	5517.36
446	5519.59
447	5521.70
448	5523.65
449	5525.43
450	5527.01
451	5528.46
452	5529.94
453	5531.70
454	5533.97
455	5537.01
456	5541.06
457	5546.36
458	5553.17
459	5561.60
460	5571.51
461	5582.47
462	5593.98
463	5605.55
464	5616.67
465	5626.84
466	5635.57
467	5642.46
468	5647.62
469	5651.91
470	5656.53
471	5662.74
472	5671.78
473	5684.92
474	5703.39
475	5728.38
476	5760.42
477	5798.50
478	5840.44
479	5883.82
480	5926.17
481	5965.05
482	5998.00
483	6022.60
484	6036.91
485	6040.76
486	6036.21
487	6026.07
488	6013.27
489	6000.71
490	5991.31
491	5987.97
492	5993.39
493	6008.99
494	6033.67
495	6064.99
496	6100.26
497	6136.74
498	6171.74
499	6202.54
500	6226.48
501	6241.44
502	6246.85
503	6243.48
504	6232.49
505	6215.06
506	6192.37
507	6165.59
508	6135.91
509	6104.48
510	6072.44
511	6040.86
512	6010.77
513	5983.21
514	5959.23
515	5939.87
516	5926.16
517	5919.04
518	5918.79
519	5924.41
520	5934.12
521	5946.03
522	5958.21
523	5968.75
524	5975.73
525	5977.28
526	5971.95
527	5959.47
528	5940.60
529	5916.37
530	5887.84
531	5856.06
532	5822.08
533	5786.96
534	5751.66
535	5716.86
536	5682.88
537	5649.89
538	5618.05
539	5587.51
540	5558.43
541	5530.98
542	5505.31
543	5481.65
544	5460.28
545	5441.56
546	5425.82
547	5413.42
548	5404.69
549	5399.99
550	5399.63
551	5403.64
552	5411.41
553	5421.89
554	5433.91
555	5446.32
556	5457.94
557	5467.61
558	5474.19
559	5476.85
560	5475.73
561	5471.83
562	5466.45
563	5460.91
564	5456.51
565	5454.57
566	5456.38
567	5462.98
568	5474.40
569	5489.37
570	5506.15
571	5522.94
572	5537.95
573	5549.38
574	5555.44
575	5554.66
576	5547.08
577	5535.29
578	5523.07
579	5514.36
580	5513.14
581	5523.36
582	5548.96
583	5593.58
584	5658.72
585	5741.48
586	5836.39
587	5937.46
588	6038.68
589	6134.04
590	6217.54
591	6283.38
592	6327.60
593	6350.76
594	6356.80
595	6350.44
596	6336.47
597	6319.66
598	6304.79
599	6296.52
600	6298.38
601	6310.45
602	6329.76
603	6352.44
604	6374.54
605	6392.14
606	6401.31
607	6398.17
608	6379.63
609	6345.29
610	6297.71
611	6240.37
612	6176.90
613	6110.88
614	6045.91
615	5985.58
616	5932.99
617	5889.50
618	5854.16
619	5825.17
620	5800.64
621	5778.68
622	5757.40
623	5734.91
624	5709.51
625	5680.36
626	5647.82
627	5612.79
628	5576.25
629	5539.15
630	5502.47
631	5467.17
632	5434.17
633	5404.10
634	5377.15
635	5353.32
636	5332.57
637	5314.85
638	5300.11
639	5288.31
640	5279.38
641	5273.04
642	5268.70
643	5265.58
644	5262.88
645	5259.80
646	5255.55
647	5249.31
648	5240.38
649	5228.41
650	5213.88
651	5197.64
652	5180.67
653	5163.91
654	5148.33
655	5134.87
656	5124.47
657	5117.78
658	5115.03
659	5116.13
660	5120.96
661	5129.41
662	5141.33
663	5156.61
664	5175.10
665	5196.43
666	5219.88
667	5244.46
668	5269.15
669	5292.94
670	5314.80
671	5333.72
672	5348.78
673	5359.82
674	5368.19
675	5376.11
676	5386.00
677	5400.30
678	5421.42
679	5451.77
680	5493.62
681	5548.18
682	5614.54
683	5690.55
684	5773.82
685	5861.97
686	5952.58
687	6043.27
688	6131.77
689	6216.58
690	6297.69
691	6375.96
692	6452.42
693	6528.09
694	6603.98
695	6681.13
696	6760.49
697	6842.78
698	6928.14
699	7016.46
700	7107.57
701	7201.29
702	7297.46
703	7395.89
704	7496.37
705	7598.41
706	7701.09
707	7803.27
708	7903.74
709	8001.34
710	8094.87
711	8183.14
712	8265.11
713	8340.37
714	8409.49
715	8473.53
716	8533.59
717	8590.79
718	8646.24
719	8701.04
720	8756.05
721	8811.15
722	8864.80
723	8914.88
724	8959.20
725	8995.56
726	9021.78
727	9035.69
728	9035.49
729	9020.81
730	8993.03
731	8954.17
732	8906.28
733	8851.45
734	8791.75
735	8729.23
736	8665.78
737	8602.64
738	8540.41
739	8479.49
740	8420.27
741	8363.12
742	8308.43
743	8256.59
744	8208.14
745	8164.02
746	8125.52
747	8094.02
748	8070.89
749	8057.52
750	8055.29
751	8065.48
752	8088.63
753	8123.46
754	8167.46
755	8217.82
756	8271.73
757	8326.38
758	8378.95
759	8426.78
760	8467.91
761	8501.91
762	8529.11
763	8550.02
764	8565.15
765	8575.00
766	8580.08
767	8580.91
768	8577.99
769	8571.84
770	8562.99
771	8551.96
772	8539.28
773	8525.47
774	8511.06
775	8496.55
776	8482.40
777	8468.96
778	8456.60
779	8445.66
780	8436.47
781	8429.40
782	8424.82
783	8423.44
784	8426.90
785	8437.65
786	8458.38
787	8491.78
788	8540.55
789	8607.37
790	8694.75
791	8803.96
792	8933.53
793	9080.26
794	9240.60
795	9410.97
796	9587.80
797	9767.54
798	9946.96
799	10124.40
800	10300.80
801	10478.25
802	10659.01
803	10845.38
804	11039.62
805	11244.00
806	11460.40
807	11689.54
808	11930.74
809	12182.85
810	12444.67
811	12715.03
812	12992.74
813	13276.71
814	13566.70
815	13864.69
816	14174.37
817	14499.81
818	14845.14
819	15214.47
820	15611.90
821	16040.99
822	16502.47
823	16991.81
824	17501.80
825	18024.78
826	18553.07
827	19078.98
828	19594.87
829	20093.90
830	20572.14
831	21029.17
832	21465.84
833	21883.12
834	22281.99
835	22663.42
836	23028.25
837	23376.23
838	23704.23
839	24006.95
840	24278.52
841	24513.07
842	24704.72
843	24847.62
844	24936.88
845	24972.29
846	24961.89
847	24917.62
848	24852.05
849	24777.79
850	24707.46
851	24653.49
852	24626.50
853	24630.84
854	24664.30
855	24722.58
856	24801.18
857	24895.59
858	25001.33
859	25114.01
860	25230.06
861	25347.63
862	25466.02
863	25584.72
864	25703.24
865	25821.10
866	25937.77
867	26052.13
868	26160.61
869	26256.41
870	26331.47
871	26377.58
872	26386.53
873	26350.13
874	26260.61
875	26113.88
876	25915.37
877	25677.64
878	25415.00
879	25141.88
880	24872.69
881	24621.77
882	24401.89
883	24218.60
884	24066.40
885	23934.94
886	23813.22
887	23690.22
888	23554.91
889	23396.66
890	23208.33
891	22992.73
892	22760.87
893	22525.97
894	22301.40
895	22100.52
896	21936.63
897	21821.57
898	21760.11
899	21745.60
900	21766.16
901	21809.13
902	21861.83
903	21911.57
904	21946.00
905	21955.61
906	21939.11
907	21902.12
908	21852.08
909	21796.60
910	21743.26
911	21699.60
912	21672.08
913	21662.13
914	21663.26
915	21665.44
916	21658.16
917	21630.87
918	21573.04
919	21474.60
920	21329.52
921	21142.54
922	20926.83
923	20697.66
924	20470.46
925	20260.64
926	20083.52
927	19952.48
928	19872.81
929	19838.40
930	19838.58
931	19862.13
932	19897.77
933	19934.26
934	19960.78
935	19969.60
936	19960.19
937	19936.79
938	19904.69
939	19869.26
940	19835.84
941	19809.72
942	19795.18
943	19792.95
944	19799.72
945	19810.80
946	19821.38
947	19826.62
948	19821.72
949	19802.44
950	19767.51
951	19721.36
952	19671.38
953	19625.43
954	19591.46
955	19577.34
956	19590.76
957	19637.12
958	19715.36
959	19819.05
960	19940.26
961	20071.00
962	20203.24
963	20328.99
964	20440.57
965	20531.52
966	20597.04
967	20633.02
968	20635.38
969	20600.07
970	20523.06
971	20400.58
972	20230.58
973	20014.60
974	19756.20
975	19459.37
976	19128.08
977	18766.33
978	18378.19
979	17968.43
980	17543.99
981	17113.63
982	16686.66
983	16272.39
984	15880.18
985	15519.27
986	15197.92
987	14920.19
988	14684.71
989	14487.98
990	14326.29
991	14195.89
992	14093.07
993	14014.28
994	13956.86
995	13919.95
996	13903.62
997	13908.11
998	13933.62
999	13980.42
1000	14048.63
1001	14137.67
1002	14245.12
1003	14367.12
1004	14499.52
1005	14638.12
1006	14778.72
1007	14917.19
1008	15050.13
1009	15176.56
1010	15298.09
1011	15417.12
1012	15536.15
1013	15657.65
1014	15784.07
1015	15917.29
1016	16056.56
1017	16197.44
1018	16333.97
1019	16459.99
1020	16569.30
1021	16655.78
1022	16713.87
1023	16741.45
1024	16742.89
1025	16726.02
1026	16699.23
1027	16670.99
1028	16649.71
1029	16643.48
1030	16657.74
1031	16691.58
1032	16739.78
1033	16796.11
1034	16854.32
1035	16908.14
1036	16951.45
1037	16979.67
1038	16992.61
1039	16993.99
1040	16988.59
1041	16981.29
1042	16976.96
1043	16980.42
1044	16996.15
1045	17027.31
1046	17075.64
1047	17142.37
1048	17228.72
1049	17335.90
1050	17465.12
1051	17617.90
1052	17796.97
1053	18006.71
1054	18252.14
1055	18538.36
1056	18870.46
1057	19253.47
1058	19690.85
1059	20178.49
1060	20700.10
1061	21233.83
1062	21757.00
1063	22246.91
1064	22680.94
1065	23038.43
1066	23309.69
1067	23505.70
1068	23648.19
1069	23760.81
1070	23867.25
1071	23991.17
1072	24154.70
1073	24370.10
1074	24628.69
1075	24909.38
1076	25188.56
1077	25442.54
1078	25647.66
1079	25781.13
1080	25826.85
1081	25784.25
1082	25663.07
1083	25475.39
1084	25233.37
1085	24949.16
1086	24634.59
1087	24298.78
1088	23944.06
1089	23567.79
1090	23166.13
1091	22735.17
1092	22271.04
1093	21770.16
1094	21231.97
1095	20663.83
1096	20079.33
1097	19493.68
1098	18922.14
1099	18379.97
1100	17882.10
1101	17439.97
1102	17055.41
1103	16722.39
1104	16432.76
1105	16178.25
1106	15950.59
1107	15741.63
1108	15544.48
1109	15355.85
1110	15175.44
1111	15003.79
1112	14841.49
1113	14689.11
1114	14547.10
1115	14414.40
1116	14285.74
1117	14152.25
1118	14004.09
1119	13831.38
1120	13624.20
1121	13373.03
1122	13071.96
1123	12725.12
1124	12345.08
1125	11946.68
1126	11544.88
1127	11154.64
1128	10790.58
1129	10463.98
1130	10177.12
1131	9925.02
1132	9700.84
1133	9497.61
1134	9308.38
1135	9126.39
1136	8946.79
1137	8769.52
1138	8598.20
1139	8437.34
1140	8291.53
1141	8165.29
1142	8062.95
1143	7986.70
1144	7933.77
1145	7897.88
1146	7871.96
1147	7848.89
1148	7821.58
1149	7783.33
1150	7730.21
1151	7664.45
1152	7592.15
1153	7520.19
1154	7455.51
1155	7405.03
1156	7375.14
1157	7369.19
1158	7384.44
1159	7414.76
1160	7453.41
1161	7493.62
1162	7528.62
1163	7552.20
1164	7560.90
1165	7556.01
1166	7541.16
1167	7520.32
1168	7497.51
1169	7476.70
1170	7461.46
1171	7453.60
1172	7452.31
1173	7455.69
1174	7461.68
1175	7468.23
1176	7473.31
1177	7475.31
1178	7474.18
1179	7471.77
1180	7470.61
1181	7473.28
1182	7482.39
1183	7500.48
1184	7529.29
1185	7568.13
1186	7613.94
1187	7662.92
1188	7711.22
1189	7754.99
1190	7790.50
1191	7815.12
1192	7829.01
1193	7834.55
1194	7834.61
1195	7832.13
1196	7830.02
1197	7830.99
1198	7836.48
1199	7845.17
1200	7854.14
1201	7860.13
1202	7859.88
1203	7850.15
1204	7828.42
1205	7795.56
1206	7758.06
1207	7724.97
1208	7705.72
1209	7709.76
1210	7746.40
1211	7822.90
1212	7938.81
1213	8084.35
1214	8246.37
1215	8411.39
1216	8565.92
1217	8696.80
1218	8794.19
1219	8857.92
1220	8896.19
1221	8919.54
1222	8938.68
1223	8964.29
1224	9006.61
1225	9072.80
1226	9163.34
1227	9274.59
1228	9402.05
1229	9541.19
1230	9687.50
1231	9837.09
1232	9988.93
1233	10146.49
1234	10315.18
1235	10500.71
1236	10708.78
1237	10945.04
1238	11214.25
1239	11518.15
1240	11855.36
1241	12223.45
1242	12619.94
1243	13042.32
1244	13488.22
1245	13956.26
1246	14447.47
1247	14964.52
1248	15510.48
1249	16088.44
1250	16701.44
1251	17351.47
1252	18035.45
1253	18741.95
1254	19455.64
1255	20160.63
1256	20841.01
1257	21481.03
1258	22067.21
1259	22593.53
1260	23061.81
1261	23476.33
1262	23841.61
1263	24162.16
1264	24442.06
1265	24682.57
1266	24878.42
1267	25020.17
1268	25097.50
1269	25100.01
1270	25017.43
1271	24841.68
1272	24574.03
1273	24229.16
1274	23827.28
1275	23389.29
1276	22936.11
1277	22488.36
1278	22063.77
1279	21671.83
1280	21315.11
1281	20994.29
1282	20709.93
1283	20462.63
1284	20253.70
1285	20088.31
1286	19978.51
1287	19939.74
1288	19988.04
1289	20139.45
1290	20409.58
1291	20808.80
1292	21330.29
1293	21949.81
1294	22637.65
1295	23363.63
1296	24097.60
1297	24809.91
1298	25474.08
1299	26070.00
1300	26581.19
1301	26991.85
1302	27286.19
1303	27448.64
1304	27466.45
1305	27336.73
1306	27067.71
1307	26671.31
1308	26159.84
1309	25545.62
1310	24841.32
1311	24061.93
1312	23227.36
1313	22360.38
1314	21484.36
1315	20622.72
1316	19798.58
1317	19031.42
1318	18327.76
1319	17679.51
1320	17073.63
1321	16496.60
1322	15934.92
1323	15375.88
1324	14811.46
1325	14243.43
1326	13679.09
1327	13126.84
1328	12595.09
1329	12092.18
1330	11625.05
1331	11196.12
1332	10803.07
1333	10442.08
1334	10109.19
1335	9800.48
1336	9512.18
1337	9241.61
1338	8988.02
1339	8751.65
1340	8532.91
1341	8332.19
1342	8149.89
1343	7985.94
1344	7839.06
1345	7706.91
1346	7586.84
1347	7476.16
1348	7372.24
1349	7272.65
1350	7176.11
1351	7083.04
1352	6994.56
1353	6911.86
1354	6836.18
1355	6768.71
1356	6710.45
1357	6661.97
1358	6623.56
1359	6595.43
1360	6577.78
1361	6570.78
1362	6573.93
1363	6584.47
1364	6597.10
1365	6605.70
1366	6604.07
1367	6586.04
1368	6545.96
1369	6481.09
1370	6393.69
1371	6288.46
1372	6170.49
1373	6044.90
1374	5916.70
1375	5790.20
1376	5667.77
1377	5550.41
1378	5438.78
1379	5333.49
1380	5235.18
1381	5144.53
1382	5062.39
1383	4989.80
1384	4927.87
1385	4877.71
1386	4840.44
1387	4817.06
1388	4808.13
1389	4813.37
1390	4832.14
1391	4863.74
1392	4907.45
1393	4962.50
1394	5027.53
1395	5099.90
1396	5176.07
1397	5252.28
1398	5324.81
1399	5389.98
1400	5445.19
1401	5491.09
1402	5531.47
1403	5571.05
1404	5614.64
1405	5667.01
1406	5732.58
1407	5814.30
1408	5913.10
1409	6029.16
1410	6162.55
1411	6313.36
1412	6481.80
1413	6668.82
1414	6876.74
1415	7108.52
1416	7367.27
1417	7656.08
1418	7978.17
1419	8337.53
1420	8739.95
1421	9192.47
1422	9702.37
1423	10276.94
1424	10923.63
1425	11651.10
1426	12471.68
1427	13400.81
1428	14454.83
1429	15650.12
1430	17002.49
1431	18519.39
1432	20179.13
1433	21927.56
1434	23699.59
1435	25429.14
1436	27050.38
1437	28502.61
1438	29746.83
1439	30774.21
1440	31588.02
1441	32193.03
1442	32594.11
1443	32797.18
1444	32813.38
1445	32662.77
1446	32369.60
1447	31958.79
1448	31455.26
1449	30883.53
1450	30265.64
1451	29618.75
1452	28957.30
1453	28295.20
1454	27646.30
1455	27023.51
1456	26432.83
1457	25864.58
1458	25298.93
1459	24713.84
1460	24087.22
1461	23397.86
1462	22631.95
1463	21794.64
1464	20905.01
1465	19985.52
1466	19058.83
1467	18147.17
1468	17268.63
1469	16429.86
1470	15628.04
1471	14857.82
1472	14113.69
1473	13390.32
1474	12684.09
1475	11996.56
1476	11333.96
1477	10703.90
1478	10114.03
1479	9571.87
1480	9083.11
1481	8647.57
1482	8259.43
1483	7911.16
1484	7595.09
1485	7303.62
1486	7030.06
1487	6770.64
1488	6524.59
1489	6292.06
1490	6073.28
1491	5868.49
1492	5677.73
1493	5500.47
1494	5335.58
1495	5181.75
1496	5037.63
1497	4901.89
1498	4773.46
1499	4651.97
1500	4537.87
1501	4431.87
1502	4334.67
1503	4246.94
1504	4168.68
1505	4097.76
1506	4029.82
1507	3959.82
1508	3882.68
1509	3793.45
1510	3688.99
1511	3571.93
1512	3450.53
1513	3334.77
1514	3234.77
1515	3160.36
1516	3118.28
1517	3105.93
1518	3112.13
1519	3123.23
1520	3125.38
1521	3105.18
1522	3053.37
1523	2972.39
1524	2874.54
1525	2774.80
1526	2688.28
1527	2629.55
1528	2608.33
1529	2621.80
1530	2657.69
1531	2701.36
1532	2738.07
1533	2753.77
1534	2739.20
1535	2696.44
1536	2635.03
1537	2566.18
1538	2501.15
1539	2450.56
1540	2420.92
1541	2410.40
1542	2412.38
1543	2419.34
1544	2423.71
1545	2418.50
1546	2399.70
1547	2368.42
1548	2328.34
1549	2283.52
1550	2238.02
1551	2195.77
1552	2159.90
1553	2132.49
1554	2115.18
1555	2109.51
1556	2117.02
1557	2138.54
1558	2172.40
1559	2214.03
1560	2257.88
1561	2298.26
1562	2329.64
1563	2347.68
1564	2351.78
1565	2344.69
1566	2330.14
1567	2311.93
1568	2293.75
1569	2278.42
1570	2266.74
1571	2258.05
1572	2251.33
1573	2245.58
1574	2239.84
1575	2233.51
1576	2226.60
1577	2219.49
1578	2212.61
1579	2206.41
1580	2201.36
1581	2198.14
1582	2197.65
1583	2200.94
1584	2209.04
1585	2222.96
1586	2243.23
1587	2268.89
1588	2297.37
1589	2325.63
1590	2350.61
1591	2369.36
1592	2380.12
1593	2384.03
1594	2384.29
1595	2384.63
1596	2388.75
1597	2400.02
1598	2419.87
1599	2446.26
1600	2475.36
1601	2503.09
1602	2525.38
1603	2539.18
1604	2545.16
1605	2548.61
1606	2556.47
1607	2575.85
1608	2613.64
1609	2674.57
1610	2757.48
1611	2856.46
1612	2964.39
1613	3074.08
1614	3179.07
1615	3276.91
1616	3372.77
1617	3475.80
1618	3595.86
1619	3742.72
1620	3924.55
1621	4143.49
1622	4394.45
1623	4669.75
1624	4961.44
1625	5261.92
1626	5566.62
1627	5878.61
1628	6206.62
1629	6560.77
1630	6951.22
1631	7387.54
1632	7876.48
1633	8420.09
1634	9018.34
1635	9670.83
1636	10377.36
1637	11139.92
1638	11967.32
1639	12875.00
1640	13880.40
1641	15001.09
1642	16254.19
1643	17653.99
1644	19209.19
1645	20925.27
1646	22807.15
1647	24859.08
1648	27075.74
1649	29417.32
1650	31804.09
1651	34142.49
1652	36337.66
1653	38295.54
1654	39928.29
1655	41162.01
1656	41931.66
1657	42174.11
1658	41827.34
1659	40846.35
1660	39252.25
1661	37149.82
1662	34674.93
1663	31966.78
1664	29162.10
1665	26378.50
1666	23688.81
1667	21136.08
1668	18756.75
1669	16586.59
1670	14656.23
1671	12976.29
1672	11531.97
1673	10299.07
1674	9252.32
1675	8366.62
1676	7618.17
1677	6986.07
1678	6451.32
1679	5995.31
1680	5599.57
1681	5247.48
1682	4929.16
1683	4642.50
1684	4388.14
1685	4166.94
1686	3979.36
1687	3823.32
1688	3691.62
1689	3574.20
1690	3460.42
1691	3339.90
1692	3205.11
1693	3057.64
1694	2907.89
1695	2768.95
1696	2654.06
1697	2575.07
1698	2537.14
1699	2534.36
1700	2555.69
1701	2589.35
1702	2623.79
1703	2649.90
1704	2664.79
1705	2670.19
1706	2668.97
1707	2664.05
1708	2658.33
1709	2654.53
1710	2655.18
1711	2662.74
1712	2679.66
1713	2708.24
1714	2749.88
1715	2804.29
1716	2870.29
1717	2946.56
1718	3031.72
1719	3124.37
1720	3222.85
1721	3325.38
1722	3430.09
1723	3535.24
1724	3640.44
1725	3750.57
1726	3877.10
1727	4033.89
1728	4234.98
1729	4492.90
1730	4811.90
1731	5181.04
1732	5581.63
1733	5993.71
1734	6397.80
1735	6779.09
1736	7134.51
1737	7469.51
1738	7791.58
1739	8108.06
1740	8422.50
1741	8725.88
1742	8996.15
1743	9207.08
1744	9332.26
1745	9348.84
1746	9249.40
1747	9048.97
1748	8771.84
1749	8443.46
1750	8088.06
1751	7722.57
1752	7349.61
1753	6964.13
1754	6559.71
1755	6130.40
1756	5674.75
1757	5202.35
1758	4730.69
1759	4279.12
1760	3866.70
1761	3508.60
1762	3207.97
1763	2956.83
1764	2743.92
1765	2557.87
1766	2388.81
1767	2232.56
1768	2091.67
1769	1971.08
1770	1875.89
1771	1810.12
1772	1772.95
1773	1756.32
1774	1749.16
1775	1740.04
1776	1718.53
1777	1679.65
1778	1628.17
1779	1573.72
1780	1526.69
1781	1496.72
1782	1488.44
1783	1495.89
1784	1506.98
1785	1508.42
1786	1487.59
1787	1437.44
1788	1364.25
1789	1283.33
1790	1212.03
1791	1167.22
1792	1160.62
1793	1190.28
1794	1243.68
1795	1305.60
1796	1360.97
1797	1397.69
1798	1412.26
1799	1408.65
1800	1392.86
1801	1371.00
1802	1348.75
1803	1330.31
1804	1318.56
1805	1315.98
1806	1324.89
1807	1346.31
1808	1377.01
1809	1409.41
1810	1434.61
1811	1443.74
1812	1429.86
1813	1392.55
1814	1338.25
1815	1275.66
1816	1213.59
1817	1160.05
1818	1120.33
1819	1096.76
1820	1090.71
1821	1103.35
1822	1134.47
1823	1179.16
1824	1227.42
1825	1267.63
1826	1288.19
1827	1280.55
1828	1246.21
1829	1197.31
1830	1149.41
1831	1118.07
1832	1115.21
1833	1140.96
1834	1183.57
1835	1227.59
1836	1257.61
1837	1262.12
1838	1241.51
1839	1207.42
1840	1174.80
1841	1158.35
1842	1168.06
1843	1200.24
1844	1239.53
1845	1267.34
1846	1265.67
1847	1223.34
1848	1147.19
1849	1057.85
1850	979.40
1851	934.98
1852	939.26
1853	986.84
1854	1058.85
1855	1133.44
1856	1189.78
1857	1214.35
1858	1208.81
1859	1183.58
1860	1150.77
1861	1121.80
1862	1104.10
1863	1098.02
1864	1100.48
1865	1107.82
1866	1116.70
1867	1125.25
1868	1133.72
1869	1143.25
1870	1155.06
1871	1169.91
1872	1186.90
1873	1203.17
1874	1215.17
1875	1219.38
1876	1213.25
1877	1197.04
1878	1173.64
1879	1146.66
1880	1119.72
1881	1095.98
1882	1077.54
1883	1065.71
1884	1061.63
1885	1066.18
1886	1078.74
1887	1095.93
1888	1112.86
1889	1124.44
1890	1126.32
1891	1117.34
1892	1100.89
1893	1082.20
1894	1066.64
1895	1058.45
1896	1058.23
1897	1062.85
1898	1068.04
1899	1069.65
1900	1065.20
1901	1056.34
1902	1047.62
1903	1044.27
1904	1050.99
1905	1069.44
1906	1095.92
1907	1124.06
1908	1147.15
1909	1159.82
1910	1161.79
1911	1158.93
1912	1159.27
1913	1170.73
1914	1198.28
1915	1238.85
1916	1283.13
1917	1320.19
1918	1339.84
1919	1336.27
1920	1311.83
1921	1273.01
1922	1227.00
1923	1180.78
1924	1140.32
1925	1110.50
1926	1095.77
1927	1100.18
1928	1124.83
1929	1163.55
1930	1204.92
1931	1236.38
1932	1246.78
1933	1232.01
1934	1199.16
1935	1160.26
1936	1127.81
1937	1111.51
1938	1112.41
1939	1123.48
1940	1135.38
1941	1139.39
1942	1131.28
1943	1115.63
1944	1101.72
1945	1099.52
1946	1116.35
1947	1150.13
1948	1188.40
1949	1215.23
1950	1215.42
1951	1180.54
1952	1116.89
1953	1039.74
1954	966.09
1955	911.02
1956	882.20
1957	878.39
1958	895.14
1959	927.56
1960	969.93
1961	1014.74
1962	1053.29
1963	1076.81
1964	1078.51
1965	1059.10
1966	1028.30
1967	998.98
1968	983.62
1969	989.87
1970	1014.91
1971	1049.66
1972	1083.85
1973	1108.79
1974	1121.43
1975	1124.84
1976	1124.12
1977	1124.21
1978	1128.12
1979	1135.16
1980	1142.68
1981	1147.75
1982	1148.13
1983	1143.77
1984	1136.54
1985	1128.90
1986	1123.14
1987	1120.77
1988	1121.97
1989	1126.40
1990	1133.45
1991	1141.18
1992	1144.42
1993	1135.76
1994	1107.48
1995	1054.88
1996	984.04
1997	913.16
1998	864.44
1999	857.81
2000	899.22
2001	969.72
2002	1038.15
2003	1072.71
2004	1053.02
2005	988.45
2006	910.71
2007	856.53
2008	856.00
2009	914.42
2010	1008.73
2011	1106.26
2012	1176.22
2013	1201.69
2014	1189.29
2015	1156.69
2016	1122.62
2017	1100.98
2018	1094.13
2019	1096.76
2020	1101.93
2021	1103.75
2022	1099.71
2023	1090.54
2024	1077.92
2025	1063.09
2026	1045.28
2027	1021.10
2028	986.20
2029	937.35
2030	877.88
2031	822.74
2032	792.61
2033	807.56
2034	876.90
2035	985.26
2036	1101.39
2037	1191.46
2038	1229.95
2039	1215.13
2040	1165.12
2041	1103.22
2042	1050.10
2043	1016.49
2044	1002.52
2045	1004.85
2046	1019.65
2047	1042.36
2048	1067.47
2049	1089.11
2050	1102.30
2051	1106.26
2052	1107.07
2053	1113.86
2054	1135.08
2055	1173.01
2056	1218.13
2057	1254.79
2058	1267.19
2059	1245.77
2060	1194.60
2061	1125.96
2062	1053.61
2063	989.86
2064	943.27
2065	919.85
2066	924.61
2067	958.84
2068	1014.21
2069	1075.06
2070	1124.29
2071	1148.82
2072	1147.12
2073	1127.23
2074	1099.64
2075	1073.55
2076	1054.02
2077	1042.40
2078	1038.96
2079	1043.65
2080	1055.67
2081	1073.53
2082	1095.45
2083	1118.67
2084	1137.55
2085	1143.70
2086	1128.29
2087	1086.33
2088	1024.83
2089	962.00
2090	918.88
2091	910.89
2092	935.95
2093	976.05
2094	1009.05
2095	1017.87
2096	1000.94
2097	970.20
2098	940.99
2099	925.98
2100	929.78
2101	950.41
2102	984.02
2103	1025.00
2104	1063.62
2105	1087.14
2106	1083.13
2107	1046.80
2108	991.27
2109	941.36
2110	922.49
2111	947.64
2112	1003.80
2113	1063.01
2114	1096.99
2115	1091.00
2116	1054.92
2117	1010.80
2118	980.31
2119	974.19
2120	986.58
2121	1004.66
2122	1016.85
2123	1020.13
2124	1022.02
2125	1033.63
2126	1063.22
2127	1108.80
2128	1158.26
2129	1196.86
2130	1213.82
2131	1209.27
2132	1191.73
2133	1171.50
2134	1156.86
2135	1151.66
2136	1157.08
2137	1173.19
2138	1197.22
2139	1221.86
2140	1237.88
2141	1238.09
2142	1223.76
2143	1206.20
2144	1199.76
2145	1214.35
2146	1246.29
2147	1280.53
2148	1299.85
2149	1292.78
2150	1260.40
2151	1211.19
2152	1155.11
2153	1102.20
2154	1062.48
2155	1045.70
2156	1058.03
2157	1094.13
2158	1137.36
2159	1168.33
2160	1172.72
2161	1148.56
2162	1101.93
2163	1041.51
2164	980.16
2165	936.95
2166	932.89
2167	980.30
2168	1063.35
2169	1139.50
2170	1161.89
2171	1106.87
2172	1000.94
2173	899.41
2174	853.97
2175	879.27
2176	941.82
2177	991.72
2178	992.62
2179	948.46
2180	893.38
2181	864.15
2182	874.95
2183	903.30
2184	911.50
2185	872.37
2186	796.55
2187	728.30
2188	716.03
2189	780.16
2190	889.82
2191	989.72
2192	1033.06
2193	1012.71
2194	959.85
2195	914.28
2196	900.62
2197	913.76
2198	933.74
2199	942.25
2200	934.12
2201	916.75
2202	900.56
2203	892.24
2204	891.41
2205	894.38
2206	898.12
2207	903.07
2208	912.62
2209	929.88
2210	952.93
2211	972.07
2212	974.90
2213	953.70
2214	913.65
2215	868.98
2216	834.12
2217	816.06
2218	812.68
2219	818.84
2220	830.51
2221	846.58
2222	867.34
2223	891.45
2224	911.93
2225	917.05
2226	897.08
2227	856.45
2228	819.32
2229	814.95
2230	855.51
2231	915.25
2232	947.70
2233	917.25
2234	832.94
2235	742.76
2236	696.60
2237	708.41
2238	744.28
2239	756.70
2240	722.49
2241	667.96
2242	642.62
2243	679.71
2244	760.38
2245	829.05
2246	835.76
2247	777.70
2248	699.69
2249	654.44
2250	666.56
2251	720.74
2252	787.16
2253	841.05
2254	870.12
2255	869.32
2256	841.65
2257	805.98
2258	790.09
2259	813.02
2260	864.29
2261	910.34
2262	920.19
2263	890.89
2264	847.51
2265	818.64
2266	813.99
2267	819.65
2268	816.45
2269	798.45
2270	779.98
2271	781.16
2272	810.72
2273	856.74
2274	898.95
2275	923.09
2276	928.78
2277	922.55
2278	910.48
2279	895.09
2280	876.63
2281	853.44
2282	820.52
2283	771.82
2284	708.09
2285	646.79
2286	614.85
2287	630.17
2288	683.48
2289	748.00
2290	800.63
2291	837.09
2292	865.51
2293	891.01
2294	904.44
2295	888.42
2296	835.46
2297	766.43
2298	718.56
2299	714.86
2300	737.06
2301	743.74
2302	708.49
2303	648.20
2304	602.84
2305	601.78
2306	643.93
2307	711.57
2308	783.73
2309	838.95
2310	859.23
2311	843.45
2312	815.96
2313	806.48
2314	823.49
2315	846.32
2316	850.25
2317	833.91
2318	821.46
2319	834.16
2320	860.13
2321	860.46
2322	809.93
2323	736.41
2324	699.40
2325	732.43
2326	801.07
2327	841.68
2328	821.95
2329	767.42
2330	720.42
2331	696.30
2332	676.74
2333	641.36
2334	595.98
2335	566.94
2336	572.79
2337	603.27
2338	634.62
2339	657.08
2340	686.71
2341	742.76
2342	818.80
2343	881.57
2344	899.08
2345	863.29
2346	785.31
2347	691.19
2348	624.47
2349	623.03
2350	678.71
2351	736.36
2352	747.12
2353	712.96
2354	667.64
2355	641.46
2356	648.14
2357	689.51
2358	751.86
2359	809.42
2360	837.43
2361	820.35
2362	756.01
2363	673.22
2364	628.69
2365	656.48
2366	719.62
2367	750.92
2368	726.09
2369	681.61
2370	659.95
2371	666.94
2372	684.84
2373	697.22
2374	696.17
2375	678.18
2376	642.96
2377	595.05
2378	550.46
2379	536.13
2380	568.77
2381	634.66
2382	704.47
2383	752.85
2384	764.05
2385	735.96
2386	686.49
2387	644.53
2388	643.68
2389	707.77
2390	809.68
2391	861.84
2392	803.67
2393	681.44
2394	587.39
2395	570.55
2396	625.64
2397	715.10
2398	779.38
2399	775.43
2400	714.22
2401	638.57
2402	596.53
2403	621.74
2404	693.20
2405	733.97
2406	702.81
2407	654.73
2408	654.20
2409	682.82
2410	689.69
2411	689.71
2412	739.84
2413	816.99
2414	811.29
2415	701.89
2416	636.38
2417	715.03
2418	817.60
2419	794.40
2420	688.20
2421	632.83
2422	668.03
2423	742.61
2424	790.66
2425	772.81
2426	720.77
2427	714.82
2428	765.05
2429	789.33
2430	740.45
2431	661.73
2432	615.81
2433	634.56
2434	696.96
2435	731.09
2436	709.49
2437	698.03
2438	733.63
2439	752.16
2440	714.37
2441	683.81
2442	708.00
2443	742.54
2444	735.86
2445	691.15
2446	654.50
2447	681.79
2448	760.09
2449	804.07
2450	789.67
