150	3421.95
151	3438.54
152	3460.07
153	3481.87
154	3502.73
155	3521.68
156	3537.69
157	3549.79
158	3556.96
159	3558.24
160	3552.96
161	3541.53
162	3525.44
163	3506.50
164	3486.60
165	3467.61
166	3451.37
167	3439.77
168	3434.64
169	3437.50
170	3448.71
171	3467.40
172	3492.31
173	3522.12
174	3555.52
175	3591.20
176	3627.85
177	3664.17
178	3698.98
179	3731.53
180	3761.54
181	3788.90
182	3813.51
183	3835.27
184	3854.07
185	3869.82
186	3882.42
187	3891.82
188	3898.18
189	3901.83
190	3903.22
191	3902.76
192	3900.88
193	3898.01
194	3894.57
195	3891.01
196	3887.70
197	3884.96
198	3882.97
199	3881.90
200	3881.89
201	3883.12
202	3885.73
203	3889.89
204	3895.73
205	3903.40
206	3912.91
207	3924.19
208	3937.13
209	3951.61
210	3967.53
211	3984.78
212	4003.24
213	4022.81
214	4043.41
215	4065.05
216	4087.84
217	4111.91
218	4137.39
219	4164.43
220	4193.15
221	4223.69
222	4256.17
223	4290.50
224	4326.05
225	4361.71
226	4396.22
227	4428.32
228	4456.75
229	4480.25
230	4497.55
231	4507.47
232	4509.33
233	4503.91
234	4493.07
235	4478.96
236	4463.73
237	4449.57
238	4438.62
239	4433.05
240	4434.92
241	4445.49
242	4464.18
243	4489.16
244	4518.31
245	4549.48
246	4580.55
247	4609.37
248	4633.82
249	4651.88
250	4662.36
251	4665.67
252	4663.20
253	4656.52
254	4647.21
255	4636.84
256	4627.00
257	4619.24
258	4615.10
259	4615.73
260	4621.72
261	4633.37
262	4650.90
263	4674.58
264	4704.63
265	4741.30
266	4784.82
267	4835.24
268	4891.81
269	4952.64
270	5015.35
271	5077.51
272	5136.68
273	5190.42
274	5236.30
275	5271.91
276	5295.32
277	5306.27
278	5306.46
279	5298.27
280	5284.12
281	5266.46
282	5247.72
283	5230.35
284	5216.71
285	5208.62
286	5206.14
287	5207.80
288	5211.66
289	5215.77
290	5218.19
291	5216.95
292	5210.11
293	5195.84
294	5173.33
295	5144.18
296	5111.60
297	5079.22
298	5050.64
299	5029.50
300	5019.43
301	5024.03
302	5046.51
303	5087.90
304	5145.16
305	5213.13
306	5286.28
307	5359.08
308	5426.00
309	5481.48
310	5520.05
311	5536.98
312	5530.76
313	5504.31
314	5462.29
315	5409.60
316	5351.12
317	5291.74
318	5236.35
319	5189.77
320	5155.90
321	5135.84
322	5127.88
323	5129.50
324	5138.07
325	5151.00
326	5165.69
327	5179.52
328	5189.99
329	5195.25
330	5195.07
331	5190.33
332	5182.15
333	5171.65
334	5159.98
335	5148.25
336	5137.61
337	5129.10
338	5123.37
339	5120.42
340	5119.91
341	5121.45
342	5124.65
343	5129.13
344	5134.49
345	5140.36
346	5146.37
347	5152.21
348	5157.68
349	5162.58
350	5166.73
351	5169.93
352	5172.02
353	5172.78
354	5172.08
355	5169.91
356	5166.78
357	5163.51
358	5161.03
359	5160.27
360	5162.14
361	5167.59
362	5177.51
363	5192.72
364	5213.33
365	5238.31
366	5266.08
367	5294.95
368	5323.24
369	5349.26
370	5371.34
371	5387.80
372	5397.43
373	5400.39
374	5398.44
375	5393.84
376	5388.88
377	5385.87
378	5387.12
379	5394.93
380	5411.46
381	5437.85
382	5472.81
383	5513.47
384	5556.62
385	5599.01
386	5637.39
387	5668.53
388	5689.20
389	5696.63
390	5690.02
391	5671.42
392	5644.08
393	5611.42
394	5576.85
395	5543.79
396	5515.64
397	5495.76
398	5486.79
399	5489.39
400	5502.55
401	5524.79
402	5554.61
403	5590.50
404	5630.96
405	5674.48
406	5719.57
407	5764.83
408	5809.02
409	5850.95
410	5889.48
411	5923.44
412	5951.67
413	5973.01
414	5986.33
415	5990.81
416	5986.61
417	5974.90
418	5957.12
419	5934.78
420	5909.36
421	5882.34
422	5855.22
423	5829.43
424	5806.11
425	5785.83
426	5768.84
427	5755.34
428	5745.51
429	5739.55
430	5737.64
431	5739.97
432	5746.65
433	5757.51
434	5772.09
435	5789.85
436	5810.22
437	5832.65
438	5856.58
439	5881.46
440	5906.71
441	5931.75
442	5955.94
443	5978.60
444	5999.06
445	6016.62
446	6030.62
447	6040.37
448	6045.20
449	6044.57
450	6038.37
451	6026.93
452	6010.74
453	5990.27
454	5966.02
455	5938.48
456	5908.14
457	5875.56
458	5841.66
459	5808.07
460	5776.77
461	5749.81
462	5729.24
463	5717.11
464	5715.47
465	5726.32
466	5750.94
467	5788.44
468	5835.95
469	5889.98
470	5947.03
471	6003.56
472	6056.06
473	6101.02
474	6135.29
475	6157.48
476	6169.07
477	6172.81
478	6171.69
479	6168.69
480	6166.80
481	6168.98
482	6178.11
483	6196.12
484	6222.47
485	6254.72
486	6289.98
487	6325.34
488	6357.86
489	6384.62
490	6402.74
491	6409.80
492	6405.32
493	6391.28
494	6370.60
495	6346.29
496	6321.37
497	6298.85
498	6281.76
499	6272.90
500	6273.91
501	6283.92
502	6300.69
503	6321.67
504	6344.31
505	6366.07
506	6384.40
507	6396.80
508	6401.38
509	6398.06
510	6388.41
511	6374.47
512	6358.34
513	6342.11
514	6327.87
515	6317.69
516	6313.36
517	6315.49
518	6322.94
519	6333.86
520	6346.31
521	6358.34
522	6368.01
523	6373.36
524	6372.58
525	6364.47
526	6349.27
527	6328.11
528	6302.25
529	6272.97
530	6241.56
531	6209.31
532	6177.47
533	6147.05
534	6118.26
535	6090.61
536	6063.41
537	6035.97
538	6007.57
539	5977.52
540	5945.13
541	5909.88
542	5872.02
543	5832.76
544	5793.72
545	5756.54
546	5722.87
547	5694.37
548	5672.67
549	5659.31
550	5655.09
551	5659.52
552	5671.40
553	5689.41
554	5712.24
555	5738.56
556	5767.06
557	5796.43
558	5825.53
559	5853.60
560	5880.13
561	5904.72
562	5926.93
563	5946.36
564	5962.58
565	5975.20
566	5984.10
567	5990.08
568	5994.83
569	6000.34
570	6008.60
571	6021.62
572	6041.38
573	6069.88
574	6108.66
575	6157.57
576	6214.18
577	6275.17
578	6337.10
579	6396.55
580	6450.09
581	6494.31
582	6526.15
583	6544.44
584	6551.26
585	6550.30
586	6545.49
587	6540.78
588	6540.12
589	6547.45
590	6566.44
591	6599.12
592	6643.87
593	6696.84
594	6753.72
595	6810.18
596	6861.90
597	6904.56
598	6933.96
599	6947.13
600	6944.23
601	6927.86
602	6901.21
603	6867.49
604	6829.93
605	6791.76
606	6756.15
607	6725.56
608	6700.40
609	6679.08
610	6659.44
611	6639.26
612	6616.34
613	6588.46
614	6553.46
615	6509.64
616	6457.05
617	6397.71
618	6334.29
619	6269.52
620	6206.16
621	6146.95
622	6094.60
623	6051.45
624	6018.26
625	5993.72
626	5975.70
627	5961.98
628	5950.33
629	5938.54
630	5924.39
631	5905.94
632	5882.41
633	5854.80
634	5824.91
635	5794.62
636	5765.83
637	5740.44
638	5720.32
639	5707.19
640	5701.76
641	5703.12
642	5709.58
643	5719.31
644	5730.51
645	5741.33
646	5749.97
647	5754.78
648	5755.01
649	5751.60
650	5746.37
651	5741.28
652	5738.31
653	5739.42
654	5746.58
655	5761.54
656	5784.89
657	5814.85
658	5848.33
659	5882.02
660	5912.60
661	5936.73
662	5951.10
663	5952.66
664	5939.96
665	5914.90
666	5881.31
667	5843.39
668	5805.35
669	5771.41
670	5745.79
671	5732.48
672	5734.24
673	5751.14
674	5781.67
675	5824.00
676	5876.29
677	5936.71
678	6003.41
679	6074.59
680	6148.64
681	6224.38
682	6300.87
683	6377.21
684	6452.54
685	6525.95
686	6596.58
687	6663.62
688	6726.91
689	6787.47
690	6847.09
691	6907.68
692	6971.16
693	7039.44
694	7114.45
695	7197.92
696	7290.50
697	7390.66
698	7495.65
699	7602.49
700	7708.19
701	7809.76
702	7904.22
703	7988.89
704	8062.74
705	8127.93
706	8188.27
707	8247.88
708	8310.90
709	8381.45
710	8463.64
711	8561.07
712	8674.66
713	8800.67
714	8933.05
715	9065.36
716	9191.17
717	9304.05
718	9397.58
719	9466.01
720	9506.67
721	9521.76
722	9515.69
723	9493.16
724	9458.89
725	9417.59
726	9373.97
727	9332.22
728	9294.41
729	9259.71
730	9226.08
731	9191.35
732	9153.33
733	9109.85
734	9058.75
735	8998.37
736	8928.85
737	8852.45
738	8772.22
739	8691.27
740	8612.74
741	8539.73
742	8475.34
743	8422.06
744	8380.58
745	8349.75
746	8327.84
747	8313.09
748	8303.73
749	8298.00
750	8294.19
751	8291.25
752	8289.86
753	8292.17
754	8300.71
755	8318.03
756	8346.68
757	8389.20
758	8447.88
759	8523.21
760	8611.44
761	8706.04
762	8799.87
763	8885.74
764	8956.48
765	9004.94
766	9024.61
767	9012.48
768	8972.23
769	8911.03
770	8836.67
771	8756.96
772	8679.70
773	8612.67
774	8562.86
775	8533.85
776	8524.22
777	8530.44
778	8548.71
779	8575.23
780	8606.19
781	8637.80
782	8666.83
783	8691.78
784	8713.17
785	8732.14
786	8749.90
787	8767.67
788	8786.65
789	8808.10
790	8833.51
791	8865.07
792	8905.53
793	8957.80
794	9024.79
795	9109.39
796	9214.52
797	9342.78
798	9494.97
799	9668.12
800	9857.07
801	10056.23
802	10259.98
803	10462.71
804	10658.85
805	10843.64
806	11015.97
807	11180.19
808	11342.96
809	11511.26
810	11692.09
811	11892.45
812	12119.26
813	12378.46
814	12672.83
815	13001.87
816	13364.08
817	13757.82
818	14181.48
819	14633.45
820	15112.02
821	15614.78
822	16137.67
823	16675.44
824	17222.62
825	17773.70
826	18323.18
827	18865.56
828	19395.50
829	19908.44
830	20401.13
831	20870.90
832	21315.19
833	21731.44
834	22117.07
835	22469.55
836	22786.48
837	23065.96
838	23306.65
839	23507.40
840	23667.06
841	23784.49
842	23858.56
843	23888.35
844	23874.79
845	23822.97
846	23740.84
847	23636.98
848	23519.99
849	23398.48
850	23281.03
851	23175.80
852	23088.99
853	23023.80
854	22982.17
855	22965.88
856	22976.65
857	23016.26
858	23086.35
859	23187.43
860	23316.64
861	23468.00
862	23634.68
863	23809.76
864	23986.34
865	24157.52
866	24316.50
867	24457.22
868	24575.01
869	24665.91
870	24726.13
871	24751.88
872	24739.36
873	24684.85
874	24585.90
875	24444.44
876	24267.38
877	24063.34
878	23841.09
879	23609.41
880	23377.05
881	23152.45
882	22941.70
883	22745.67
884	22561.92
885	22387.28
886	22218.57
887	22052.60
888	21886.22
889	21717.17
890	21546.51
891	21379.61
892	21223.47
893	21085.26
894	20972.17
895	20891.35
896	20849.60
897	20850.92
898	20892.53
899	20967.04
900	21066.01
901	21180.92
902	21303.26
903	21424.57
904	21537.04
905	21635.48
906	21718.28
907	21785.12
908	21835.89
909	21870.46
910	21888.72
911	21890.47
912	21875.10
913	21840.94
914	21785.63
915	21706.62
916	21601.38
917	21467.34
918	21302.07
919	21104.43
920	20878.50
921	20634.87
922	20386.59
923	20146.96
924	19929.28
925	19746.84
926	19612.17
927	19532.80
928	19505.24
929	19519.18
930	19562.88
931	19624.57
932	19692.43
933	19754.82
934	19801.91
935	19830.21
936	19843.16
937	19846.49
938	19846.13
939	19848.05
940	19858.15
941	19881.85
942	19921.80
943	19975.39
944	20037.32
945	20101.83
946	20163.13
947	20215.44
948	20253.15
949	20272.46
950	20274.79
951	20266.03
952	20253.36
953	20243.99
954	20245.17
955	20264.10
956	20307.06
957	20376.56
958	20469.57
959	20580.85
960	20704.85
961	20836.04
962	20968.85
963	21097.69
964	21216.75
965	21319.65
966	21399.69
967	21450.08
968	21464.04
969	21434.81
970	21355.69
971	21221.39
972	21030.89
973	20787.48
974	20495.77
975	20160.45
976	19786.24
977	19377.88
978	18940.39
979	18480.31
980	18006.38
981	17528.37
982	17056.15
983	16599.59
984	16168.57
985	15772.54
986	15418.00
987	15104.95
988	14829.29
989	14586.02
990	14370.12
991	14176.59
992	14000.51
993	13838.28
994	13690.25
995	13560.42
996	13453.89
997	13375.83
998	13331.40
999	13325.70
1000	13362.66
1001	13441.43
1002	13554.74
1003	13692.80
1004	13845.52
1005	14002.82
1006	14154.63
1007	14291.61
1008	14408.37
1009	14507.02
1010	14593.54
1011	14674.58
1012	14756.85
1013	14847.01
1014	14951.39
1015	15073.49
1016	15209.84
1017	15351.98
1018	15490.34
1019	15615.22
1020	15716.99
1021	15786.20
1022	15816.07
1023	15808.09
1024	15771.72
1025	15718.82
1026	15661.41
1027	15611.53
1028	15581.10
1029	15580.36
1030	15612.81
1031	15673.48
1032	15754.18
1033	15846.38
1034	15941.55
1035	16031.18
1036	16107.43
1037	16165.67
1038	16206.57
1039	16233.22
1040	16249.07
1041	16257.58
1042	16262.24
1043	16266.57
1044	16274.46
1045	16290.50
1046	16319.73
1047	16367.24
1048	16438.12
1049	16537.48
1050	16670.27
1051	16840.46
1052	17049.52
1053	17297.25
1054	17583.05
1055	17906.29
1056	18266.33
1057	18662.34
1058	19091.51
1059	19545.41
1060	20010.93
1061	20473.68
1062	20919.21
1063	21333.06
1064	21701.02
1065	22012.13
1066	22265.77
1067	22471.58
1068	22642.38
1069	22791.24
1070	22931.22
1071	23075.27
1072	23234.11
1073	23410.56
1074	23598.39
1075	23788.23
1076	23970.40
1077	24135.24
1078	24273.09
1079	24374.93
1080	24434.26
1081	24447.79
1082	24413.50
1083	24329.46
1084	24193.79
1085	24004.63
1086	23760.74
1087	23463.68
1088	23118.94
1089	22733.65
1090	22315.17
1091	21870.83
1092	21407.99
1093	20934.04
1094	20456.51
1095	19983.17
1096	19521.89
1097	19080.56
1098	18667.06
1099	18289.23
1100	17953.96
1101	17663.42
1102	17412.16
1103	17191.19
1104	16991.03
1105	16802.16
1106	16615.09
1107	16421.01
1108	16214.45
1109	15995.58
1110	15767.22
1111	15532.61
1112	15294.99
1113	15057.61
1114	14823.24
1115	14592.42
1116	14361.83
1117	14126.35
1118	13880.56
1119	13619.03
1120	13336.36
1121	13027.97
1122	12693.25
1123	12338.27
1124	11972.27
1125	11604.96
1126	11246.09
1127	10905.35
1128	10591.67
1129	10310.25
1130	10060.22
1131	9837.93
1132	9639.32
1133	9460.33
1134	9296.88
1135	9145.19
1136	9002.65
1137	8868.53
1138	8742.87
1139	8625.85
1140	8517.66
1141	8418.44
1142	8328.26
1143	8246.62
1144	8172.24
1145	8103.54
1146	8038.91
1147	7976.72
1148	7915.36
1149	7853.50
1150	7790.83
1151	7728.40
1152	7667.76
1153	7610.52
1154	7558.30
1155	7512.66
1156	7474.78
1157	7444.35
1158	7419.38
1159	7397.32
1160	7375.55
1161	7351.46
1162	7322.50
1163	7287.00
1164	7246.04
1165	7203.37
1166	7163.58
1167	7131.32
1168	7111.24
1169	7107.82
1170	7124.05
1171	7158.70
1172	7207.09
1173	7263.58
1174	7322.51
1175	7378.21
1176	7425.26
1177	7460.23
1178	7484.45
1179	7502.45
1180	7519.55
1181	7541.06
1182	7572.29
1183	7618.09
1184	7680.51
1185	7756.03
1186	7838.01
1187	7919.25
1188	7992.50
1189	8050.56
1190	8087.10
1191	8099.81
1192	8092.94
1193	8073.65
1194	8049.56
1195	8028.28
1196	8017.37
1197	8023.26
1198	8048.06
1199	8088.53
1200	8139.44
1201	8195.37
1202	8250.89
1203	8300.69
1204	8340.83
1205	8371.67
1206	8397.51
1207	8423.85
1208	8456.28
1209	8500.37
1210	8561.46
1211	8642.90
1212	8743.32
1213	8858.09
1214	8981.81
1215	9109.05
1216	9234.39
1217	9352.80
1218	9461.45
1219	9561.45
1220	9655.96
1221	9748.44
1222	9842.41
1223	9941.33
1224	10048.19
1225	10164.03
1226	10287.35
1227	10415.70
1228	10546.51
1229	10677.21
1230	10805.36
1231	10929.79
1232	11053.15
1233	11181.47
1234	11321.82
1235	11481.29
1236	11666.97
1237	11885.77
1238	12143.27
1239	12442.17
1240	12783.46
1241	13167.74
1242	13595.61
1243	14067.66
1244	14584.36
1245	15145.63
1246	15750.58
1247	16397.99
1248	17086.57
1249	17815.06
1250	18582.03
1251	19384.48
1252	20214.47
1253	21059.35
1254	21905.05
1255	22737.42
1256	23542.29
1257	24305.94
1258	25017.36
1259	25671.46
1260	26266.75
1261	26802.42
1262	27277.72
1263	27691.87
1264	28043.55
1265	28329.18
1266	28542.13
1267	28674.50
1268	28718.29
1269	28665.46
1270	28508.47
1271	28244.18
1272	27881.76
1273	27440.58
1274	26942.72
1275	26410.43
1276	25865.93
1277	25330.41
1278	24819.69
1279	24339.94
1280	23892.53
1281	23478.03
1282	23096.98
1283	22750.04
1284	22439.50
1285	22173.00
1286	21963.79
1287	21826.92
1288	21777.56
1289	21830.87
1290	22000.74
1291	22293.14
1292	22697.25
1293	23192.34
1294	23755.73
1295	24364.66
1296	24996.36
1297	25628.13
1298	26237.60
1299	26802.74
1300	27301.64
1301	27712.42
1302	28013.23
1303	28183.02
1304	28206.52
1305	28081.71
1306	27815.04
1307	27414.85
1308	26889.56
1309	26247.72
1310	25499.90
1311	24664.63
1312	23770.36
1313	22849.25
1314	21933.88
1315	21056.74
1316	20248.96
1317	19531.55
1318	18902.29
1319	18343.96
1320	17836.06
1321	17357.92
1322	16889.03
1323	16411.25
1324	15915.29
1325	15402.53
1326	14878.24
1327	14348.04
1328	13817.61
1329	13292.59
1330	12778.65
1331	12281.44
1332	11806.61
1333	11359.84
1334	10946.77
1335	10572.98
1336	10242.69
1337	9955.70
1338	9707.08
1339	9490.36
1340	9298.95
1341	9126.27
1342	8966.03
1343	8813.68
1344	8667.79
1345	8528.53
1346	8396.34
1347	8271.67
1348	8154.96
1349	8046.58
1350	7946.65
1351	7855.14
1352	7771.92
1353	7696.89
1354	7629.94
1355	7571.03
1356	7520.38
1357	7478.61
1358	7446.50
1359	7424.83
1360	7414.39
1361	7415.76
1362	7428.17
1363	7447.77
1364	7468.83
1365	7485.22
1366	7490.78
1367	7479.46
1368	7446.43
1369	7390.83
1370	7315.74
1371	7225.45
1372	7124.38
1373	7016.89
1374	6907.10
1375	6797.90
1376	6690.23
1377	6584.22
1378	6479.87
1379	6377.16
1380	6276.16
1381	6177.23
1382	6081.52
1383	5990.67
1384	5906.41
1385	5830.49
1386	5764.66
1387	5710.88
1388	5671.65
1389	5650.05
1390	5649.32
1391	5672.69
1392	5723.37
1393	5803.61
1394	5911.86
1395	6041.18
1396	6182.53
1397	6326.59
1398	6464.08
1399	6586.27
1400	6687.83
1401	6770.01
1402	6837.57
1403	6895.93
1404	6950.54
1405	7006.76
1406	7069.35
1407	7141.51
1408	7225.31
1409	7322.52
1410	7434.90
1411	7564.21
1412	7712.43
1413	7882.09
1414	8076.35
1415	8298.54
1416	8552.02
1417	8840.16
1418	9166.46
1419	9535.13
1420	9951.22
1421	10420.15
1422	10947.37
1423	11538.37
1424	12199.36
1425	12940.33
1426	13777.76
1427	14731.34
1428	15821.23
1429	17067.54
1430	18487.97
1431	20084.43
1432	21824.69
1433	23655.91
1434	25521.07
1435	27362.95
1436	29124.99
1437	30756.08
1438	32219.22
1439	33487.95
1440	34538.40
1441	35346.87
1442	35890.50
1443	36155.69
1444	36156.49
1445	35932.23
1446	35529.55
1447	34995.56
1448	34377.12
1449	33716.84
1450	33042.89
1451	32367.75
1452	31698.68
1453	31042.48
1454	30405.81
1455	29793.03
1456	29199.52
1457	28609.38
1458	28002.50
1459	27358.30
1460	26656.34
1461	25879.17
1462	25022.16
1463	24099.16
1464	23131.60
1465	22141.92
1466	21152.49
1467	20184.28
1468	19251.54
1469	18357.77
1470	17501.67
1471	16681.24
1472	15894.45
1473	15139.48
1474	14415.60
1475	13723.97
1476	13066.61
1477	12445.73
1478	11863.49
1479	11321.75
1480	10820.52
1481	10356.44
1482	9924.46
1483	9519.25
1484	9135.45
1485	8768.14
1486	8414.65
1487	8076.63
1488	7758.02
1489	7463.14
1490	7196.33
1491	6961.44
1492	6759.64
1493	6586.86
1494	6436.29
1495	6300.57
1496	6172.38
1497	6044.76
1498	5913.02
1499	5776.77
1500	5637.91
1501	5498.78
1502	5361.69
1503	5228.86
1504	5101.81
1505	4980.76
1506	4865.28
1507	4754.81
1508	4648.79
1509	4546.67
1510	4447.92
1511	4352.06
1512	4258.66
1513	4167.26
1514	4077.43
1515	3988.83
1516	3901.62
1517	3816.77
1518	3735.65
1519	3659.68
1520	3590.28
1521	3528.84
1522	3476.63
1523	3434.72
1524	3404.08
1525	3385.71
1526	3380.53
1527	3388.78
1528	3407.91
1529	3431.53
1530	3451.77
1531	3460.59
1532	3450.04
1533	3413.94
1534	3352.54
1535	3273.60
1536	3187.55
1537	3105.07
1538	3036.70
1539	2990.89
1540	2969.46
1541	2967.62
1542	2978.53
1543	2995.16
1544	3010.65
1545	3019.64
1546	3020.86
1547	3016.47
1548	3009.56
1549	3003.23
1550	3000.44
1551	3002.69
1552	3008.09
1553	3012.49
1554	3011.21
1555	2999.58
1556	2973.36
1557	2930.92
1558	2875.71
1559	2813.91
1560	2752.21
1561	2697.29
1562	2655.29
1563	2629.87
1564	2620.89
1565	2626.54
1566	2644.78
1567	2673.57
1568	2710.51
1569	2752.12
1570	2793.57
1571	2829.59
1572	2854.88
1573	2864.26
1574	2854.23
1575	2826.08
1576	2785.22
1577	2738.24
1578	2691.76
1579	2652.23
1580	2624.66
1581	2610.88
1582	2610.71
1583	2623.52
1584	2648.67
1585	2685.13
1586	2730.02
1587	2777.38
1588	2819.87
1589	2849.90
1590	2860.02
1591	2844.79
1592	2805.88
1593	2753.23
1594	2699.59
1595	2657.98
1596	2640.98
1597	2657.09
1598	2703.94
1599	2770.69
1600	2844.37
1601	2911.88
1602	2961.09
1603	2985.11
1604	2987.05
1605	2975.24
1606	2958.94
1607	2947.39
1608	2948.68
1609	2966.66
1610	2999.79
1611	3044.57
1612	3097.32
1613	3154.48
1614	3213.89
1615	3277.06
1616	3348.48
1617	3433.35
1618	3536.91
1619	3663.81
1620	3815.54
1621	3987.91
1622	4173.91
1623	4366.05
1624	4556.97
1625	4741.54
1626	4922.34
1627	5110.46
1628	5319.80
1629	5564.55
1630	5858.56
1631	6213.37
1632	6635.19
1633	7126.73
1634	7689.95
1635	8326.81
1636	9040.53
1637	9839.60
1638	10739.89
1639	11760.25
1640	12919.91
1641	14237.68
1642	15728.55
1643	17397.26
1644	19240.32
1645	21252.17
1646	23426.94
1647	25755.49
1648	28212.91
1649	30748.50
1650	33299.81
1651	35802.62
1652	38192.20
1653	40398.86
1654	42338.61
1655	43914.64
1656	45026.61
1657	45574.36
1658	45468.15
1659	44671.50
1660	43240.26
1661	41274.64
1662	38881.99
1663	36169.78
1664	33243.92
1665	30205.71
1666	27152.21
1667	24179.33
1668	21382.55
1669	18850.45
1670	16636.98
1671	14737.71
1672	13120.75
1673	11749.94
1674	10589.17
1675	9604.44
1676	8767.62
1677	8055.50
1678	7446.24
1679	6918.14
1680	6450.94
1681	6030.88
1682	5653.95
1683	5320.32
1684	5030.73
1685	4785.65
1686	4583.47
1687	4417.36
1688	4276.75
1689	4150.21
1690	4026.34
1691	3895.44
1692	3754.19
1693	3607.05
1694	3461.33
1695	3324.64
1696	3204.29
1697	3106.02
1698	3032.24
1699	2983.57
1700	2960.27
1701	2962.42
1702	2988.52
1703	3032.22
1704	3082.76
1705	3128.14
1706	3156.33
1707	3157.03
1708	3127.34
1709	3075.28
1710	3013.37
1711	2954.70
1712	2911.97
1713	2894.81
1714	2906.13
1715	2944.68
1716	3008.36
1717	3094.97
1718	3202.17
1719	3327.00
1720	3465.95
1721	3615.38
1722	3771.62
1723	3931.59
1724	4094.63
1725	4263.46
1726	4442.26
1727	4635.33
1728	4846.88
1729	5080.26
1730	5337.14
1731	5618.24
1732	5924.08
1733	6254.94
1734	6609.09
1735	6979.26
1736	7353.66
1737	7719.38
1738	8063.47
1739	8373.92
1740	8642.04
1741	8862.92
1742	9032.91
1743	9148.51
1744	9206.41
1745	9204.22
1746	9141.00
1747	9016.42
1748	8830.25
1749	8582.63
1750	8275.93
1751	7917.03
1752	7515.39
1753	7080.95
1754	6623.73
1755	6154.23
1756	5684.23
1757	5226.39
1758	4793.62
1759	4398.58
1760	4051.33
1761	3753.83
1762	3500.39
1763	3283.08
1764	3093.85
1765	2925.39
1766	2773.14
1767	2635.83
1768	2513.34
1769	2405.64
1770	2312.53
1771	2232.95
1772	2164.61
1773	2104.74
1774	2050.49
1775	1999.34
1776	1950.31
1777	1905.11
1778	1866.75
1779	1838.44
1780	1823.10
1781	1821.89
1782	1832.52
1783	1850.78
1784	1872.09
1785	1891.96
1786	1906.62
1787	1913.89
1788	1912.62
1789	1901.84
1790	1880.72
1791	1849.17
1792	1808.96
1793	1763.21
1794	1715.31
1795	1668.66
1796	1626.41
1797	1591.07
1798	1564.69
1799	1549.16
1800	1546.27
1801	1556.73
1802	1578.21
1803	1605.93
1804	1634.41
1805	1658.30
1806	1673.54
1807	1679.91
1808	1680.46
1809	1679.16
1810	1679.94
1811	1685.63
1812	1695.91
1813	1707.63
1814	1716.87
1815	1719.73
1816	1713.31
1817	1697.54
1818	1674.91
1819	1648.60
1820	1621.85
1821	1597.75
1822	1579.00
1823	1568.00
1824	1567.03
1825	1578.17
1826	1601.70
1827	1632.78
1828	1662.37
1829	1680.33
1830	1676.95
1831	1647.17
1832	1598.21
1833	1546.79
1834	1512.00
1835	1512.10
1836	1557.56
1837	1639.55
1838	1735.61
1839	1820.09
1840	1868.55
1841	1866.01
1842	1818.89
1843	1747.22
1844	1673.85
1845	1620.33
1846	1599.50
1847	1606.55
1848	1626.83
1849	1643.92
1850	1642.81
1851	1616.32
1852	1571.00
1853	1520.00
1854	1477.52
1855	1456.03
1856	1460.44
1857	1484.50
1858	1517.27
1859	1547.32
1860	1564.71
1861	1565.34
1862	1552.06
1863	1530.21
1864	1505.35
1865	1482.52
1866	1465.04
1867	1454.62
1868	1452.48
1869	1459.69
1870	1476.52
1871	1501.12
1872	1530.02
1873	1559.40
1874	1585.51
1875	1605.40
1876	1617.70
1877	1621.98
1878	1617.99
1879	1605.67
1880	1585.76
1881	1560.33
1882	1532.00
1883	1503.47
1884	1477.16
1885	1454.43
1886	1435.42
1887	1419.86
1888	1407.47
1889	1398.37
1890	1393.75
1891	1395.74
1892	1406.68
1893	1428.60
1894	1461.42
1895	1500.64
1896	1539.18
1897	1569.49
1898	1584.84
1899	1582.24
1900	1564.14
1901	1535.30
1902	1500.74
1903	1465.27
1904	1432.91
1905	1406.94
1906	1390.38
1907	1385.94
1908	1394.30
1909	1411.42
1910	1430.29
1911	1443.29
1912	1443.89
1913	1430.68
1914	1409.94
1915	1391.30
1916	1384.56
1917	1396.68
1918	1425.70
1919	1461.23
1920	1490.42
1921	1501.17
1922	1487.21
1923	1454.54
1924	1416.25
1925	1386.70
1926	1377.89
1927	1392.41
1928	1420.78
1929	1449.00
1930	1463.09
1931	1453.40
1932	1421.44
1933	1377.03
1934	1332.01
1935	1297.37
1936	1279.60
1937	1278.09
1938	1289.09
1939	1308.45
1940	1332.39
1941	1358.25
1942	1384.43
1943	1409.57
1944	1432.29
1945	1450.87
1946	1463.03
1947	1466.18
1948	1457.84
1949	1436.97
1950	1407.13
1951	1376.19
1952	1353.26
1953	1346.62
1954	1359.31
1955	1384.89
1956	1412.15
1957	1429.31
1958	1427.21
1959	1404.99
1960	1369.45
1961	1329.66
1962	1294.16
1963	1267.93
1964	1249.79
1965	1235.63
1966	1221.03
1967	1203.22
1968	1184.15
1969	1169.75
1970	1166.95
1971	1181.70
1972	1215.04
1973	1260.77
1974	1309.62
1975	1352.20
1976	1381.43
1977	1395.88
1978	1398.05
1979	1391.33
1980	1379.06
1981	1364.21
1982	1349.30
1983	1336.70
1984	1328.51
1985	1325.46
1986	1325.70
1987	1325.96
1988	1322.88
1989	1314.45
1990	1302.45
1991	1291.91
1992	1288.69
1993	1297.66
1994	1319.55
1995	1349.53
1996	1380.62
1997	1405.76
1998	1418.89
1999	1416.05
2000	1394.44
2001	1351.81
2002	1289.09
2003	1216.17
2004	1150.45
2005	1111.13
2006	1113.56
2007	1157.87
2008	1225.33
2009	1290.39
2010	1328.91
2011	1328.11
2012	1295.49
2013	1248.51
2014	1205.68
2015	1181.05
2016	1177.89
2017	1192.09
2018	1217.88
2019	1249.84
2020	1283.77
2021	1316.61
2022	1345.65
2023	1368.13
2024	1380.93
2025	1380.47
2026	1363.07
2027	1325.94
2028	1270.89
2029	1207.37
2030	1148.35
2031	1106.64
2032	1090.46
2033	1098.31
2034	1123.03
2035	1156.44
2036	1191.48
2037	1223.92
2038	1251.64
2039	1273.07
2040	1286.82
2041	1292.01
2042	1288.23
2043	1275.28
2044	1253.87
2045	1227.82
2046	1204.39
2047	1191.87
2048	1196.78
2049	1218.26
2050	1245.96
2051	1266.02
2052	1266.33
2053	1244.30
2054	1211.55
2055	1185.59
2056	1182.63
2057	1208.58
2058	1252.03
2059	1293.61
2060	1314.39
2061	1304.71
2062	1271.94
2063	1232.02
2064	1201.48
2065	1191.63
2066	1203.43
2067	1232.23
2068	1272.12
2069	1315.62
2070	1352.18
2071	1369.53
2072	1356.23
2073	1308.26
2074	1237.28
2075	1164.07
2076	1109.97
2077	1088.49
2078	1096.26
2079	1120.04
2080	1145.40
2081	1163.05
2082	1174.60
2083	1187.92
2084	1211.04
2085	1245.19
2086	1277.76
2087	1288.46
2088	1258.22
2089	1183.23
2090	1089.08
2091	1016.79
2092	1005.59
2093	1070.56
2094	1183.59
2095	1295.51
2096	1358.81
2097	1350.81
2098	1289.01
2099	1208.91
2100	1145.21
2101	1117.92
2102	1126.03
2103	1159.91
2104	1207.99
2105	1255.38
2106	1283.24
2107	1271.86
2108	1208.63
2109	1104.94
2110	996.88
2111	927.14
2112	927.05
2113	993.70
2114	1095.28
2115	1193.46
2116	1259.61
2117	1289.73
2118	1296.48
2119	1295.34
2120	1296.11
2121	1297.02
2122	1290.12
2123	1268.03
2124	1231.02
2125	1191.17
2126	1165.37
2127	1167.16
2128	1195.43
2129	1232.24
2130	1254.52
2131	1246.12
2132	1211.98
2133	1174.81
2134	1160.66
2135	1185.53
2136	1242.81
2137	1312.19
2138	1372.17
2139	1408.98
2140	1421.33
2141	1413.45
2142	1390.42
2143	1357.37
2144	1319.46
2145	1281.84
2146	1249.19
2147	1225.00
2148	1211.87
2149	1211.20
2150	1219.06
2151	1222.17
2152	1203.00
2153	1148.61
2154	1065.39
2155	981.85
2156	932.63
2157	940.33
2158	995.54
2159	1065.94
2160	1116.92
2161	1129.25
2162	1109.38
2163	1075.36
2164	1044.60
2165	1026.80
2166	1023.97
2167	1035.46
2168	1058.20
2169	1084.49
2170	1104.10
2171	1108.46
2172	1097.38
2173	1081.07
2174	1073.01
2175	1083.04
2176	1111.16
2177	1150.57
2178	1192.61
2179	1227.37
2180	1243.33
2181	1228.96
2182	1178.51
2183	1101.40
2184	1018.45
2185	951.57
2186	914.88
2187	910.80
2188	936.51
2189	985.96
2190	1046.34
2191	1099.82
2192	1129.48
2193	1127.50
2194	1098.96
2195	1054.13
2196	1003.71
2197	957.78
2198	925.88
2199	915.01
2200	923.04
2201	936.62
2202	939.46
2203	922.06
2204	890.05
2205	857.69
2206	839.20
2207	843.34
2208	873.31
2209	928.68
2210	999.35
2211	1059.74
2212	1078.81
2213	1037.41
2214	948.66
2215	848.41
2216	772.89
2217	740.50
2218	748.92
2219	788.40
2220	846.69
2221	908.33
2222	956.77
2223	979.16
2224	972.56
2225	941.35
2226	893.76
2227	845.27
2228	818.96
2229	836.35
2230	900.19
2231	983.63
2232	1048.61
2233	1067.77
2234	1040.74
2235	983.40
2236	914.67
2237	852.82
2238	815.14
2239	814.09
2240	845.55
2241	886.85
2242	911.89
2243	907.60
2244	881.32
2245	848.37
2246	821.21
2247	804.44
2248	798.30
2249	800.84
2250	806.70
2251	808.62
2252	802.26
2253	792.78
2254	792.87
2255	812.37
2256	845.00
2257	868.55
2258	861.84
2259	826.13
2260	789.75
2261	784.65
2262	818.24
2263	862.67
2264	881.08
2265	859.24
2266	821.04
2267	803.43
2268	825.40
2269	870.77
2270	909.05
2271	922.59
2272	922.84
2273	933.54
2274	964.05
2275	990.27
2276	974.25
2277	902.84
2278	820.18
2279	796.58
2280	868.08
2281	987.56
2282	1066.43
2283	1047.54
2284	956.80
2285	863.20
2286	817.66
2287	817.17
2288	830.90
2289	835.30
2290	831.20
2291	830.86
2292	840.84
2293	853.69
2294	856.95
2295	846.71
2296	834.48
2297	834.74
2298	845.32
2299	839.12
2300	788.03
2301	698.62
2302	621.39
2303	610.14
2304	676.23
2305	784.70
2306	888.50
2307	948.08
2308	934.08
2309	839.96
2310	710.23
2311	619.51
2312	614.24
2313	667.07
2314	715.21
2315	719.42
2316	690.55
2317	659.58
2318	650.78
2319	675.78
2320	736.27
2321	816.99
2322	888.64
2323	923.71
2324	908.55
2325	842.10
2326	742.72
2327	657.91
2328	637.99
2329	694.22
2330	789.67
2331	877.92
2332	932.02
2333	943.04
2334	912.74
2335	855.29
2336	790.27
2337	734.13
2338	697.45
2339	684.10
2340	685.13
2341	683.33
2342	669.28
2343	652.47
2344	650.39
2345	676.42
2346	735.93
2347	819.91
2348	891.27
2349	904.68
2350	855.25
2351	798.41
2352	789.81
2353	819.78
2354	831.86
2355	794.26
2356	736.73
2357	702.55
2358	693.69
2359	677.97
2360	643.54
2361	630.51
2362	681.86
2363	775.67
2364	838.89
2365	834.77
2366	812.53
2367	830.35
2368	861.08
2369	821.07
2370	694.40
2371	587.95
2372	605.73
2373	717.72
2374	812.74
2375	824.28
2376	766.61
2377	684.67
2378	628.26
2379	634.30
2380	696.78
2381	773.11
2382	817.67
2383	798.62
2384	712.05
2385	604.18
2386	538.03
2387	541.59
2388	603.93
2389	696.87
2390	783.88
2391	831.51
2392	820.49
2393	753.97
2394	675.98
2395	642.77
2396	652.95
2397	649.44
2398	620.31
2399	640.57
2400	750.67
2401	853.60
2402	836.48
2403	728.38
2404	639.00
2405	616.00
2406	629.72
2407	627.34
2408	569.61
2409	486.54
2410	482.20
2411	591.60
2412	697.01
2413	698.76
2414	658.03
2415	662.50
2416	680.54
2417	655.88
2418	643.20
2419	705.69
2420	738.34
2421	610.31
2422	448.44
2423	480.66
2424	653.12
2425	736.04
2426	694.37
2427	664.09
2428	715.92
2429	813.73
2430	868.89
2431	816.22
2432	709.92
2433	654.21
2434	660.02
2435	674.06
2436	668.44
2437	652.27
2438	658.38
2439	713.20
2440	806.09
2441	884.85
2442	870.46
2443	731.21
2444	529.49
2445	394.36
2446	431.07
2447	565.03
2448	641.18
2449	668.18
2450	710.83
