150	3243.52
151	3248.71
152	3262.03
153	3283.20
154	3310.21
155	3340.97
156	3373.38
157	3405.35
158	3434.77
159	3459.57
160	3478.07
161	3489.80
162	3495.63
163	3496.80
164	3494.62
165	3490.37
166	3485.35
167	3480.85
168	3478.16
169	3478.36
170	3481.88
171	3488.42
172	3497.44
173	3508.40
174	3520.73
175	3533.90
176	3547.33
177	3560.50
178	3572.98
179	3584.86
180	3596.74
181	3609.41
182	3623.67
183	3640.32
184	3660.16
185	3683.99
186	3712.60
187	3746.48
188	3785.20
189	3827.23
190	3870.73
191	3913.80
192	3954.55
193	3991.09
194	4021.53
195	4044.00
196	4057.06
197	4060.61
198	4056.08
199	4045.34
200	4030.32
201	4012.97
202	3995.21
203	3978.98
204	3966.18
205	3958.43
206	3956.30
207	3959.38
208	3966.90
209	3978.07
210	3992.11
211	4008.23
212	4025.65
213	4043.58
214	4061.43
215	4079.06
216	4096.83
217	4115.24
218	4134.79
219	4155.99
220	4179.33
221	4205.34
222	4234.48
223	4266.98
224	4302.27
225	4339.16
226	4376.24
227	4412.11
228	4445.35
229	4474.56
230	4498.33
231	4515.30
232	4524.55
233	4526.29
234	4521.63
235	4511.91
236	4498.48
237	4482.67
238	4465.83
239	4449.32
240	4434.44
241	4422.25
242	4413.25
243	4407.52
244	4405.05
245	4405.85
246	4409.91
247	4417.23
248	4427.79
249	4441.59
250	4458.62
251	4478.86
252	4502.27
253	4528.82
254	4558.46
255	4591.18
256	4626.92
257	4665.66
258	4707.30
259	4751.39
260	4796.96
261	4842.70
262	4887.28
263	4929.37
264	4967.64
265	5000.75
266	5027.37
267	5046.35
268	5057.31
269	5060.95
270	5058.42
271	5050.95
272	5039.77
273	5026.09
274	5011.13
275	4996.11
276	4982.16
277	4970.08
278	4960.31
279	4953.14
280	4948.87
281	4947.79
282	4950.18
283	4956.35
284	4966.55
285	4980.86
286	4998.71
287	5018.99
288	5040.44
289	5061.78
290	5081.73
291	5099.00
292	5112.32
293	5120.47
294	5122.76
295	5119.70
296	5112.62
297	5103.04
298	5092.52
299	5082.60
300	5074.80
301	5070.66
302	5071.59
303	5078.32
304	5090.27
305	5106.22
306	5124.82
307	5144.71
308	5164.55
309	5182.99
310	5198.68
311	5210.45
312	5217.82
313	5221.27
314	5221.67
315	5219.91
316	5216.91
317	5213.58
318	5210.81
319	5209.51
320	5210.36
321	5213.42
322	5218.14
323	5223.76
324	5229.52
325	5234.66
326	5238.42
327	5240.04
328	5238.79
329	5234.26
330	5226.75
331	5217.07
332	5206.14
333	5194.88
334	5184.20
335	5175.03
336	5168.29
337	5164.80
338	5164.95
339	5168.33
340	5174.18
341	5181.69
342	5190.03
343	5198.39
344	5205.93
345	5211.85
346	5215.40
347	5216.16
348	5214.03
349	5209.02
350	5201.17
351	5190.51
352	5177.07
353	5160.88
354	5142.00
355	5120.73
356	5097.94
357	5074.98
358	5053.28
359	5034.28
360	5019.43
361	5010.17
362	5007.95
363	5014.04
364	5028.95
365	5051.83
366	5081.17
367	5115.36
368	5152.77
369	5191.79
370	5230.79
371	5268.17
372	5302.51
373	5333.01
374	5359.58
375	5382.35
376	5401.47
377	5417.09
378	5429.36
379	5438.45
380	5444.51
381	5447.89
382	5449.29
383	5449.68
384	5450.05
385	5451.42
386	5454.81
387	5461.22
388	5471.67
389	5486.98
390	5507.16
391	5531.08
392	5557.10
393	5583.54
394	5608.71
395	5630.91
396	5648.45
397	5659.69
398	5663.60
399	5660.82
400	5653.41
401	5643.83
402	5634.58
403	5628.12
404	5626.95
405	5633.53
406	5650.07
407	5677.35
408	5713.64
409	5755.93
410	5801.06
411	5845.81
412	5887.00
413	5921.42
414	5945.93
415	5958.02
416	5957.22
417	5945.09
418	5923.84
419	5895.69
420	5862.90
421	5827.70
422	5792.34
423	5758.99
424	5729.45
425	5704.75
426	5685.52
427	5672.31
428	5665.67
429	5666.14
430	5674.27
431	5690.58
432	5715.23
433	5747.14
434	5783.93
435	5822.78
436	5860.85
437	5895.28
438	5923.23
439	5941.85
440	5948.53
441	5942.04
442	5923.93
443	5897.30
444	5865.55
445	5832.08
446	5800.31
447	5773.63
448	5755.40
449	5748.35
450	5753.08
451	5767.96
452	5790.69
453	5818.87
454	5850.12
455	5882.05
456	5912.29
457	5938.60
458	5959.52
459	5975.13
460	5986.27
461	5993.91
462	5999.06
463	6002.71
464	6005.84
465	6009.43
466	6014.27
467	6020.56
468	6027.99
469	6036.07
470	6044.30
471	6052.18
472	6059.22
473	6064.92
474	6068.85
475	6070.78
476	6070.91
477	6069.60
478	6067.23
479	6064.18
480	6060.85
481	6057.63
482	6054.91
483	6053.19
484	6053.21
485	6055.88
486	6062.19
487	6073.11
488	6089.61
489	6112.66
490	6143.23
491	6181.92
492	6228.00
493	6279.00
494	6331.81
495	6383.24
496	6430.08
497	6469.17
498	6497.29
499	6511.52
500	6510.36
501	6495.35
502	6469.73
503	6437.10
504	6401.07
505	6365.24
506	6333.21
507	6308.52
508	6293.83
509	6289.27
510	6292.58
511	6300.84
512	6311.09
513	6320.34
514	6325.63
515	6323.99
516	6312.94
517	6291.85
518	6262.91
519	6229.43
520	6194.84
521	6162.61
522	6136.21
523	6119.07
524	6114.41
525	6123.78
526	6145.24
527	6174.73
528	6207.77
529	6239.85
530	6266.47
531	6283.12
532	6285.41
533	6270.07
534	6237.26
535	6190.15
536	6132.83
537	6069.41
538	6004.02
539	5940.81
540	5883.86
541	5836.78
542	5801.19
543	5776.03
544	5759.22
545	5748.58
546	5741.91
547	5737.00
548	5731.68
549	5723.94
550	5712.75
551	5698.99
552	5684.51
553	5671.32
554	5661.47
555	5656.97
556	5659.85
557	5672.03
558	5694.60
559	5726.53
560	5765.28
561	5807.96
562	5851.62
563	5893.36
564	5930.24
565	5959.40
566	5978.68
567	5988.21
568	5990.40
569	5988.32
570	5985.14
571	5984.01
572	5988.08
573	6000.48
574	6023.89
575	6059.14
576	6104.62
577	6157.76
578	6215.87
579	6276.26
580	6336.25
581	6393.15
582	6444.47
583	6488.67
584	6525.86
585	6556.96
586	6583.02
587	6605.11
588	6624.28
589	6641.58
590	6658.05
591	6674.47
592	6691.14
593	6708.06
594	6725.16
595	6742.36
596	6759.60
597	6776.81
598	6793.90
599	6810.66
600	6826.56
601	6840.83
602	6852.63
603	6861.12
604	6865.46
605	6864.81
606	6858.33
607	6845.26
608	6825.04
609	6797.28
610	6761.68
611	6717.93
612	6665.71
613	6604.71
614	6534.66
615	6455.73
616	6369.68
617	6280.10
618	6191.19
619	6107.19
620	6032.38
621	5970.99
622	5927.25
623	5904.59
624	5903.31
625	5919.52
626	5947.73
627	5982.26
628	6017.42
629	6047.52
630	6066.91
631	6070.55
632	6056.25
633	6026.15
634	5984.27
635	5934.86
636	5882.22
637	5830.60
638	5784.29
639	5747.18
640	5721.43
641	5706.18
642	5699.14
643	5697.81
644	5699.66
645	5702.19
646	5702.87
647	5699.35
648	5690.07
649	5674.99
650	5654.86
651	5630.56
652	5602.96
653	5572.96
654	5541.43
655	5509.28
656	5477.63
657	5447.91
658	5421.76
659	5400.88
660	5386.95
661	5381.65
662	5386.65
663	5403.48
664	5432.67
665	5472.70
666	5520.89
667	5574.31
668	5630.04
669	5685.15
670	5736.72
671	5782.00
672	5819.38
673	5849.68
674	5875.12
675	5898.19
676	5921.43
677	5947.36
678	5978.49
679	6017.20
680	6065.05
681	6121.79
682	6186.13
683	6256.57
684	6331.60
685	6409.71
686	6489.37
687	6569.16
688	6648.11
689	6726.21
690	6804.02
691	6882.22
692	6961.48
693	7042.49
694	7125.91
695	7212.36
696	7301.97
697	7394.01
698	7487.20
699	7580.20
700	7671.64
701	7760.18
702	7844.45
703	7923.26
704	7996.34
705	8065.13
706	8131.99
707	8199.43
708	8269.99
709	8346.20
710	8430.56
711	8525.28
712	8630.92
713	8745.11
714	8864.12
715	8983.94
716	9100.58
717	9210.04
718	9308.33
719	9391.81
720	9458.34
721	9508.25
722	9542.96
723	9564.03
724	9573.05
725	9571.58
726	9561.20
727	9543.29
728	9518.44
729	9486.19
730	9445.61
731	9395.72
732	9335.57
733	9264.18
734	9180.60
735	9084.40
736	8977.01
737	8862.09
738	8744.09
739	8627.54
740	8516.99
741	8416.96
742	8331.93
743	8265.57
744	8218.93
745	8190.46
746	8177.79
747	8178.49
748	8190.14
749	8210.29
750	8236.55
751	8266.74
752	8299.37
753	8333.51
754	8368.35
755	8403.12
756	8437.01
757	8469.26
758	8499.10
759	8526.01
760	8550.00
761	8571.41
762	8590.68
763	8608.25
764	8624.55
765	8640.01
766	8655.01
767	8669.67
768	8683.53
769	8695.90
770	8706.02
771	8713.12
772	8716.44
773	8715.23
774	8708.85
775	8697.19
776	8680.91
777	8661.00
778	8638.50
779	8614.43
780	8589.82
781	8565.71
782	8543.15
783	8523.17
784	8506.89
785	8495.39
786	8489.77
787	8491.13
788	8500.56
789	8519.17
790	8548.06
791	8588.37
792	8641.26
793	8707.90
794	8789.46
795	8887.09
796	9001.97
797	9135.12
798	9286.66
799	9454.89
800	9637.03
801	9830.07
802	10031.03
803	10236.89
804	10444.66
805	10651.72
806	10857.02
807	11061.87
808	11268.62
809	11479.73
810	11697.67
811	11924.92
812	12163.97
813	12417.43
814	12688.38
815	12980.35
816	13297.01
817	13642.05
818	14019.17
819	14432.04
820	14884.03
821	15376.12
822	15903.50
823	16457.42
824	17028.21
825	17606.15
826	18181.52
827	18744.62
828	19286.34
829	19800.30
830	20284.77
831	20740.11
832	21167.06
833	21566.35
834	21938.71
835	22284.82
836	22604.87
837	22897.29
838	23158.64
839	23384.87
840	23571.88
841	23715.57
842	23811.84
843	23857.00
844	23850.20
845	23797.29
846	23708.67
847	23595.72
848	23469.88
849	23342.60
850	23225.27
851	23128.35
852	23058.08
853	23014.32
854	22994.14
855	22994.27
856	23011.39
857	23042.21
858	23083.50
859	23132.60
860	23188.76
861	23252.86
862	23326.28
863	23410.45
864	23506.78
865	23616.67
866	23740.99
867	23877.53
868	24018.15
869	24151.51
870	24265.66
871	24348.66
872	24388.55
873	24373.57
874	24294.67
875	24152.41
876	23958.22
877	23727.22
878	23474.91
879	23216.78
880	22968.28
881	22744.21
882	22554.61
883	22398.87
884	22269.66
885	22158.17
886	22055.57
887	21953.00
888	21841.69
889	21714.43
890	21570.03
891	21415.04
892	21258.91
893	21111.45
894	20982.43
895	20881.64
896	20818.41
897	20798.63
898	20819.95
899	20874.36
900	20952.53
901	21045.10
902	21142.70
903	21236.00
904	21316.65
905	21380.22
906	21427.45
907	21461.13
908	21484.26
909	21499.85
910	21510.91
911	21520.21
912	21528.75
913	21533.31
914	21527.77
915	21505.39
916	21459.37
917	21382.92
918	21269.38
919	21113.85
920	20918.40
921	20693.89
922	20454.42
923	20214.43
924	19988.39
925	19790.73
926	19635.21
927	19530.91
928	19476.65
929	19464.88
930	19486.77
931	19533.40
932	19595.86
933	19665.30
934	19733.85
935	19796.86
936	19853.33
937	19903.40
938	19947.34
939	19985.42
940	20017.91
941	20045.09
942	20067.38
943	20085.40
944	20099.91
945	20111.65
946	20121.40
947	20129.92
948	20138.00
949	20146.59
950	20157.16
951	20171.63
952	20192.04
953	20220.42
954	20258.81
955	20309.25
956	20373.43
957	20451.62
958	20542.07
959	20642.19
960	20749.27
961	20860.61
962	20973.52
963	21085.15
964	21191.89
965	21288.31
966	21367.85
967	21423.73
968	21449.14
969	21437.29
970	21381.44
971	21275.66
972	21116.55
973	20903.30
974	20635.83
975	20314.15
976	19938.26
977	19508.21
978	19025.18
979	18495.30
980	17932.44
981	17353.77
982	16776.94
983	16219.60
984	15699.39
985	15233.25
986	14833.26
987	14500.70
988	14230.06
989	14014.40
990	13846.69
991	13719.92
992	13627.13
993	13561.99
994	13520.08
995	13498.77
996	13495.94
997	13509.51
998	13537.41
999	13577.56
1000	13628.08
1001	13687.76
1002	13756.36
1003	13834.02
1004	13920.91
1005	14017.18
1006	14123.01
1007	14238.44
1008	14362.80
1009	14494.09
1010	14629.63
1011	14766.61
1012	14902.21
1013	15033.62
1014	15158.06
1015	15273.05
1016	15376.77
1017	15467.91
1018	15545.29
1019	15607.72
1020	15654.00
1021	15683.04
1022	15694.49
1023	15690.57
1024	15675.85
1025	15655.66
1026	15635.38
1027	15620.36
1028	15615.96
1029	15626.76
1030	15654.52
1031	15697.36
1032	15752.06
1033	15815.24
1034	15883.52
1035	15953.52
1036	16022.01
1037	16086.37
1038	16145.08
1039	16197.08
1040	16241.41
1041	16277.07
1042	16303.12
1043	16318.89
1044	16325.61
1045	16328.31
1046	16334.17
1047	16350.79
1048	16385.80
1049	16446.80
1050	16541.23
1051	16675.21
1052	16851.60
1053	17071.04
1054	17333.62
1055	17639.42
1056	17988.52
1057	18380.76
1058	18813.51
1059	19277.34
1060	19757.08
1061	20235.98
1062	20697.22
1063	21123.97
1064	21499.72
1065	21811.76
1066	22059.62
1067	22254.98
1068	22413.25
1069	22550.15
1070	22681.40
1071	22822.52
1072	22986.22
1073	23174.97
1074	23379.56
1075	23586.70
1076	23782.76
1077	23954.05
1078	24086.98
1079	24169.46
1080	24195.29
1081	24165.91
1082	24085.69
1083	23959.31
1084	23791.48
1085	23586.87
1086	23349.81
1087	23083.10
1088	22787.36
1089	22462.26
1090	22107.42
1091	21722.42
1092	21306.89
1093	20861.35
1094	20390.51
1095	19905.50
1096	19420.30
1097	18949.27
1098	18506.77
1099	18107.11
1100	17762.97
1101	17479.18
1102	17247.72
1103	17054.73
1104	16885.44
1105	16725.05
1106	16558.85
1107	16373.35
1108	16161.36
1109	15926.26
1110	15676.44
1111	15421.04
1112	15169.24
1113	14930.17
1114	14711.86
1115	14516.86
1116	14338.36
1117	14165.10
1118	13985.16
1119	13786.53
1120	13557.33
1121	13286.99
1122	12971.77
1123	12619.34
1124	12242.77
1125	11855.93
1126	11472.76
1127	11107.10
1128	10771.70
1129	10473.74
1130	10211.44
1131	9978.91
1132	9769.66
1133	9577.15
1134	9394.89
1135	9217.08
1136	9041.02
1137	8868.80
1138	8704.61
1139	8552.93
1140	8418.24
1141	8304.99
1142	8216.86
1143	8154.24
1144	8112.81
1145	8086.37
1146	8068.43
1147	8052.54
1148	8032.26
1149	8001.89
1150	7958.60
1151	7903.26
1152	7838.14
1153	7765.65
1154	7688.21
1155	7608.25
1156	7528.13
1157	7450.05
1158	7376.00
1159	7307.91
1160	7247.70
1161	7197.29
1162	7158.55
1163	7132.84
1164	7119.87
1165	7117.75
1166	7124.08
1167	7136.45
1168	7152.42
1169	7169.64
1170	7186.40
1171	7202.82
1172	7220.51
1173	7241.49
1174	7267.80
1175	7301.48
1176	7344.44
1177	7397.51
1178	7459.02
1179	7525.60
1180	7593.44
1181	7658.76
1182	7717.75
1183	7766.90
1184	7804.27
1185	7831.15
1186	7850.60
1187	7866.00
1188	7880.76
1189	7898.27
1190	7921.53
1191	7951.77
1192	7987.29
1193	8025.11
1194	8062.03
1195	8094.87
1196	8120.48
1197	8136.27
1198	8141.92
1199	8139.87
1200	8133.56
1201	8126.56
1202	8122.44
1203	8124.75
1204	8136.68
1205	8160.38
1206	8197.04
1207	8247.54
1208	8312.77
1209	8393.57
1210	8490.67
1211	8603.66
1212	8729.40
1213	8862.85
1214	8998.55
1215	9131.00
1216	9254.75
1217	9364.79
1218	9458.62
1219	9538.38
1220	9608.54
1221	9673.96
1222	9739.52
1223	9810.08
1224	9889.98
1225	9981.51
1226	10084.32
1227	10197.03
1228	10318.16
1229	10446.21
1230	10579.77
1231	10718.21
1232	10863.26
1233	11018.77
1234	11189.18
1235	11378.99
1236	11592.69
1237	11834.67
1238	12108.76
1239	12417.53
1240	12762.77
1241	13146.13
1242	13569.25
1243	14033.76
1244	14541.16
1245	15092.34
1246	15687.31
1247	16325.71
1248	17007.13
1249	17731.14
1250	18497.17
1251	19302.68
1252	20139.10
1253	20992.10
1254	21845.61
1255	22683.46
1256	23489.47
1257	24248.05
1258	24947.44
1259	25584.11
1260	26159.52
1261	26676.15
1262	27136.50
1263	27543.03
1264	27897.05
1265	28195.10
1266	28427.17
1267	28580.63
1268	28642.55
1269	28600.01
1270	28440.73
1271	28158.62
1272	27764.88
1273	27285.01
1274	26748.29
1275	26184.28
1276	25622.44
1277	25090.43
1278	24606.29
1279	24170.78
1280	23776.11
1281	23413.04
1282	23072.29
1283	22744.86
1284	22425.60
1285	22122.06
1286	21855.05
1287	21649.64
1288	21531.25
1289	21525.23
1290	21655.17
1291	21933.29
1292	22347.88
1293	22873.04
1294	23480.09
1295	24140.23
1296	24824.68
1297	25505.33
1298	26156.45
1299	26755.17
1300	27279.67
1301	27708.21
1302	28019.11
1303	28191.53
1304	28210.77
1305	28076.15
1306	27796.01
1307	27380.69
1308	26840.59
1309	26186.23
1310	25429.97
1311	24591.15
1312	23698.01
1313	22782.03
1314	21875.05
1315	21008.89
1316	20213.89
1317	19510.03
1318	18893.45
1319	18344.83
1320	17841.52
1321	17360.69
1322	16879.69
1323	16378.88
1324	15849.86
1325	15297.79
1326	14732.71
1327	14165.16
1328	13605.71
1329	13064.62
1330	12550.46
1331	12068.10
1332	11620.22
1333	11209.02
1334	10836.72
1335	10505.45
1336	10216.37
1337	9967.40
1338	9752.99
1339	9566.50
1340	9401.18
1341	9250.26
1342	9107.23
1343	8966.81
1344	8825.94
1345	8682.75
1346	8535.54
1347	8382.61
1348	8222.44
1349	8054.86
1350	7883.75
1351	7716.35
1352	7560.84
1353	7425.45
1354	7318.37
1355	7246.52
1356	7211.52
1357	7207.43
1358	7225.24
1359	7255.54
1360	7288.94
1361	7316.36
1362	7330.87
1363	7330.40
1364	7315.93
1365	7289.03
1366	7251.34
1367	7204.46
1368	7149.78
1369	7087.98
1370	7019.04
1371	6942.71
1372	6858.75
1373	6766.89
1374	6667.17
1375	6560.77
1376	6450.77
1377	6341.03
1378	6235.52
1379	6138.23
1380	6052.92
1381	5981.92
1382	5924.23
1383	5876.77
1384	5836.00
1385	5798.36
1386	5760.42
1387	5720.16
1388	5679.93
1389	5646.27
1390	5626.96
1391	5629.86
1392	5662.75
1393	5731.92
1394	5837.27
1395	5969.91
1396	6117.45
1397	6267.04
1398	6405.87
1399	6521.92
1400	6607.87
1401	6665.47
1402	6701.35
1403	6723.04
1404	6738.11
1405	6754.10
1406	6778.29
1407	6817.40
1408	6877.65
1409	6965.18
1410	7086.12
1411	7246.46
1412	7450.58
1413	7697.60
1414	7981.32
1415	8293.90
1416	8627.34
1417	8973.77
1418	9327.16
1419	9689.10
1420	10071.43
1421	10489.99
1422	10961.09
1423	11501.07
1424	12126.08
1425	12851.51
1426	13691.33
1427	14658.86
1428	15767.28
1429	17029.71
1430	18457.15
1431	20046.70
1432	21765.38
1433	23562.11
1434	25382.09
1435	27170.38
1436	28872.75
1437	30441.00
1438	31842.51
1439	33056.30
1440	34064.25
1441	34848.46
1442	35391.63
1443	35683.51
1444	35734.97
1445	35576.14
1446	35242.69
1447	34770.68
1448	34196.05
1449	33552.68
1450	32867.45
1451	32159.59
1452	31445.83
1453	30742.65
1454	30066.34
1455	29429.52
1456	28830.72
1457	28250.66
1458	27663.39
1459	27042.28
1460	26360.83
1461	25596.33
1462	24742.35
1463	23815.86
1464	22843.46
1465	21852.97
1466	20872.19
1467	19926.73
1468	19031.98
1469	18187.01
1470	17383.55
1471	16612.27
1472	15863.83
1473	15129.88
1474	14406.94
1475	13700.03
1476	13018.26
1477	12371.39
1478	11769.15
1479	11220.25
1480	10727.85
1481	10284.88
1482	9879.08
1483	9497.30
1484	9126.43
1485	8754.47
1486	8375.88
1487	7997.35
1488	7632.03
1489	7294.19
1490	6998.12
1491	6756.71
1492	6575.13
1493	6443.49
1494	6343.89
1495	6257.01
1496	6163.51
1497	6045.45
1498	5892.96
1499	5711.58
1500	5515.11
1501	5318.78
1502	5137.85
1503	4986.49
1504	4872.75
1505	4793.26
1506	4738.74
1507	4698.86
1508	4663.29
1509	4622.28
1510	4569.31
1511	4503.55
1512	4427.01
1513	4342.18
1514	4251.53
1515	4157.53
1516	4062.44
1517	3968.18
1518	3876.53
1519	3789.24
1520	3708.07
1521	3634.66
1522	3570.21
1523	3515.24
1524	3470.01
1525	3434.70
1526	3409.48
1527	3394.21
1528	3387.36
1529	3385.61
1530	3384.88
1531	3381.04
1532	3369.98
1533	3348.35
1534	3315.53
1535	3274.13
1536	3227.85
1537	3180.55
1538	3136.02
1539	3097.70
1540	3067.75
1541	3047.11
1542	3036.33
1543	3035.92
1544	3046.28
1545	3066.64
1546	3092.98
1547	3118.59
1548	3136.04
1549	3137.89
1550	3117.10
1551	3069.92
1552	3000.30
1553	2917.37
1554	2831.46
1555	2752.90
1556	2691.46
1557	2653.53
1558	2638.93
1559	2643.91
1560	2664.07
1561	2695.01
1562	2732.15
1563	2770.35
1564	2803.54
1565	2825.27
1566	2829.01
1567	2808.38
1568	2759.00
1569	2683.85
1570	2594.46
1571	2505.37
1572	2431.41
1573	2387.02
1574	2382.63
1575	2417.09
1576	2479.18
1577	2554.90
1578	2630.08
1579	2691.15
1580	2728.58
1581	2741.94
1582	2736.54
1583	2718.92
1584	2695.66
1585	2672.89
1586	2654.60
1587	2641.28
1588	2631.76
1589	2624.65
1590	2618.55
1591	2612.52
1592	2607.19
1593	2604.99
1594	2608.99
1595	2622.31
1596	2647.88
1597	2686.99
1598	2736.53
1599	2789.99
1600	2839.94
1601	2878.99
1602	2900.39
1603	2901.28
1604	2886.19
1605	2863.46
1606	2842.14
1607	2831.22
1608	2838.51
1609	2867.19
1610	2914.68
1611	2976.30
1612	3047.16
1613	3122.47
1614	3198.84
1615	3276.47
1616	3358.43
1617	3448.52
1618	3550.59
1619	3668.18
1620	3803.38
1621	3955.55
1622	4122.75
1623	4302.78
1624	4493.51
1625	4693.68
1626	4904.98
1627	5132.42
1628	5382.07
1629	5660.13
1630	5972.89
1631	6327.30
1632	6731.86
1633	7196.07
1634	7729.66
1635	8342.35
1636	9044.04
1637	9845.18
1638	10757.03
1639	11791.18
1640	12959.27
1641	14272.80
1642	15742.08
1643	17374.18
1644	19173.62
1645	21144.25
1646	23289.68
1647	25609.17
1648	28081.04
1649	30649.39
1650	33242.73
1651	35787.24
1652	38208.67
1653	40429.71
1654	42363.89
1655	43916.67
1656	44991.21
1657	45490.98
1658	45329.93
1659	44475.46
1660	42987.70
1661	40971.36
1662	38538.25
1663	35800.21
1664	32865.96
1665	29835.03
1666	26798.60
1667	23845.48
1668	21064.04
1669	18536.46
1670	16313.99
1671	14395.71
1672	12756.18
1673	11366.15
1674	10196.28
1675	9217.90
1676	8404.24
1677	7730.12
1678	7170.79
1679	6701.57
1680	6298.98
1681	5944.75
1682	5628.55
1683	5343.41
1684	5082.84
1685	4840.53
1686	4611.61
1687	4394.77
1688	4191.21
1689	4002.76
1690	3831.24
1691	3678.30
1692	3544.78
1693	3430.62
1694	3335.38
1695	3258.61
1696	3199.65
1697	3156.75
1698	3125.94
1699	3102.02
1700	3079.52
1701	3053.17
1702	3019.34
1703	2979.52
1704	2939.76
1705	2907.49
1706	2890.16
1707	2894.09
1708	2920.76
1709	2964.52
1710	3016.76
1711	3068.50
1712	3111.24
1713	3139.84
1714	3156.66
1715	3168.63
1716	3183.68
1717	3209.65
1718	3253.17
1719	3317.09
1720	3400.64
1721	3502.01
1722	3619.31
1723	3751.11
1724	3897.94
1725	4063.12
1726	4251.10
1727	4466.44
1728	4713.32
1729	4993.39
1730	5303.16
1731	5636.21
1732	5985.59
1733	6344.34
1734	6705.71
1735	7063.63
1736	7412.51
1737	7746.93
1738	8061.44
1739	8350.47
1740	8607.98
1741	8827.39
1742	9001.94
1743	9124.85
1744	9189.64
1745	9191.14
1746	9126.16
1747	8992.43
1748	8787.82
1749	8511.07
1750	8166.21
1751	7768.05
1752	7337.46
1753	6896.49
1754	6466.53
1755	6063.48
1756	5689.19
1757	5335.19
1758	4990.48
1759	4644.28
1760	4289.49
1761	3930.44
1762	3582.18
1763	3262.97
1764	2991.07
1765	2781.34
1766	2636.07
1767	2542.68
1768	2483.37
1769	2439.87
1770	2395.59
1771	2341.20
1772	2277.93
1773	2211.34
1774	2147.54
1775	2092.18
1776	2048.29
1777	2014.43
1778	1987.02
1779	1962.13
1780	1936.15
1781	1907.23
1782	1877.12
1783	1849.51
1784	1828.50
1785	1817.85
1786	1819.25
1787	1829.67
1788	1843.12
1789	1853.01
1790	1852.95
1791	1838.61
1792	1810.65
1793	1773.27
1794	1731.47
1795	1690.22
1796	1653.88
1797	1625.15
1798	1605.47
1799	1595.94
1800	1597.52
1801	1609.85
1802	1628.92
1803	1647.74
1804	1658.49
1805	1653.60
1806	1628.23
1807	1585.48
1808	1535.27
1809	1489.41
1810	1459.57
1811	1454.56
1812	1474.93
1813	1513.87
1814	1562.51
1815	1611.93
1816	1654.17
1817	1684.13
1818	1699.19
1819	1697.47
1820	1677.31
1821	1638.86
1822	1587.58
1823	1533.48
1824	1487.83
1825	1461.64
1826	1462.45
1827	1488.23
1828	1529.00
1829	1572.66
1830	1607.28
1831	1623.63
1832	1619.59
1833	1598.56
1834	1565.36
1835	1524.91
1836	1482.54
1837	1444.49
1838	1417.69
1839	1409.18
1840	1425.41
1841	1468.65
1842	1531.65
1843	1601.16
1844	1662.66
1845	1702.57
1846	1713.22
1847	1698.89
1848	1670.53
1849	1640.32
1850	1619.26
1851	1612.07
1852	1612.44
1853	1608.75
1854	1588.59
1855	1541.57
1856	1466.19
1857	1374.09
1858	1282.41
1859	1208.84
1860	1168.41
1861	1166.13
1862	1194.92
1863	1243.41
1864	1299.89
1865	1353.85
1866	1398.60
1867	1431.12
1868	1449.50
1869	1452.14
1870	1439.30
1871	1416.03
1872	1391.00
1873	1373.73
1874	1373.07
1875	1393.33
1876	1429.42
1877	1470.80
1878	1505.92
1879	1524.40
1880	1521.54
1881	1501.67
1882	1473.17
1883	1444.88
1884	1424.17
1885	1412.95
1886	1406.78
1887	1399.01
1888	1383.04
1889	1354.66
1890	1316.41
1891	1276.46
1892	1244.42
1893	1229.40
1894	1236.41
1895	1262.03
1896	1297.85
1897	1334.58
1898	1363.92
1899	1382.28
1900	1392.92
1901	1402.00
1902	1415.92
1903	1439.30
1904	1471.17
1905	1505.02
1906	1532.68
1907	1546.29
1908	1541.19
1909	1519.93
1910	1489.70
1911	1458.66
1912	1434.12
1913	1419.30
1914	1411.30
1915	1404.54
1916	1393.30
1917	1373.81
1918	1348.57
1919	1325.93
1920	1315.99
1921	1328.07
1922	1365.94
1923	1421.71
1924	1480.72
1925	1527.13
1926	1547.51
1927	1538.03
1928	1507.17
1929	1468.02
1930	1433.78
1931	1414.11
1932	1409.61
1933	1414.11
1934	1419.83
1935	1419.62
1936	1409.85
1937	1392.42
1938	1371.68
1939	1352.26
1940	1338.09
1941	1331.02
1942	1331.05
1943	1337.65
1944	1350.20
1945	1367.76
1946	1388.75
1947	1411.32
1948	1433.57
1949	1453.36
1950	1467.89
1951	1473.76
1952	1467.37
1953	1445.58
1954	1407.66
1955	1357.31
1956	1300.43
1957	1243.32
1958	1192.15
1959	1152.75
1960	1130.61
1961	1131.09
1962	1158.39
1963	1211.05
1964	1277.77
1965	1342.56
1966	1389.16
1967	1405.96
1968	1394.56
1969	1367.77
1970	1341.28
1971	1328.94
1972	1335.40
1973	1351.56
1974	1362.57
1975	1353.56
1976	1315.91
1977	1256.20
1978	1191.57
1979	1141.39
1980	1121.70
1981	1135.94
1982	1172.70
1983	1215.40
1984	1247.96
1985	1260.14
1986	1252.85
1987	1232.94
1988	1208.25
1989	1186.13
1990	1172.38
1991	1171.48
1992	1187.47
1993	1222.90
1994	1274.26
1995	1330.02
1996	1375.55
1997	1397.05
1998	1387.98
1999	1356.46
2000	1318.82
2001	1292.49
2002	1290.26
2003	1311.67
2004	1345.19
2005	1376.35
2006	1392.24
2007	1386.62
2008	1361.49
2009	1321.89
2010	1273.39
2011	1222.65
2012	1178.26
2013	1149.73
2014	1146.00
2015	1170.69
2016	1214.62
2017	1259.88
2018	1287.06
2019	1282.01
2020	1247.18
2021	1200.55
2022	1164.53
2023	1158.01
2024	1185.08
2025	1230.88
2026	1273.64
2027	1293.00
2028	1279.47
2029	1241.75
2030	1196.95
2031	1162.61
2032	1150.58
2033	1160.74
2034	1185.91
2035	1217.75
2036	1249.59
2037	1279.29
2038	1307.97
2039	1337.41
2040	1367.94
2041	1395.31
2042	1411.18
2043	1406.21
2044	1373.72
2045	1316.59
2046	1248.12
2047	1184.97
2048	1141.83
2049	1124.52
2050	1127.33
2051	1140.28
2052	1153.97
2053	1163.60
2054	1171.36
2055	1182.30
2056	1200.96
2057	1227.26
2058	1253.45
2059	1268.24
2060	1261.29
2061	1230.26
2062	1187.48
2063	1152.71
2064	1145.00
2065	1172.27
2066	1220.46
2067	1263.64
2068	1275.73
2069	1242.95
2070	1176.97
2071	1103.90
2072	1051.19
2073	1037.25
2074	1061.12
2075	1110.56
2076	1171.35
2077	1231.12
2078	1281.54
2079	1316.75
2080	1331.80
2081	1324.53
2082	1298.68
2083	1261.34
2084	1220.19
2085	1182.28
2086	1153.30
2087	1138.14
2088	1140.53
2089	1158.27
2090	1177.85
2091	1179.85
2092	1146.69
2093	1076.05
2094	992.89
2095	935.41
2096	938.60
2097	1011.83
2098	1122.97
2099	1221.52
2100	1261.76
2101	1230.10
2102	1158.74
2103	1097.98
2104	1091.15
2105	1146.36
2106	1228.51
2107	1287.71
2108	1284.03
2109	1215.77
2110	1120.59
2111	1047.37
2112	1033.21
2113	1078.78
2114	1153.96
2115	1221.57
2116	1254.40
2117	1250.38
2118	1224.48
2119	1194.81
2120	1174.90
2121	1169.05
2122	1176.50
2123	1194.81
2124	1218.18
2125	1235.61
2126	1234.18
2127	1204.33
2128	1149.89
2129	1090.08
2130	1048.81
2131	1044.30
2132	1077.10
2133	1132.90
2134	1194.06
2135	1247.71
2136	1292.00
2137	1331.70
2138	1371.73
2139	1411.10
2140	1439.47
2141	1442.55
2142	1409.66
2143	1344.41
2144	1266.09
2145	1198.41
2146	1159.09
2147	1149.60
2148	1159.43
2149	1175.86
2150	1189.41
2151	1196.69
2152	1197.27
2153	1191.57
2154	1181.10
2155	1168.68
2156	1157.30
2157	1148.24
2158	1138.26
2159	1120.94
2160	1090.24
2161	1045.69
2162	996.09
2163	954.26
2164	931.59
2165	932.79
2166	955.96
2167	996.82
2168	1048.73
2169	1100.50
2170	1138.45
2171	1151.24
2172	1138.47
2173	1113.25
2174	1092.80
2175	1088.32
2176	1095.10
2177	1097.58
2178	1080.94
2179	1044.17
2180	1005.99
2181	991.85
2182	1017.38
2183	1070.06
2184	1116.28
2185	1122.13
2186	1075.55
2187	997.18
2188	920.49
2189	873.12
2190	862.86
2191	882.42
2192	920.44
2193	964.20
2194	999.33
2195	1011.71
2196	994.28
2197	957.30
2198	922.74
2199	910.81
2200	924.63
2201	946.24
2202	951.80
2203	928.35
2204	887.29
2205	853.58
2206	847.76
2207	867.69
2208	888.94
2209	884.10
2210	843.71
2211	788.41
2212	751.12
2213	754.90
2214	793.30
2215	839.04
2216	864.80
2217	860.78
2218	837.50
2219	811.99
2220	799.80
2221	812.69
2222	859.49
2223	939.77
2224	1030.63
2225	1093.52
2226	1095.22
2227	1033.83
2228	941.29
2229	857.41
2230	807.48
2231	792.55
2232	803.17
2233	829.22
2234	862.48
2235	895.81
2236	921.30
2237	928.29
2238	904.28
2239	842.42
2240	758.23
2241	692.25
2242	685.88
2243	746.36
2244	828.49
2245	870.42
2246	840.28
2247	769.63
2248	720.70
2249	737.67
2250	808.04
2251	882.67
2252	917.73
2253	907.81
2254	879.13
2255	859.51
2256	854.54
2257	847.08
2258	816.96
2259	758.95
2260	686.32
2261	618.86
2262	576.49
2263	578.18
2264	637.75
2265	746.16
2266	858.78
2267	920.99
2268	906.33
2269	841.11
2270	774.22
2271	741.98
2272	749.58
2273	785.55
2274	833.07
2275	870.27
2276	875.00
2277	839.54
2278	786.55
2279	753.24
2280	763.33
2281	805.94
2282	851.35
2283	873.04
2284	858.86
2285	806.78
2286	727.28
2287	652.68
2288	623.45
2289	660.09
2290	740.91
2291	824.91
2292	882.88
2293	913.40
2294	926.96
2295	927.24
2296	903.61
2297	843.59
2298	754.57
2299	673.32
2300	641.10
2301	671.05
2302	739.46
2303	811.16
2304	856.86
2305	855.84
2306	800.17
2307	711.99
2308	637.60
2309	615.33
2310	646.32
2311	706.11
2312	769.93
2313	824.80
2314	864.65
2315	884.90
2316	881.59
2317	854.11
2318	814.05
2319	786.80
2320	791.64
2321	814.48
2322	814.09
2323	766.09
2324	704.23
2325	691.32
2326	750.57
2327	824.77
2328	837.56
2329	778.98
2330	721.38
2331	734.65
2332	802.55
2333	845.85
2334	816.22
2335	759.36
2336	754.52
2337	820.82
2338	892.20
2339	899.11
2340	848.80
2341	806.71
2342	820.10
2343	873.14
2344	921.16
2345	927.09
2346	870.85
2347	756.99
2348	636.03
2349	577.66
2350	610.95
2351	698.94
2352	784.49
2353	826.39
2354	804.21
2355	729.07
2356	655.41
2357	636.45
2358	664.67
2359	684.58
2360	668.55
2361	661.17
2362	716.39
2363	814.45
2364	875.36
2365	853.65
2366	792.25
2367	756.09
2368	758.82
2369	772.42
2370	783.53
2371	815.34
2372	879.06
2373	918.42
2374	857.23
2375	718.84
2376	642.84
2377	712.70
2378	817.12
2379	797.43
2380	663.63
2381	567.19
2382	594.35
2383	679.01
2384	724.04
2385	698.48
2386	624.93
2387	563.13
2388	581.19
2389	677.60
2390	755.70
2391	740.67
2392	675.36
2393	638.61
2394	636.50
2395	624.48
2396	593.87
2397	582.94
2398	606.45
2399	624.14
2400	606.90
2401	592.34
2402	632.02
2403	722.29
2404	813.00
2405	835.31
2406	743.07
2407	600.72
2408	564.21
2409	682.67
2410	822.87
2411	861.47
2412	808.56
2413	718.54
2414	616.78
2415	523.70
2416	485.18
2417	528.16
2418	598.04
2419	623.28
2420	620.64
2421	648.99
2422	703.71
2423	741.80
2424	767.39
2425	807.90
2426	830.63
2427	780.77
2428	693.15
2429	651.56
2430	659.48
2431	658.79
2432	625.65
2433	593.71
2434	639.35
2435	774.06
2436	820.79
2437	647.84
2438	452.12
2439	451.59
2440	555.42
2441	610.97
2442	629.92
2443	680.56
2444	775.39
2445	824.67
2446	730.38
2447	618.76
2448	683.46
2449	812.91
2450	830.94
