150	3188.63
151	3180.30
152	3170.13
153	3161.27
154	3155.09
155	3152.89
156	3155.95
157	3165.57
158	3183.02
159	3209.56
160	3246.01
161	3291.72
162	3344.54
163	3401.83
164	3460.90
165	3519.09
166	3573.71
167	3622.08
168	3661.56
169	3689.99
170	3706.90
171	3713.63
172	3712.12
173	3704.38
174	3692.39
175	3678.16
176	3663.69
177	3650.95
178	3641.64
179	3636.46
180	3635.03
181	3636.58
182	3640.33
183	3645.49
184	3651.27
185	3656.88
186	3661.54
187	3664.65
188	3666.22
189	3666.95
190	3667.75
191	3669.57
192	3673.33
193	3679.98
194	3690.46
195	3705.69
196	3726.32
197	3752.15
198	3782.03
199	3814.50
200	3848.07
201	3881.26
202	3912.58
203	3940.54
204	3963.68
205	3980.84
206	3991.83
207	3997.48
208	3998.93
209	3997.34
210	3993.88
211	3989.71
212	3986.00
213	3983.91
214	3984.50
215	3988.50
216	3996.38
217	4008.48
218	4025.16
219	4046.78
220	4073.68
221	4106.21
222	4144.70
223	4189.10
224	4238.32
225	4290.38
226	4343.04
227	4394.05
228	4441.14
229	4482.07
230	4514.58
231	4536.50
232	4546.41
233	4544.85
234	4533.90
235	4516.01
236	4493.66
237	4469.33
238	4445.51
239	4424.68
240	4409.22
241	4401.00
242	4400.53
243	4407.43
244	4421.11
245	4440.99
246	4466.47
247	4496.96
248	4531.88
249	4570.59
250	4612.29
251	4655.77
252	4699.62
253	4742.38
254	4782.56
255	4818.70
256	4849.34
257	4873.00
258	4888.39
259	4895.01
260	4893.76
261	4886.29
262	4874.33
263	4859.61
264	4843.88
265	4828.88
266	4816.34
267	4807.85
268	4804.36
269	4805.89
270	4812.10
271	4822.58
272	4836.92
273	4854.72
274	4875.57
275	4899.06
276	4924.66
277	4951.35
278	4977.63
279	5001.78
280	5022.09
281	5036.83
282	5044.28
283	5042.73
284	5030.51
285	5006.75
286	4972.78
287	4931.95
288	4888.21
289	4845.52
290	4807.85
291	4779.16
292	4763.43
293	4764.43
294	4784.46
295	4822.34
296	4874.46
297	4936.71
298	5004.91
299	5074.90
300	5142.52
301	5203.61
302	5254.27
303	5291.91
304	5316.46
305	5329.12
306	5331.33
307	5324.52
308	5310.13
309	5289.60
310	5264.37
311	5235.86
312	5205.43
313	5174.35
314	5143.84
315	5115.13
316	5089.45
317	5068.02
318	5052.07
319	5042.80
320	5041.06
321	5046.68
322	5058.45
323	5074.84
324	5094.30
325	5115.29
326	5136.26
327	5155.65
328	5172.00
329	5184.28
330	5192.60
331	5197.83
332	5201.01
333	5203.19
334	5205.42
335	5208.76
336	5214.25
337	5222.79
338	5234.59
339	5248.61
340	5263.29
341	5276.92
342	5287.82
343	5294.30
344	5294.69
345	5287.32
346	5271.04
347	5246.39
348	5215.94
349	5182.92
350	5150.62
351	5122.35
352	5101.40
353	5091.07
354	5094.50
355	5113.48
356	5146.41
357	5189.15
358	5236.93
359	5284.95
360	5328.41
361	5362.53
362	5382.51
363	5384.11
364	5365.77
365	5330.60
366	5283.97
367	5231.65
368	5179.39
369	5132.96
370	5098.11
371	5080.53
372	5084.80
373	5111.75
374	5158.06
375	5219.08
376	5290.01
377	5366.06
378	5442.44
379	5514.36
380	5577.20
381	5627.51
382	5664.58
383	5689.53
384	5703.91
385	5709.24
386	5707.10
387	5699.01
388	5686.53
389	5671.14
390	5654.04
391	5636.06
392	5617.84
393	5599.99
394	5583.15
395	5567.93
396	5554.96
397	5544.84
398	5538.10
399	5534.94
400	5535.34
401	5539.20
402	5546.42
403	5556.90
404	5570.54
405	5587.23
406	5606.81
407	5628.80
408	5652.17
409	5675.60
410	5697.73
411	5717.21
412	5732.66
413	5742.74
414	5746.11
415	5741.85
416	5730.29
417	5713.04
418	5692.11
419	5669.52
420	5647.31
421	5627.51
422	5612.16
423	5603.15
424	5601.74
425	5607.84
426	5620.64
427	5639.20
428	5662.56
429	5689.79
430	5719.92
431	5752.03
432	5785.16
433	5818.48
434	5851.17
435	5882.46
436	5911.59
437	5937.78
438	5960.26
439	5978.26
440	5991.06
441	5998.20
442	5999.76
443	5996.10
444	5987.67
445	5974.89
446	5958.20
447	5938.04
448	5914.85
449	5889.19
450	5862.03
451	5834.75
452	5808.85
453	5785.87
454	5767.34
455	5754.77
456	5749.69
457	5753.47
458	5766.65
459	5788.16
460	5816.14
461	5848.55
462	5883.35
463	5918.51
464	5952.00
465	5981.81
466	6006.33
467	6025.16
468	6039.00
469	6048.90
470	6055.92
471	6061.12
472	6065.56
473	6070.30
474	6076.35
475	6084.38
476	6094.55
477	6106.82
478	6121.06
479	6137.20
480	6155.11
481	6174.70
482	6195.85
483	6218.29
484	6241.35
485	6264.10
486	6285.50
487	6304.53
488	6320.14
489	6331.31
490	6337.01
491	6336.46
492	6329.68
493	6317.80
494	6302.36
495	6284.93
496	6267.10
497	6250.44
498	6236.53
499	6226.87
500	6222.39
501	6222.86
502	6227.43
503	6235.09
504	6244.84
505	6255.68
506	6266.60
507	6276.62
508	6284.93
509	6291.20
510	6295.59
511	6298.38
512	6299.88
513	6300.39
514	6300.19
515	6299.59
516	6298.80
517	6297.78
518	6296.05
519	6292.97
520	6287.88
521	6280.11
522	6269.01
523	6253.90
524	6234.19
525	6209.69
526	6181.11
527	6149.67
528	6116.72
529	6083.61
530	6051.67
531	6022.25
532	5996.68
533	5976.06
534	5960.81
535	5950.74
536	5945.50
537	5944.72
538	5948.02
539	5955.04
540	5965.41
541	5978.60
542	5993.61
543	6008.71
544	6021.92
545	6031.24
546	6034.64
547	6030.13
548	6015.68
549	5989.58
550	5951.51
551	5903.93
552	5850.70
553	5795.94
554	5743.77
555	5698.33
556	5663.73
557	5643.94
558	5641.63
559	5656.26
560	5684.93
561	5724.21
562	5770.61
563	5820.68
564	5870.93
565	5917.96
566	5958.96
567	5993.23
568	6022.08
569	6047.47
570	6071.38
571	6095.82
572	6122.80
573	6154.29
574	6191.93
575	6235.92
576	6284.58
577	6335.46
578	6386.06
579	6433.84
580	6476.30
581	6510.91
582	6535.43
583	6548.94
584	6552.85
585	6549.69
586	6542.20
587	6533.11
588	6525.15
589	6521.03
590	6523.36
591	6533.80
592	6551.97
593	6576.30
594	6604.94
595	6636.03
596	6667.71
597	6698.12
598	6725.45
599	6748.20
600	6765.70
601	6777.95
602	6785.08
603	6787.27
604	6784.66
605	6777.42
606	6765.68
607	6749.56
608	6728.97
609	6703.65
610	6673.33
611	6637.71
612	6596.48
613	6549.36
614	6496.06
615	6436.63
616	6372.28
617	6305.48
618	6239.15
619	6176.27
620	6119.80
621	6072.72
622	6037.95
623	6017.85
624	6012.37
625	6018.28
626	6031.13
627	6046.35
628	6059.33
629	6065.48
630	6060.23
631	6039.64
632	6002.56
633	5952.13
634	5893.35
635	5831.44
636	5771.65
637	5719.25
638	5679.44
639	5656.90
640	5653.48
641	5666.21
642	5689.88
643	5718.88
644	5747.60
645	5770.45
646	5781.83
647	5776.66
648	5752.59
649	5712.37
650	5661.37
651	5605.43
652	5550.41
653	5502.14
654	5466.48
655	5448.84
656	5452.17
657	5474.56
658	5511.40
659	5557.57
660	5607.95
661	5657.40
662	5700.82
663	5733.41
664	5752.30
665	5758.69
666	5756.11
667	5748.52
668	5739.92
669	5734.30
670	5735.64
671	5747.73
672	5773.07
673	5811.45
674	5861.05
675	5919.75
676	5985.38
677	6055.81
678	6128.90
679	6202.54
680	6275.01
681	6345.33
682	6412.98
683	6477.52
684	6538.52
685	6595.55
686	6648.18
687	6696.07
688	6739.43
689	6779.63
690	6818.71
691	6858.84
692	6902.19
693	6950.93
694	7007.25
695	7073.16
696	7149.80
697	7236.52
698	7331.66
699	7433.38
700	7539.83
701	7649.17
702	7759.53
703	7869.21
704	7977.10
705	8083.36
706	8188.79
707	8294.31
708	8400.82
709	8509.26
710	8620.53
711	8735.35
712	8853.42
713	8972.66
714	9090.11
715	9202.67
716	9307.23
717	9400.69
718	9479.95
719	9542.22
720	9585.99
721	9611.89
722	9621.49
723	9616.47
724	9598.54
725	9569.40
726	9530.75
727	9484.22
728	9431.23
729	9372.84
730	9310.01
731	9243.64
732	9174.67
733	9104.01
734	9032.60
735	8961.28
736	8890.69
737	8821.19
738	8753.04
739	8686.48
740	8621.78
741	8559.19
742	8498.96
743	8441.38
744	8386.90
745	8336.08
746	8289.53
747	8247.86
748	8211.70
749	8181.66
750	8158.35
751	8142.37
752	8134.28
753	8134.60
754	8143.86
755	8162.57
756	8191.24
757	8230.40
758	8280.44
759	8341.00
760	8409.94
761	8483.90
762	8559.30
763	8632.52
764	8699.95
765	8758.00
766	8803.31
767	8833.99
768	8850.85
769	8856.15
770	8852.38
771	8842.06
772	8827.69
773	8811.77
774	8796.57
775	8783.31
776	8771.70
777	8760.80
778	8749.61
779	8737.10
780	8722.27
781	8704.12
782	8682.17
783	8657.65
784	8633.68
785	8613.99
786	8602.40
787	8602.69
788	8618.69
789	8654.05
790	8711.34
791	8789.99
792	8886.96
793	8998.55
794	9121.01
795	9250.62
796	9383.64
797	9516.53
798	9647.01
799	9775.41
800	9903.55
801	10033.56
802	10167.60
803	10307.80
804	10456.29
805	10615.13
806	10785.91
807	10969.53
808	11166.64
809	11377.84
810	11603.72
811	11844.88
812	12101.92
813	12375.67
814	12667.62
815	12979.95
816	13315.05
817	13675.36
818	14063.29
819	14481.26
820	14931.46
821	15414.43
822	15926.72
823	16462.13
824	17013.84
825	17574.98
826	18138.70
827	18698.14
828	19246.67
829	19778.71
830	20290.49
831	20779.01
832	21241.44
833	21674.92
834	22076.63
835	22443.73
836	22773.43
837	23063.08
838	23310.25
839	23512.50
840	23667.45
841	23772.69
842	23825.85
843	23824.92
844	23770.85
845	23671.53
846	23539.46
847	23388.18
848	23231.31
849	23082.44
850	22955.13
851	22861.71
852	22809.07
853	22795.84
854	22817.07
855	22867.34
856	22941.20
857	23033.21
858	23137.99
859	23250.80
860	23368.86
861	23491.17
862	23617.22
863	23746.57
864	23878.76
865	24013.30
866	24149.40
867	24284.32
868	24411.59
869	24522.72
870	24608.85
871	24661.11
872	24670.63
873	24628.69
874	24528.70
875	24371.63
876	24167.00
877	23927.25
878	23665.09
879	23393.23
880	23124.37
881	22870.73
882	22641.15
883	22436.96
884	22254.69
885	22089.84
886	21937.88
887	21794.29
888	21654.57
889	21515.08
890	21375.51
891	21239.78
892	21113.42
893	21002.13
894	20911.63
895	20847.61
896	20815.48
897	20818.42
898	20854.19
899	20916.89
900	20999.76
901	21096.00
902	21198.81
903	21301.42
904	21397.50
905	21482.45
906	21554.02
907	21610.87
908	21651.75
909	21675.43
910	21680.67
911	21666.29
912	21631.51
913	21576.54
914	21502.25
915	21409.66
916	21299.78
917	21173.67
918	21032.36
919	20877.38
920	20712.06
921	20542.05
922	20373.80
923	20213.89
924	20068.89
925	19945.35
926	19849.42
927	19784.71
928	19749.01
929	19736.64
930	19741.15
931	19756.06
932	19774.90
933	19791.28
934	19799.95
935	19799.61
936	19793.30
937	19785.47
938	19780.73
939	19783.65
940	19798.82
941	19830.30
942	19879.32
943	19941.80
944	20010.93
945	20079.40
946	20139.89
947	20185.12
948	20207.99
949	20204.01
950	20175.95
951	20132.96
952	20085.89
953	20045.73
954	20023.47
955	20030.04
956	20075.03
957	20162.30
958	20287.57
959	20443.16
960	20621.00
961	20812.98
962	21010.99
963	21206.88
964	21392.22
965	21557.97
966	21694.66
967	21792.77
968	21842.77
969	21835.12
970	21760.47
971	21611.64
972	21388.47
973	21097.71
974	20748.25
975	20349.15
976	19909.49
977	19438.31
978	18944.63
979	18437.08
980	17923.81
981	17412.74
982	16911.77
983	16428.77
984	15971.64
985	15548.02
986	15163.93
987	14821.80
988	14521.77
989	14263.52
990	14046.71
991	13870.96
992	13735.89
993	13640.47
994	13581.88
995	13555.58
996	13556.53
997	13579.67
998	13619.92
999	13672.24
1000	13731.96
1001	13795.91
1002	13863.01
1003	13932.96
1004	14005.56
1005	14080.59
1006	14157.88
1007	14237.26
1008	14318.87
1009	14403.33
1010	14491.56
1011	14584.49
1012	14683.08
1013	14788.27
1014	14900.89
1015	15020.73
1016	15145.11
1017	15269.55
1018	15389.17
1019	15499.04
1020	15594.27
1021	15670.04
1022	15722.76
1023	15752.61
1024	15763.37
1025	15759.94
1026	15747.31
1027	15730.44
1028	15714.28
1029	15703.36
1030	15700.53
1031	15706.47
1032	15721.12
1033	15744.28
1034	15775.79
1035	15815.44
1036	15862.87
1037	15916.78
1038	15974.40
1039	16032.26
1040	16086.79
1041	16134.42
1042	16171.60
1043	16195.25
1044	16205.19
1045	16207.12
1046	16210.11
1047	16223.82
1048	16257.98
1049	16322.27
1050	16426.11
1051	16576.50
1052	16774.74
1053	17018.09
1054	17302.93
1055	17625.56
1056	17982.30
1057	18369.36
1058	18782.07
1059	19213.20
1060	19653.42
1061	20092.82
1062	20521.42
1063	20929.30
1064	21306.65
1065	21645.75
1066	21945.40
1067	22210.89
1068	22449.53
1069	22668.79
1070	22876.14
1071	23078.95
1072	23283.00
1073	23488.50
1074	23689.18
1075	23876.57
1076	24041.96
1077	24176.65
1078	24271.98
1079	24320.27
1080	24317.58
1081	24264.87
1082	24164.95
1083	24020.86
1084	23835.64
1085	23612.32
1086	23353.85
1087	23062.85
1088	22741.48
1089	22391.67
1090	22015.34
1091	21614.42
1092	21190.86
1093	20747.12
1094	20288.14
1095	19822.65
1096	19361.04
1097	18913.94
1098	18491.96
1099	18105.71
1100	17764.56
1101	17472.22
1102	17223.08
1103	17007.24
1104	16814.19
1105	16633.39
1106	16454.31
1107	16267.24
1108	16066.39
1109	15852.61
1110	15629.86
1111	15402.60
1112	15175.30
1113	14952.39
1114	14737.68
1115	14531.70
1116	14329.47
1117	14123.36
1118	13905.33
1119	13667.35
1120	13401.41
1121	13100.59
1122	12763.39
1123	12397.42
1124	12014.56
1125	11627.36
1126	11248.40
1127	10890.19
1128	10564.24
1129	10277.08
1130	10027.15
1131	9809.20
1132	9617.45
1133	9446.09
1134	9289.31
1135	9141.76
1136	9000.04
1137	8863.78
1138	8733.94
1139	8611.66
1140	8498.09
1141	8394.36
1142	8301.40
1143	8219.23
1144	8146.58
1145	8081.69
1146	8022.69
1147	7967.73
1148	7914.97
1149	7862.80
1150	7810.46
1151	7758.31
1152	7707.15
1153	7657.82
1154	7611.14
1155	7567.95
1156	7528.90
1157	7494.05
1158	7462.79
1159	7434.25
1160	7407.58
1161	7381.89
1162	7356.34
1163	7330.34
1164	7304.13
1165	7278.81
1166	7255.71
1167	7236.18
1168	7221.56
1169	7213.19
1170	7212.17
1171	7218.97
1172	7233.55
1173	7255.70
1174	7285.25
1175	7321.97
1176	7365.66
1177	7415.81
1178	7471.29
1179	7530.55
1180	7591.94
1181	7653.81
1182	7714.50
1183	7772.37
1184	7825.82
1185	7873.42
1186	7913.78
1187	7945.52
1188	7967.29
1189	7977.73
1190	7975.82
1191	7962.12
1192	7939.73
1193	7912.91
1194	7886.07
1195	7863.63
1196	7849.98
1197	7848.89
1198	7861.72
1199	7886.87
1200	7921.65
1201	7963.23
1202	8008.81
1203	8055.65
1204	8101.95
1205	8148.74
1206	8199.73
1207	8259.38
1208	8332.26
1209	8422.89
1210	8535.47
1211	8671.62
1212	8826.75
1213	8991.95
1214	9157.31
1215	9312.90
1216	9448.79
1217	9555.98
1218	9630.32
1219	9676.58
1220	9704.06
1221	9722.83
1222	9742.98
1223	9774.55
1224	9826.28
1225	9901.88
1226	9998.45
1227	10110.58
1228	10232.56
1229	10358.70
1230	10483.47
1231	10603.41
1232	10721.08
1233	10844.45
1234	10983.06
1235	11146.57
1236	11344.60
1237	11586.35
1238	11878.17
1239	12220.17
1240	12608.72
1241	13039.40
1242	13507.76
1243	14009.37
1244	14540.39
1245	15099.61
1246	15689.65
1247	16314.76
1248	16979.44
1249	17688.14
1250	18445.07
1251	19251.26
1252	20097.82
1253	20966.45
1254	21836.03
1255	22685.19
1256	23492.63
1257	24237.99
1258	24907.19
1259	25499.73
1260	26023.29
1261	26487.21
1262	26900.93
1263	27273.75
1264	27613.00
1265	27917.76
1266	28175.76
1267	28370.22
1268	28483.83
1269	28499.25
1270	28399.84
1271	28175.48
1272	27834.19
1273	27399.06
1274	26897.15
1275	26355.80
1276	25802.27
1277	25262.52
1278	24755.35
1279	24286.84
1280	23856.71
1281	23463.62
1282	23106.21
1283	22783.22
1284	22495.13
1285	22248.13
1286	22054.33
1287	21927.75
1288	21882.61
1289	21933.03
1290	22092.04
1291	22365.40
1292	22743.58
1293	23208.04
1294	23738.41
1295	24314.28
1296	24915.20
1297	25520.54
1298	26108.97
1299	26658.34
1300	27146.17
1301	27549.96
1302	27847.27
1303	28016.48
1304	28042.10
1305	27922.59
1306	27665.43
1307	27280.05
1308	26775.98
1309	26162.83
1310	25451.81
1311	24660.23
1312	23813.15
1313	22938.44
1314	22064.29
1315	21218.88
1316	20429.16
1317	19713.57
1318	19070.92
1319	18487.34
1320	17946.18
1321	17430.65
1322	16924.12
1323	16412.00
1324	15887.55
1325	15353.44
1326	14815.72
1327	14280.83
1328	13755.17
1329	13244.97
1330	12755.19
1331	12288.10
1332	11844.35
1333	11424.29
1334	11028.22
1335	10656.47
1336	10309.52
1337	9988.31
1338	9694.27
1339	9429.01
1340	9194.16
1341	8991.32
1342	8821.71
1343	8684.49
1344	8575.04
1345	8486.82
1346	8412.97
1347	8346.60
1348	8280.99
1349	8210.70
1350	8134.10
1351	8052.77
1352	7969.17
1353	7885.81
1354	7805.20
1355	7729.77
1356	7661.56
1357	7602.11
1358	7552.77
1359	7514.81
1360	7489.53
1361	7477.98
1362	7479.63
1363	7490.40
1364	7503.99
1365	7513.64
1366	7512.55
1367	7494.05
1368	7452.72
1369	7387.23
1370	7300.30
1371	7195.89
1372	7078.07
1373	6950.92
1374	6818.36
1375	6683.65
1376	6549.03
1377	6416.30
1378	6287.20
1379	6163.46
1380	6046.79
1381	5938.92
1382	5841.47
1383	5756.05
1384	5684.27
1385	5627.71
1386	5587.96
1387	5566.20
1388	5562.51
1389	5575.91
1390	5605.09
1391	5648.71
1392	5705.44
1393	5773.98
1394	5853.15
1395	5941.95
1396	6039.45
1397	6144.74
1398	6256.89
1399	6374.86
1400	6497.05
1401	6620.70
1402	6742.46
1403	6858.84
1404	6966.36
1405	7061.75
1406	7143.35
1407	7213.66
1408	7278.25
1409	7343.45
1410	7415.63
1411	7501.14
1412	7606.06
1413	7735.68
1414	7894.41
1415	8086.42
1416	8315.85
1417	8586.86
1418	8903.58
1419	9270.14
1420	9690.67
1421	10169.28
1422	10710.09
1423	11317.25
1424	11995.65
1425	12754.10
1426	13608.13
1427	14576.60
1428	15678.85
1429	16934.18
1430	18359.52
1431	19956.46
1432	21693.29
1433	23518.26
1434	25375.51
1435	27209.01
1436	28963.38
1437	30588.62
1438	32048.62
1439	33317.64
1440	34372.54
1441	35190.33
1442	35748.80
1443	36034.32
1444	36059.06
1445	35858.71
1446	35475.70
1447	34952.99
1448	34333.27
1449	33655.89
1450	32948.68
1451	32226.94
1452	31501.84
1453	30784.17
1454	30084.60
1455	29411.49
1456	28764.38
1457	28131.64
1458	27497.48
1459	26845.69
1460	26160.09
1461	25426.47
1462	24638.91
1463	23803.44
1464	22931.02
1465	22033.24
1466	21121.66
1467	20207.43
1468	19299.45
1469	18403.13
1470	17522.30
1471	16660.56
1472	15821.50
1473	15008.85
1474	14227.07
1475	13481.85
1476	12779.44
1477	12126.24
1478	11528.58
1479	10991.97
1480	10517.48
1481	10097.94
1482	9722.04
1483	9377.77
1484	9053.09
1485	8736.78
1486	8421.96
1487	8110.08
1488	7806.99
1489	7519.30
1490	7253.63
1491	7016.12
1492	6810.19
1493	6633.92
1494	6482.60
1495	6350.99
1496	6233.83
1497	6125.97
1498	6022.68
1499	5920.18
1500	5815.13
1501	5704.30
1502	5584.48
1503	5452.89
1504	5309.28
1505	5158.05
1506	5006.03
1507	4860.48
1508	4728.65
1509	4617.08
1510	4528.77
1511	4460.25
1512	4404.92
1513	4355.61
1514	4305.20
1515	4247.14
1516	4177.89
1517	4098.93
1518	4014.02
1519	3927.31
1520	3842.94
1521	3764.71
1522	3694.92
1523	3633.54
1524	3579.57
1525	3531.87
1526	3489.29
1527	3450.76
1528	3415.52
1529	3383.20
1530	3353.59
1531	3326.52
1532	3301.79
1533	3279.02
1534	3257.20
1535	3234.57
1536	3209.09
1537	3178.70
1538	3141.44
1539	3096.37
1540	3045.96
1541	2996.06
1542	2953.56
1543	2925.41
1544	2918.31
1545	2936.33
1546	2976.18
1547	3028.52
1548	3082.37
1549	3126.66
1550	3150.79
1551	3147.49
1552	3117.47
1553	3066.78
1554	3002.70
1555	2932.53
1556	2863.35
1557	2800.81
1558	2747.81
1559	2705.75
1560	2675.75
1561	2658.91
1562	2655.83
1563	2664.76
1564	2680.41
1565	2695.95
1566	2704.32
1567	2698.56
1568	2673.32
1569	2629.08
1570	2573.17
1571	2515.28
1572	2465.37
1573	2433.14
1574	2425.84
1575	2443.68
1576	2480.74
1577	2529.38
1578	2581.88
1579	2630.73
1580	2670.02
1581	2697.40
1582	2712.78
1583	2716.53
1584	2709.07
1585	2691.19
1586	2665.43
1587	2637.27
1588	2613.56
1589	2601.32
1590	2607.48
1591	2637.12
1592	2688.66
1593	2752.91
1594	2818.02
1595	2871.89
1596	2902.85
1597	2902.79
1598	2873.25
1599	2823.21
1600	2763.61
1601	2705.43
1602	2659.09
1603	2631.72
1604	2624.21
1605	2634.17
1606	2658.65
1607	2694.68
1608	2739.51
1609	2791.32
1610	2849.38
1611	2913.38
1612	2983.06
1613	3058.21
1614	3139.24
1615	3228.11
1616	3328.04
1617	3442.57
1618	3575.23
1619	3729.07
1620	3904.43
1621	4096.87
1622	4299.51
1623	4505.11
1624	4706.52
1625	4898.67
1626	5083.60
1627	5271.21
1628	5474.01
1629	5704.79
1630	5976.15
1631	6299.69
1632	6684.62
1633	7138.59
1634	7668.92
1635	8282.92
1636	8988.25
1637	9794.12
1638	10711.81
1639	11753.50
1640	12931.46
1641	14257.75
1642	15742.58
1643	17391.15
1644	19204.67
1645	21183.31
1646	23327.01
1647	25632.05
1648	28077.07
1649	30611.88
1650	33173.15
1651	35695.55
1652	38113.13
1653	40353.71
1654	42327.01
1655	43926.70
1656	45041.89
1657	45561.93
1658	45388.16
1659	44483.27
1660	42916.29
1661	40807.40
1662	38284.96
1663	35477.07
1664	32505.71
1665	29474.54
1666	26470.77
1667	23576.85
1668	20874.65
1669	18439.66
1670	16315.68
1671	14493.02
1672	12936.84
1673	11608.40
1674	10469.21
1675	9484.80
1676	8631.94
1677	7896.86
1678	7268.36
1679	6735.37
1680	6286.63
1681	5909.98
1682	5591.85
1683	5318.12
1684	5074.58
1685	4847.46
1686	4626.38
1687	4409.41
1688	4200.66
1689	4005.66
1690	3829.95
1691	3678.14
1692	3551.21
1693	3445.78
1694	3356.83
1695	3279.21
1696	3208.06
1697	3140.38
1698	3076.90
1699	3020.46
1700	2974.27
1701	2941.47
1702	2924.04
1703	2920.49
1704	2926.19
1705	2935.60
1706	2943.16
1707	2944.27
1708	2938.47
1709	2931.37
1710	2931.09
1711	2946.09
1712	2984.20
1713	3049.13
1714	3135.42
1715	3231.94
1716	3326.39
1717	3406.70
1718	3464.25
1719	3501.10
1720	3529.45
1721	3564.48
1722	3621.54
1723	3714.43
1724	3850.30
1725	4026.85
1726	4237.91
1727	4476.84
1728	4737.28
1729	5014.63
1730	5307.94
1731	5618.30
1732	5947.20
1733	6295.91
1734	6663.31
1735	7041.87
1736	7418.86
1737	7780.19
1738	8111.79
1739	8400.97
1740	8639.99
1741	8826.66
1742	8960.76
1743	9042.20
1744	9070.90
1745	9046.65
1746	8969.03
1747	8837.59
1748	8651.83
1749	8411.60
1750	8118.66
1751	7778.72
1752	7399.68
1753	6989.89
1754	6557.81
1755	6112.54
1756	5664.91
1757	5227.01
1758	4811.20
1759	4429.66
1760	4091.85
1761	3798.91
1762	3544.18
1763	3318.64
1764	3113.22
1765	2920.25
1766	2737.24
1767	2567.87
1768	2417.99
1769	2293.60
1770	2199.71
1771	2136.99
1772	2099.83
1773	2079.99
1774	2068.93
1775	2058.61
1776	2043.53
1777	2022.65
1778	1997.02
1779	1968.06
1780	1937.28
1781	1906.59
1782	1878.79
1783	1857.15
1784	1845.02
1785	1845.40
1786	1858.94
1787	1881.01
1788	1903.65
1789	1918.22
1790	1916.49
1791	1893.75
1792	1853.98
1793	1807.22
1794	1764.95
1795	1738.29
1796	1734.69
1797	1751.93
1798	1780.36
1799	1808.42
1800	1824.79
1801	1820.93
1802	1796.17
1803	1756.30
1804	1708.83
1805	1661.32
1806	1620.50
1807	1590.82
1808	1574.72
1809	1574.09
1810	1590.65
1811	1624.52
1812	1671.23
1813	1722.20
1814	1767.74
1815	1798.29
1816	1806.59
1817	1792.15
1818	1760.49
1819	1718.78
1820	1674.25
1821	1633.22
1822	1599.43
1823	1574.38
1824	1558.95
1825	1553.89
1826	1559.18
1827	1572.64
1828	1590.27
1829	1607.61
1830	1620.31
1831	1625.26
1832	1622.65
1833	1615.22
1834	1606.36
1835	1599.39
1836	1596.77
1837	1598.86
1838	1604.51
1839	1612.22
1840	1620.40
1841	1626.94
1842	1628.57
1843	1621.25
1844	1600.82
1845	1563.77
1846	1510.43
1847	1448.92
1848	1391.72
1849	1352.06
1850	1341.65
1851	1364.14
1852	1409.08
1853	1459.14
1854	1496.05
1855	1503.92
1856	1477.65
1857	1428.03
1858	1372.46
1859	1329.08
1860	1313.00
1861	1328.15
1862	1364.96
1863	1409.02
1864	1445.68
1865	1463.21
1866	1459.04
1867	1439.41
1868	1413.19
1869	1389.17
1870	1373.63
1871	1366.32
1872	1362.14
1873	1354.78
1874	1338.52
1875	1311.63
1876	1280.69
1877	1257.08
1878	1253.03
1879	1279.00
1880	1336.89
1881	1414.99
1882	1495.57
1883	1560.16
1884	1593.27
1885	1590.10
1886	1558.33
1887	1510.00
1888	1457.36
1889	1410.65
1890	1374.42
1891	1348.51
1892	1331.53
1893	1321.99
1894	1318.61
1895	1320.41
1896	1326.63
1897	1336.55
1898	1349.36
1899	1363.79
1900	1377.96
1901	1389.72
1902	1396.94
1903	1398.19
1904	1394.21
1905	1387.90
1906	1382.82
1907	1382.34
1908	1388.25
1909	1398.75
1910	1409.73
1911	1416.61
1912	1415.51
1913	1405.76
1914	1391.60
1915	1379.33
1916	1375.41
1917	1384.45
1918	1405.35
1919	1431.62
1920	1455.18
1921	1468.31
1922	1466.30
1923	1450.70
1924	1426.74
1925	1400.32
1926	1376.84
1927	1359.55
1928	1348.99
1929	1344.65
1930	1345.88
1931	1351.53
1932	1359.27
1933	1365.84
1934	1367.82
1935	1362.26
1936	1348.57
1937	1329.91
1938	1311.06
1939	1296.94
1940	1290.97
1941	1292.30
1942	1296.33
1943	1297.40
1944	1290.47
1945	1274.07
1946	1253.05
1947	1235.35
1948	1229.22
1949	1240.59
1950	1268.15
1951	1303.72
1952	1337.08
1953	1358.68
1954	1363.13
1955	1352.78
1956	1333.82
1957	1313.03
1958	1296.34
1959	1287.00
1960	1285.75
1961	1292.59
1962	1307.05
1963	1326.75
1964	1345.98
1965	1357.42
1966	1353.80
1967	1330.81
1968	1292.48
1969	1249.89
1970	1215.97
1971	1201.98
1972	1211.30
1973	1235.56
1974	1261.41
1975	1275.44
1976	1268.92
1977	1244.61
1978	1213.21
1979	1187.12
1980	1176.59
1981	1183.50
1982	1199.95
1983	1214.64
1984	1216.90
1985	1201.61
1986	1174.26
1987	1145.99
1988	1128.59
1989	1130.43
1990	1150.09
1991	1177.87
1992	1201.88
1993	1211.74
1994	1203.54
1995	1182.15
1996	1155.78
1997	1132.69
1998	1118.93
1999	1116.09
2000	1123.24
2001	1139.00
2002	1161.92
2003	1190.53
2004	1223.32
2005	1258.73
2006	1294.72
2007	1327.37
2008	1350.48
2009	1357.02
2010	1341.03
2011	1302.53
2012	1252.27
2013	1206.21
2014	1180.38
2015	1184.54
2016	1213.47
2017	1251.73
2018	1281.86
2019	1289.88
2020	1272.97
2021	1238.75
2022	1197.91
2023	1160.65
2024	1134.48
2025	1123.45
2026	1130.25
2027	1156.42
2028	1198.36
2029	1243.93
2030	1277.04
2031	1282.49
2032	1254.40
2033	1206.58
2034	1164.30
2035	1153.87
2036	1191.00
2037	1264.34
2038	1342.62
2039	1390.59
2040	1381.99
2041	1318.20
2042	1225.68
2043	1137.71
2044	1082.57
2045	1069.57
2046	1087.22
2047	1117.23
2048	1142.82
2049	1155.51
2050	1157.56
2051	1155.28
2052	1154.77
2053	1159.26
2054	1167.67
2055	1177.09
2056	1184.75
2057	1189.64
2058	1193.71
2059	1200.24
2060	1212.12
2061	1228.67
2062	1242.74
2063	1243.99
2064	1222.95
2065	1178.76
2066	1127.40
2067	1093.89
2068	1102.45
2069	1162.07
2070	1250.37
2071	1327.22
2072	1351.98
2073	1302.67
2074	1196.86
2075	1075.21
2076	980.89
2077	943.79
2078	965.21
2079	1029.59
2080	1118.12
2081	1212.33
2082	1294.90
2083	1349.23
2084	1360.40
2085	1323.10
2086	1251.38
2087	1170.14
2088	1104.71
2089	1071.41
2090	1068.95
2091	1086.76
2092	1113.21
2093	1139.96
2094	1164.59
2095	1187.61
2096	1209.44
2097	1227.90
2098	1236.50
2099	1226.98
2100	1193.12
2101	1138.62
2102	1081.37
2103	1044.73
2104	1047.72
2105	1090.38
2106	1149.41
2107	1193.63
2108	1198.26
2109	1162.56
2110	1110.50
2111	1073.03
2112	1072.58
2113	1105.68
2114	1146.95
2115	1166.64
2116	1147.14
2117	1100.71
2118	1059.90
2119	1058.89
2120	1114.55
2121	1209.43
2122	1307.69
2123	1374.09
2124	1391.61
2125	1371.27
2126	1335.98
2127	1306.88
2128	1292.64
2129	1287.56
2130	1281.23
2131	1265.50
2132	1240.02
2133	1211.05
2134	1186.24
2135	1170.85
2136	1164.60
2137	1163.90
2138	1165.00
2139	1166.66
2140	1171.77
2141	1184.88
2142	1209.38
2143	1243.67
2144	1280.72
2145	1311.82
2146	1329.43
2147	1329.35
2148	1309.88
2149	1270.73
2150	1216.05
2151	1157.77
2152	1111.47
2153	1090.34
2154	1096.82
2155	1120.98
2156	1149.02
2157	1170.14
2158	1182.04
2159	1188.55
2160	1193.97
2161	1197.77
2162	1191.45
2163	1163.23
2164	1105.68
2165	1027.03
2166	950.91
2167	903.90
2168	901.45
2169	934.97
2170	982.00
2171	1020.04
2172	1036.76
2173	1032.62
2174	1012.87
2175	984.06
2176	954.80
2177	935.01
2178	933.05
2179	949.25
2180	972.56
2181	987.85
2182	983.68
2183	959.78
2184	924.35
2185	887.47
2186	858.25
2187	844.22
2188	851.59
2189	881.15
2190	919.61
2191	943.39
2192	931.59
2193	885.73
2194	839.12
2195	835.43
2196	900.47
2197	1012.86
2198	1119.20
2199	1168.02
2200	1143.49
2201	1074.07
2202	1002.17
2203	958.27
2204	944.43
2205	946.28
2206	947.76
2207	937.62
2208	909.54
2209	860.55
2210	796.61
2211	738.06
2212	710.49
2213	729.71
2214	784.80
2215	846.13
2216	885.54
2217	896.15
2218	895.45
2219	906.58
2220	938.98
2221	976.75
2222	992.92
2223	969.79
2224	917.99
2225	868.16
2226	848.88
2227	864.81
2228	894.77
2229	911.89
2230	902.09
2231	872.36
2232	838.32
2233	812.28
2234	796.58
2235	787.70
2236	782.02
2237	779.16
2238	781.38
2239	790.66
2240	805.52
2241	820.48
2242	829.22
2243	827.74
2244	815.70
2245	794.57
2246	767.23
2247	739.02
2248	716.24
2249	703.34
2250	699.77
2251	701.69
2252	704.73
2253	705.10
2254	699.68
2255	688.06
2256	677.99
2257	685.16
2258	722.46
2259	782.97
2260	836.14
2261	849.24
2262	815.16
2263	763.49
2264	733.66
2265	744.06
2266	777.31
2267	803.08
2268	804.07
2269	789.46
2270	779.25
2271	784.03
2272	793.12
2273	786.63
2274	754.52
2275	709.84
2276	676.66
2277	670.89
2278	687.12
2279	708.69
2280	722.30
2281	726.25
2282	725.55
2283	726.26
2284	734.01
2285	753.11
2286	781.91
2287	806.89
2288	809.61
2289	779.70
2290	724.49
2291	660.57
2292	605.91
2293	577.80
2294	590.08
2295	641.22
2296	705.14
2297	748.48
2298	753.27
2299	725.98
2300	682.81
2301	640.08
2302	612.44
2303	611.01
2304	636.70
2305	679.89
2306	728.88
2307	775.75
2308	815.88
2309	843.89
2310	850.21
2311	824.61
2312	770.82
2313	722.06
2314	721.27
2315	780.86
2316	859.70
2317	901.46
2318	880.75
2319	814.10
2320	732.93
2321	669.23
2322	651.98
2323	693.87
2324	770.60
2325	838.00
2326	868.51
2327	871.32
2328	868.44
2329	866.61
2330	852.16
2331	812.67
2332	758.85
2333	717.48
2334	702.56
2335	694.37
2336	663.35
2337	610.06
2338	575.57
2339	597.32
2340	661.21
2341	715.71
2342	727.54
2343	716.06
2344	717.39
2345	735.40
2346	735.57
2347	689.54
2348	614.23
2349	551.66
2350	526.10
2351	528.02
2352	539.80
2353	558.29
2354	590.53
2355	633.54
2356	663.73
2357	660.61
2358	640.53
2359	646.90
2360	697.19
2361	749.74
2362	752.43
2363	704.67
2364	651.12
2365	625.72
2366	622.15
2367	621.18
2368	619.17
2369	625.38
2370	642.48
2371	658.34
2372	661.27
2373	655.98
2374	656.33
2375	667.74
2376	682.92
2377	694.12
2378	701.56
2379	708.22
2380	712.14
2381	706.41
2382	683.42
2383	638.54
2384	581.62
2385	551.09
2386	581.28
2387	643.76
2388	664.71
2389	618.83
2390	564.86
2391	561.50
2392	601.08
2393	642.21
2394	650.40
2395	614.07
2396	568.24
2397	579.59
2398	656.19
2399	708.28
2400	667.26
2401	585.75
2402	549.67
2403	567.37
2404	595.12
2405	607.12
2406	607.02
2407	610.57
2408	633.29
2409	670.47
2410	695.25
2411	706.52
2412	751.73
2413	841.91
2414	883.24
2415	800.72
2416	673.32
2417	622.16
2418	653.71
2419	700.34
2420	711.29
2421	672.81
2422	610.48
2423	567.86
2424	571.19
2425	618.81
2426	677.55
2427	703.71
2428	682.28
2429	628.24
2430	570.16
2431	539.18
2432	557.32
2433	620.04
2434	676.67
2435	688.94
2436	709.67
2437	785.07
2438	831.58
2439	771.38
2440	675.51
2441	632.50
2442	632.00
2443	626.70
2444	598.02
2445	592.22
2446	666.09
2447	741.91
2448	701.55
2449	613.93
2450	592.01
