150	3759.93
151	3750.07
152	3739.80
153	3732.65
154	3728.94
155	3728.58
156	3731.40
157	3737.21
158	3745.84
159	3757.10
160	3770.82
161	3786.80
162	3804.85
163	3824.67
164	3845.83
165	3867.89
166	3890.38
167	3912.84
168	3934.80
169	3955.81
170	3975.40
171	3993.15
172	4008.70
173	4021.83
174	4032.35
175	4040.08
176	4044.84
177	4046.45
178	4044.73
179	4039.51
180	4030.72
181	4018.75
182	4004.54
183	3989.21
184	3973.91
185	3959.79
186	3948.01
187	3939.71
188	3936.02
189	3937.90
190	3945.54
191	3958.31
192	3975.25
193	3995.35
194	4017.64
195	4041.12
196	4064.80
197	4087.69
198	4108.95
199	4128.15
200	4145.40
201	4160.96
202	4175.10
203	4188.10
204	4200.25
205	4211.81
206	4223.07
207	4234.20
208	4245.00
209	4254.96
210	4263.43
211	4269.74
212	4273.24
213	4273.28
214	4269.20
215	4260.38
216	4246.59
217	4228.81
218	4209.19
219	4190.18
220	4174.29
221	4164.00
222	4161.80
223	4170.20
224	4191.58
225	4227.39
226	4276.38
227	4335.11
228	4399.53
229	4465.56
230	4529.10
231	4586.07
232	4632.39
233	4664.15
234	4678.79
235	4677.19
236	4662.65
237	4639.07
238	4610.37
239	4580.49
240	4553.36
241	4532.89
242	4522.79
243	4525.41
244	4540.06
245	4564.24
246	4595.04
247	4629.57
248	4664.91
249	4698.14
250	4726.38
251	4746.93
252	4758.32
253	4761.28
254	4757.68
255	4749.60
256	4739.10
257	4728.28
258	4719.19
259	4713.91
260	4714.30
261	4721.28
262	4734.36
263	4752.46
264	4774.40
265	4799.00
266	4825.09
267	4851.49
268	4877.04
269	4900.67
270	4921.73
271	4940.07
272	4955.69
273	4968.62
274	4978.89
275	4986.54
276	4991.59
277	4994.09
278	4994.20
279	4992.45
280	4989.70
281	4986.94
282	4985.13
283	4985.26
284	4988.30
285	4995.23
286	5006.97
287	5024.00
288	5045.74
289	5070.86
290	5097.86
291	5125.24
292	5151.47
293	5175.05
294	5194.48
295	5208.35
296	5215.92
297	5217.66
298	5214.67
299	5208.16
300	5199.37
301	5189.51
302	5179.81
303	5171.48
304	5165.56
305	5162.32
306	5161.00
307	5160.42
308	5159.34
309	5156.51
310	5150.69
311	5140.64
312	5125.16
313	5103.42
314	5075.85
315	5044.06
316	5010.08
317	4975.93
318	4943.65
319	4915.28
320	4892.86
321	4878.32
322	4872.97
323	4876.51
324	4887.61
325	4904.67
326	4926.07
327	4950.21
328	4975.49
329	5000.30
330	5023.15
331	5043.15
332	5060.39
333	5075.44
334	5088.94
335	5101.55
336	5113.92
337	5126.69
338	5140.50
339	5155.81
340	5172.48
341	5189.68
342	5206.33
343	5221.33
344	5233.59
345	5242.02
346	5245.51
347	5243.02
348	5233.88
349	5218.34
350	5197.37
351	5172.11
352	5143.68
353	5113.24
354	5081.93
355	5050.87
356	5021.18
357	4993.80
358	4969.41
359	4948.55
360	4931.74
361	4919.50
362	4912.35
363	4910.81
364	4915.38
365	4926.38
366	4943.49
367	4965.69
368	4991.74
369	5020.40
370	5050.40
371	5080.49
372	5109.40
373	5135.93
374	5159.09
375	5178.44
376	5193.92
377	5205.53
378	5213.29
379	5217.20
380	5217.28
381	5213.53
382	5206.06
383	5195.27
384	5182.05
385	5167.49
386	5152.67
387	5138.70
388	5126.69
389	5117.72
390	5112.87
391	5112.92
392	5117.82
393	5126.83
394	5139.07
395	5153.62
396	5169.55
397	5185.97
398	5201.94
399	5216.61
400	5229.31
401	5239.76
402	5247.84
403	5253.46
404	5256.54
405	5256.98
406	5254.71
407	5249.65
408	5241.91
409	5232.10
410	5221.37
411	5211.00
412	5202.28
413	5196.53
414	5195.03
415	5199.09
416	5209.81
417	5227.33
418	5249.91
419	5274.81
420	5299.14
421	5319.96
422	5334.37
423	5339.46
424	5332.38
425	5311.10
426	5276.33
427	5231.57
428	5181.18
429	5129.60
430	5081.28
431	5040.66
432	5012.17
433	4999.91
434	5006.06
435	5029.09
436	5065.50
437	5111.40
438	5162.90
439	5216.11
440	5267.16
441	5312.19
442	5348.06
443	5373.83
444	5390.73
445	5400.69
446	5405.68
447	5407.67
448	5408.65
449	5410.59
450	5415.29
451	5423.81
452	5435.70
453	5449.83
454	5464.92
455	5479.71
456	5492.91
457	5503.26
458	5509.50
459	5510.78
460	5507.29
461	5500.18
462	5490.89
463	5480.85
464	5471.52
465	5464.33
466	5460.73
467	5461.97
468	5468.43
469	5479.15
470	5492.60
471	5507.15
472	5521.14
473	5532.97
474	5540.98
475	5543.63
476	5539.96
477	5530.57
478	5517.13
479	5501.60
480	5485.95
481	5472.14
482	5462.15
483	5457.93
484	5461.12
485	5472.25
486	5490.47
487	5514.43
488	5542.73
489	5573.98
490	5606.77
491	5639.71
492	5671.43
493	5700.76
494	5726.94
495	5749.39
496	5767.60
497	5781.05
498	5789.22
499	5791.59
500	5787.68
501	5777.34
502	5761.41
503	5741.60
504	5719.86
505	5698.14
506	5678.40
507	5662.60
508	5652.68
509	5650.28
510	5655.77
511	5667.75
512	5684.18
513	5702.91
514	5721.77
515	5738.63
516	5751.32
517	5757.83
518	5756.77
519	5748.18
520	5732.86
521	5711.78
522	5685.90
523	5656.21
524	5623.66
525	5589.23
526	5553.84
527	5518.34
528	5483.46
529	5449.93
530	5418.47
531	5389.80
532	5364.64
533	5343.71
534	5327.56
535	5316.17
536	5308.79
537	5304.38
538	5301.88
539	5300.24
540	5298.39
541	5295.28
542	5289.93
543	5281.73
544	5270.81
545	5257.61
546	5242.67
547	5226.48
548	5209.59
549	5192.49
550	5175.74
551	5159.93
552	5145.89
553	5134.58
554	5126.98
555	5124.09
556	5126.91
557	5136.41
558	5153.55
559	5178.88
560	5211.62
561	5249.81
562	5291.09
563	5333.11
564	5373.48
565	5409.83
566	5439.83
567	5461.50
568	5474.37
569	5479.84
570	5480.04
571	5477.16
572	5473.42
573	5471.01
574	5472.12
575	5478.80
576	5492.27
577	5512.46
578	5538.64
579	5570.03
580	5605.80
581	5645.15
582	5687.28
583	5731.38
584	5776.59
585	5822.03
586	5866.74
587	5909.78
588	5950.20
589	5987.06
590	6019.41
591	6046.36
592	6067.42
593	6083.15
594	6094.88
595	6104.14
596	6112.43
597	6121.30
598	6132.26
599	6146.79
600	6165.77
601	6188.41
602	6212.37
603	6234.86
604	6253.07
605	6264.18
606	6265.39
607	6253.93
608	6227.64
609	6186.55
610	6132.97
611	6070.01
612	6000.85
613	5928.66
614	5856.61
615	5787.86
616	5725.23
617	5670.15
618	5622.35
619	5580.88
620	5544.74
621	5512.90
622	5484.35
623	5458.08
624	5433.14
625	5408.79
626	5384.69
627	5360.60
628	5336.34
629	5311.71
630	5286.51
631	5260.55
632	5233.67
633	5205.86
634	5177.42
635	5148.74
636	5120.25
637	5092.38
638	5065.55
639	5040.18
640	5016.69
641	4995.46
642	4976.76
643	4960.83
644	4947.91
645	4938.24
646	4932.03
647	4929.53
648	4930.90
649	4935.91
650	4943.59
651	4952.55
652	4961.34
653	4968.51
654	4972.60
655	4972.16
656	4965.88
657	4953.32
658	4935.82
659	4915.74
660	4895.59
661	4877.93
662	4865.30
663	4860.22
664	4865.07
665	4881.08
666	4907.19
667	4940.95
668	4979.70
669	5020.71
670	5061.31
671	5098.79
672	5130.63
673	5155.47
674	5174.35
675	5189.69
676	5204.22
677	5220.67
678	5241.77
679	5270.24
680	5308.61
681	5358.31
682	5418.40
683	5486.60
684	5560.37
685	5637.14
686	5714.36
687	5789.49
688	5860.15
689	5925.18
690	5985.73
691	6044.27
692	6103.52
693	6166.21
694	6235.08
695	6312.85
696	6402.00
697	6503.79
698	6617.02
699	6739.25
700	6867.81
701	7000.00
702	7133.15
703	7264.56
704	7391.73
705	7513.07
706	7628.59
707	7739.08
708	7845.47
709	7948.70
710	8049.71
711	8149.42
712	8248.57
713	8347.04
714	8443.31
715	8535.25
716	8620.63
717	8697.21
718	8762.75
719	8815.03
720	8852.20
721	8873.85
722	8881.70
723	8878.31
724	8866.38
725	8848.57
726	8827.56
727	8806.01
728	8786.09
729	8768.16
730	8750.37
731	8730.08
732	8704.54
733	8671.03
734	8626.80
735	8569.18
736	8496.29
737	8408.86
738	8310.33
739	8205.00
740	8097.23
741	7991.40
742	7891.86
743	7802.92
744	7728.21
745	7669.42
746	7626.64
747	7599.47
748	7587.53
749	7590.39
750	7607.66
751	7638.84
752	7682.85
753	7737.13
754	7798.15
755	7862.14
756	7925.30
757	7983.85
758	8034.03
759	8072.35
760	8097.03
761	8109.71
762	8113.82
763	8113.18
764	8111.60
765	8112.89
766	8120.85
767	8138.76
768	8167.63
769	8204.87
770	8246.33
771	8287.67
772	8324.53
773	8352.53
774	8367.37
775	8365.46
776	8345.91
777	8310.95
778	8263.92
779	8208.26
780	8147.42
781	8084.86
782	8024.02
783	7968.30
784	7921.00
785	7885.30
786	7864.38
787	7861.39
788	7879.50
789	7921.86
790	7991.40
791	8089.41
792	8213.60
793	8359.43
794	8521.88
795	8695.93
796	8876.53
797	9058.68
798	9237.77
799	9411.16
800	9579.46
801	9744.71
802	9909.18
803	10075.16
804	10244.94
805	10420.76
806	10604.68
807	10797.90
808	11000.70
809	11213.06
810	11434.91
811	11666.20
812	11906.87
813	12156.97
814	12417.52
815	12692.00
816	12985.81
817	13304.83
818	13654.92
819	14042.00
820	14471.91
821	14949.68
822	15475.88
823	16042.80
824	16638.53
825	17250.42
826	17865.81
827	18472.04
828	19056.53
829	19608.18
830	20121.40
831	20597.21
832	21038.98
833	21450.35
834	21834.95
835	22196.40
836	22538.13
837	22861.92
838	23165.13
839	23441.88
840	23685.39
841	23888.88
842	24045.58
843	24148.72
844	24192.62
845	24177.02
846	24110.99
847	24008.12
848	23882.72
849	23749.12
850	23621.65
851	23514.48
852	23439.79
853	23403.03
854	23402.59
855	23434.60
856	23494.96
857	23579.62
858	23684.47
859	23805.48
860	23938.84
861	24081.32
862	24230.01
863	24382.06
864	24534.66
865	24684.96
866	24830.12
867	24967.07
868	25091.71
869	25198.65
870	25282.01
871	25335.84
872	25354.16
873	25331.04
874	25260.85
875	25140.71
876	24974.81
877	24772.68
878	24545.14
879	24303.09
880	24057.42
881	23818.99
882	23597.59
883	23398.13
884	23218.10
885	23051.70
886	22892.70
887	22734.85
888	22571.92
889	22397.90
890	22209.18
891	22008.79
892	21805.28
893	21608.71
894	21429.20
895	21276.90
896	21161.88
897	21093.11
898	21074.15
899	21099.78
900	21160.79
901	21247.37
902	21349.67
903	21457.88
904	21562.31
905	21654.69
906	21730.76
907	21789.66
908	21831.40
909	21856.10
910	21863.85
911	21854.72
912	21828.78
913	21785.85
914	21725.39
915	21646.75
916	21549.21
917	21432.06
918	21294.62
919	21136.37
920	20958.30
921	20765.52
922	20566.29
923	20369.71
924	20184.90
925	20021.02
926	19887.12
927	19790.99
928	19735.03
929	19714.11
930	19720.03
931	19744.26
932	19778.21
933	19813.32
934	19841.38
935	19856.55
936	19858.66
937	19851.24
938	19838.66
939	19825.34
940	19815.66
941	19814.01
942	19823.97
943	19846.45
944	19879.29
945	19919.30
946	19963.17
947	20007.61
948	20049.32
949	20085.34
950	20114.41
951	20138.58
952	20161.59
953	20187.48
954	20220.29
955	20264.07
956	20322.74
957	20398.91
958	20491.56
959	20596.58
960	20709.04
961	20823.95
962	20936.32
963	21041.17
964	21133.55
965	21208.70
966	21262.11
967	21289.36
968	21286.03
969	21247.71
970	21170.01
971	21048.75
972	20881.16
973	20667.34
974	20409.09
975	20108.49
976	19767.67
977	19388.74
978	18973.93
979	18526.67
980	18053.86
981	17565.42
982	17072.12
983	16584.82
984	16114.35
985	15671.48
986	15265.97
987	14903.52
988	14584.43
989	14306.98
990	14069.20
991	13869.10
992	13704.70
993	13574.00
994	13474.88
995	13404.95
996	13361.72
997	13342.65
998	13345.22
999	13366.90
1000	13405.19
1001	13457.80
1002	13522.97
1003	13599.34
1004	13685.67
1005	13780.69
1006	13883.15
1007	13991.81
1008	14105.43
1009	14222.83
1010	14342.90
1011	14464.54
1012	14586.66
1013	14708.15
1014	14827.94
1015	14944.94
1016	15058.25
1017	15167.16
1018	15271.04
1019	15369.26
1020	15461.22
1021	15546.30
1022	15623.90
1023	15693.57
1024	15755.09
1025	15808.36
1026	15853.34
1027	15889.95
1028	15918.13
1029	15937.90
1030	15949.77
1031	15955.47
1032	15957.56
1033	15958.80
1034	15961.95
1035	15969.77
1036	15984.93
1037	16009.25
1038	16041.99
1039	16080.20
1040	16120.32
1041	16158.72
1042	16191.81
1043	16216.04
1044	16229.11
1045	16232.96
1046	16234.19
1047	16240.97
1048	16261.60
1049	16304.40
1050	16377.64
1051	16488.99
1052	16643.54
1053	16842.95
1054	17087.55
1055	17377.48
1056	17712.88
1057	18093.86
1058	18519.57
1059	18984.63
1060	19476.33
1061	19978.63
1062	20474.97
1063	20948.80
1064	21383.61
1065	21764.11
1066	22081.80
1067	22340.98
1068	22552.61
1069	22728.86
1070	22881.88
1071	23023.87
1072	23166.28
1073	23316.21
1074	23471.38
1075	23623.94
1076	23764.97
1077	23885.47
1078	23976.47
1079	24029.28
1080	24037.43
1081	23999.68
1082	23918.21
1083	23795.95
1084	23635.91
1085	23441.06
1086	23214.33
1087	22958.11
1088	22673.38
1089	22360.19
1090	22018.31
1091	21647.51
1092	21247.56
1093	20818.46
1094	20362.12
1095	19885.67
1096	19400.26
1097	18918.07
1098	18451.37
1099	18012.39
1100	17613.03
1101	17261.90
1102	16958.47
1103	16694.70
1104	16460.55
1105	16245.87
1106	16040.50
1107	15834.49
1108	15619.85
1109	15394.21
1110	15159.95
1111	14920.71
1112	14680.24
1113	14442.25
1114	14210.36
1115	13986.85
1116	13770.28
1117	13556.04
1118	13338.66
1119	13112.61
1120	12872.36
1121	12612.58
1122	12329.72
1123	12025.28
1124	11704.99
1125	11375.70
1126	11044.32
1127	10717.79
1128	10402.89
1129	10105.26
1130	9827.38
1131	9569.22
1132	9330.06
1133	9109.16
1134	8905.78
1135	8719.18
1136	8548.66
1137	8393.69
1138	8253.82
1139	8128.63
1140	8017.69
1141	7920.60
1142	7836.88
1143	7765.63
1144	7704.95
1145	7652.24
1146	7604.72
1147	7559.64
1148	7514.20
1149	7465.82
1150	7413.00
1151	7356.79
1152	7299.78
1153	7244.90
1154	7195.10
1155	7153.31
1156	7122.26
1157	7103.47
1158	7096.01
1159	7097.61
1160	7105.74
1161	7117.86
1162	7131.46
1163	7144.20
1164	7154.69
1165	7163.26
1166	7171.03
1167	7179.25
1168	7189.18
1169	7202.08
1170	7218.90
1171	7239.37
1172	7261.39
1173	7282.10
1174	7298.54
1175	7307.73
1176	7306.76
1177	7293.56
1178	7269.19
1179	7238.52
1180	7207.78
1181	7183.35
1182	7171.62
1183	7178.81
1184	7209.46
1185	7262.73
1186	7332.57
1187	7411.33
1188	7491.23
1189	7564.51
1190	7623.63
1191	7663.10
1192	7682.73
1193	7686.44
1194	7679.13
1195	7665.79
1196	7651.40
1197	7640.67
1198	7636.75
1199	7639.42
1200	7646.48
1201	7655.32
1202	7663.31
1203	7667.88
1204	7666.88
1205	7660.56
1206	7652.96
1207	7649.91
1208	7657.48
1209	7681.77
1210	7728.77
1211	7803.14
1212	7904.43
1213	8026.02
1214	8159.09
1215	8294.59
1216	8423.46
1217	8536.89
1218	8628.41
1219	8698.40
1220	8753.21
1221	8800.81
1222	8849.33
1223	8906.84
1224	8981.01
1225	9076.58
1226	9191.95
1227	9321.57
1228	9459.10
1229	9598.17
1230	9732.45
1231	9856.64
1232	9970.25
1233	10080.34
1234	10197.22
1235	10331.72
1236	10494.65
1237	10696.72
1238	10946.86
1239	11248.17
1240	11597.58
1241	11990.02
1242	12420.27
1243	12883.08
1244	13373.47
1245	13888.21
1246	14428.43
1247	14998.26
1248	15602.51
1249	16246.03
1250	16933.61
1251	17668.74
1252	18448.50
1253	19259.46
1254	20083.32
1255	20901.02
1256	21693.52
1257	22441.93
1258	23129.65
1259	23747.77
1260	24295.35
1261	24774.01
1262	25185.60
1263	25531.94
1264	25814.71
1265	26034.39
1266	26188.75
1267	26273.84
1268	26285.33
1269	26218.86
1270	26070.15
1271	25836.44
1272	25521.37
1273	25137.83
1274	24702.49
1275	24232.48
1276	23744.98
1277	23256.93
1278	22783.32
1279	22333.46
1280	21911.94
1281	21522.05
1282	21166.99
1283	20849.98
1284	20574.63
1285	20346.58
1286	20175.08
1287	20071.20
1288	20046.32
1289	20111.80
1290	20278.72
1291	20554.36
1292	20933.58
1293	21398.70
1294	21928.04
1295	22499.66
1296	23091.55
1297	23681.89
1298	24249.82
1299	24776.36
1300	25243.68
1301	25634.10
1302	25929.97
1303	26113.83
1304	26170.65
1305	26094.08
1306	25887.47
1307	25557.42
1308	25110.83
1309	24554.69
1310	23896.62
1311	23148.72
1312	22332.54
1313	21475.21
1314	20604.97
1315	19750.13
1316	18938.67
1317	18194.28
1318	17525.34
1319	16923.05
1320	16372.74
1321	15859.20
1322	15367.23
1323	14882.29
1324	14393.97
1325	13900.33
1326	13404.28
1327	12909.66
1328	12420.33
1329	11940.18
1330	11473.06
1331	11022.72
1332	10592.82
1333	10186.98
1334	9808.82
1335	9461.96
1336	9149.62
1337	8873.00
1338	8629.59
1339	8414.96
1340	8224.37
1341	8053.06
1342	7896.33
1343	7750.06
1344	7611.77
1345	7480.47
1346	7355.54
1347	7236.41
1348	7122.51
1349	7013.42
1350	6909.41
1351	6811.77
1352	6722.23
1353	6642.56
1354	6574.54
1355	6519.88
1356	6479.66
1357	6453.54
1358	6440.19
1359	6438.08
1360	6445.64
1361	6461.30
1362	6483.05
1363	6507.34
1364	6528.96
1365	6542.17
1366	6541.13
1367	6520.07
1368	6473.83
1369	6400.56
1370	6304.19
1371	6191.46
1372	6069.57
1373	5945.73
1374	5826.92
1375	5718.33
1376	5620.45
1377	5530.35
1378	5444.22
1379	5358.24
1380	5268.61
1381	5172.55
1382	5070.81
1383	4968.11
1384	4870.57
1385	4784.43
1386	4715.92
1387	4670.76
1388	4652.24
1389	4659.45
1390	4689.55
1391	4739.38
1392	4805.75
1393	4885.53
1394	4975.68
1395	5073.55
1396	5176.70
1397	5282.73
1398	5389.27
1399	5493.92
1400	5594.34
1401	5688.28
1402	5773.61
1403	5848.23
1404	5910.03
1405	5956.97
1406	5988.03
1407	6006.43
1408	6021.08
1409	6043.07
1410	6083.79
1411	6154.56
1412	6265.89
1413	6423.63
1414	6625.22
1415	6863.84
1416	7131.96
1417	7422.04
1418	7727.16
1419	8045.02
1420	8384.11
1421	8760.11
1422	9190.27
1423	9691.91
1424	10282.17
1425	10976.14
1426	11782.98
1427	12706.71
1428	13749.92
1429	14915.13
1430	16204.50
1431	17615.85
1432	19131.58
1433	20717.03
1434	22331.75
1435	23934.77
1436	25485.17
1437	26943.28
1438	28274.66
1439	29452.14
1440	30451.50
1441	31248.86
1442	31820.51
1443	32146.30
1444	32223.93
1445	32081.31
1446	31760.69
1447	31306.53
1448	30763.31
1449	30173.87
1450	29571.13
1451	28968.12
1452	28366.91
1453	27767.46
1454	27169.65
1455	26573.13
1456	25975.93
1457	25372.33
1458	24754.22
1459	24112.97
1460	23439.93
1461	22726.89
1462	21969.04
1463	21170.35
1464	20341.24
1465	19493.69
1466	18639.79
1467	17791.47
1468	16959.35
1469	16150.36
1470	15368.37
1471	14616.46
1472	13897.65
1473	13214.86
1474	12570.11
1475	11962.64
1476	11389.23
1477	10845.90
1478	10328.65
1479	9833.56
1480	9357.60
1481	8900.66
1482	8465.42
1483	8055.40
1484	7674.19
1485	7325.29
1486	7011.11
1487	6730.43
1488	6478.40
1489	6249.00
1490	6036.10
1491	5833.69
1492	5636.66
1493	5443.09
1494	5254.37
1495	5072.92
1496	4901.27
1497	4741.90
1498	4596.85
1499	4466.58
1500	4349.95
1501	4245.29
1502	4150.90
1503	4065.06
1504	3986.09
1505	3912.33
1506	3842.17
1507	3774.02
1508	3706.29
1509	3637.43
1510	3566.31
1511	3493.18
1512	3419.66
1513	3347.76
1514	3279.54
1515	3217.01
1516	3161.88
1517	3114.88
1518	3075.85
1519	3044.39
1520	3020.05
1521	3002.36
1522	2990.32
1523	2981.47
1524	2972.16
1525	2958.38
1526	2936.13
1527	2901.59
1528	2852.71
1529	2791.96
1530	2725.22
1531	2659.23
1532	2600.76
1533	2556.24
1534	2529.61
1535	2518.98
1536	2518.62
1537	2521.92
1538	2522.27
1539	2513.48
1540	2492.06
1541	2460.07
1542	2422.70
1543	2385.78
1544	2355.12
1545	2335.95
1546	2330.41
1547	2335.26
1548	2344.58
1549	2352.09
1550	2351.49
1551	2337.49
1552	2309.11
1553	2271.58
1554	2232.72
1555	2200.66
1556	2183.45
1557	2187.30
1558	2211.86
1559	2249.17
1560	2288.59
1561	2319.25
1562	2330.51
1563	2314.59
1564	2272.23
1565	2211.91
1566	2144.34
1567	2080.39
1568	2030.58
1569	2002.70
1570	1997.84
1571	2012.48
1572	2041.99
1573	2081.68
1574	2126.90
1575	2173.05
1576	2215.67
1577	2250.37
1578	2272.80
1579	2278.63
1580	2264.57
1581	2231.74
1582	2187.50
1583	2141.79
1584	2104.87
1585	2086.81
1586	2095.35
1587	2130.42
1588	2184.03
1589	2245.70
1590	2304.73
1591	2350.80
1592	2376.80
1593	2383.46
1594	2377.21
1595	2365.80
1596	2357.06
1597	2358.30
1598	2374.28
1599	2405.01
1600	2448.18
1601	2501.06
1602	2560.92
1603	2625.18
1604	2691.82
1605	2759.52
1606	2827.19
1607	2893.78
1608	2958.28
1609	3020.18
1610	3080.21
1611	3140.18
1612	3202.14
1613	3268.18
1614	3340.40
1615	3421.25
1616	3513.66
1617	3620.88
1618	3746.19
1619	3892.86
1620	4063.91
1621	4261.34
1622	4485.95
1623	4738.11
1624	5018.16
1625	5326.51
1626	5664.13
1627	6033.48
1628	6438.15
1629	6881.95
1630	7368.71
1631	7901.59
1632	8480.57
1633	9100.46
1634	9753.64
1635	10432.20
1636	11128.58
1637	11840.33
1638	12580.86
1639	13378.91
1640	14267.87
1641	15281.42
1642	16451.85
1643	17803.10
1644	19342.22
1645	21066.84
1646	22972.79
1647	25055.38
1648	27303.31
1649	29681.32
1650	32126.47
1651	34566.22
1652	36927.09
1653	39135.05
1654	41112.72
1655	42775.02
1656	44031.99
1657	44792.66
1658	44967.00
1659	44482.12
1660	43331.46
1661	41592.53
1662	39374.08
1663	36788.25
1664	33946.70
1665	30956.67
1666	27914.97
1667	24911.55
1668	22034.76
1669	19372.29
1670	17000.95
1671	14955.64
1672	13218.00
1673	11749.89
1674	10511.03
1675	9461.63
1676	8566.04
1677	7797.91
1678	7136.88
1679	6563.81
1680	6059.81
1681	5607.96
1682	5198.68
1683	4830.85
1684	4506.30
1685	4227.13
1686	3995.02
1687	3809.06
1688	3663.07
1689	3547.94
1690	3453.98
1691	3371.61
1692	3292.60
1693	3212.98
1694	3132.95
1695	3053.96
1696	2977.57
1697	2905.20
1698	2837.74
1699	2775.17
1700	2717.05
1701	2662.87
1702	2612.18
1703	2564.97
1704	2522.39
1705	2486.43
1706	2459.28
1707	2443.16
1708	2440.10
1709	2451.55
1710	2478.21
1711	2520.55
1712	2578.95
1713	2653.54
1714	2742.73
1715	2841.74
1716	2944.05
1717	3042.88
1718	3131.65
1719	3206.09
1720	3268.23
1721	3325.20
1722	3385.49
1723	3457.66
1724	3549.80
1725	3668.20
1726	3816.98
1727	3999.41
1728	4218.69
1729	4477.42
1730	4775.23
1731	5106.23
1732	5461.70
1733	5832.48
1734	6209.45
1735	6584.02
1736	6949.03
1737	7298.32
1738	7625.98
1739	7926.15
1740	8193.34
1741	8423.41
1742	8613.54
1743	8761.39
1744	8864.60
1745	8920.37
1746	8923.95
1747	8867.75
1748	8742.99
1749	8540.83
1750	8253.83
1751	7882.93
1752	7445.34
1753	6967.05
1754	6475.64
1755	5997.90
1756	5554.14
1757	5148.54
1758	4773.80
1759	4419.90
1760	4076.94
1761	3737.76
1762	3403.67
1763	3083.80
1764	2789.58
1765	2532.48
1766	2322.17
1767	2161.57
1768	2045.62
1769	1966.44
1770	1915.84
1771	1885.57
1772	1867.15
1773	1851.66
1774	1830.05
1775	1793.29
1776	1733.47
1777	1648.74
1778	1548.03
1779	1445.63
1780	1356.73
1781	1295.60
1782	1270.71
1783	1278.28
1784	1307.39
1785	1345.71
1786	1381.28
1787	1405.33
1788	1416.74
1789	1419.58
1790	1419.07
1791	1420.30
1792	1426.33
1793	1434.91
1794	1439.70
1795	1433.30
1796	1408.55
1797	1361.21
1798	1295.52
1799	1223.03
1800	1157.33
1801	1111.88
1802	1097.01
1803	1113.38
1804	1152.55
1805	1203.35
1806	1254.52
1807	1296.32
1808	1323.88
1809	1337.28
1810	1338.15
1811	1328.23
1812	1309.27
1813	1282.94
1814	1250.89
1815	1214.72
1816	1176.08
1817	1136.90
1818	1100.10
1819	1069.72
1820	1050.13
1821	1045.61
1822	1058.99
1823	1087.96
1824	1124.72
1825	1159.66
1826	1183.18
1827	1187.75
1828	1172.91
1829	1145.57
1830	1115.06
1831	1090.75
1832	1080.21
1833	1085.06
1834	1100.94
1835	1121.66
1836	1140.94
1837	1153.63
1838	1157.89
1839	1155.06
1840	1147.40
1841	1137.22
1842	1126.54
1843	1116.55
1844	1107.73
1845	1100.40
1846	1094.80
1847	1091.14
1848	1089.34
1849	1089.18
1850	1090.38
1851	1092.73
1852	1096.60
1853	1103.76
1854	1116.88
1855	1138.82
1856	1171.97
1857	1215.59
1858	1262.50
1859	1301.77
1860	1321.82
1861	1312.38
1862	1270.16
1863	1204.30
1864	1129.99
1865	1063.37
1866	1018.79
1867	1002.88
1868	1010.99
1869	1033.76
1870	1061.32
1871	1085.22
1872	1102.19
1873	1115.00
1874	1128.54
1875	1147.74
1876	1175.81
1877	1210.76
1878	1245.85
1879	1273.03
1880	1284.49
1881	1275.43
1882	1248.28
1883	1210.54
1884	1170.83
1885	1137.38
1886	1115.74
1887	1106.32
1888	1106.85
1889	1114.56
1890	1126.72
1891	1140.72
1892	1154.14
1893	1164.64
1894	1169.96
1895	1168.52
1896	1161.00
1897	1150.37
1898	1140.30
1899	1134.31
1900	1134.23
1901	1137.77
1902	1139.66
1903	1134.01
1904	1115.64
1905	1083.40
1906	1043.28
1907	1004.85
1908	978.13
1909	971.45
1910	986.80
1911	1018.52
1912	1058.21
1913	1097.36
1914	1128.89
1915	1149.65
1916	1159.54
1917	1159.25
1918	1149.73
1919	1133.05
1920	1113.36
1921	1095.89
1922	1085.94
1923	1087.72
1924	1101.33
1925	1122.08
1926	1143.60
1927	1159.64
1928	1166.34
1929	1165.68
1930	1163.85
1931	1168.00
1932	1184.22
1933	1213.44
1934	1248.39
1935	1278.14
1936	1291.52
1937	1280.16
1938	1244.43
1939	1192.77
1940	1135.98
1941	1084.59
1942	1046.50
1943	1024.48
1944	1018.55
1945	1028.14
1946	1051.74
1947	1084.50
1948	1117.91
1949	1142.26
1950	1148.52
1951	1132.88
1952	1103.00
1953	1073.41
1954	1059.92
1955	1075.06
1956	1119.12
1957	1177.60
1958	1230.76
1959	1259.40
1960	1251.94
1961	1213.94
1962	1161.78
1963	1113.99
1964	1086.40
1965	1084.56
1966	1101.64
1967	1126.44
1968	1147.83
1969	1158.12
1970	1157.09
1971	1149.01
1972	1138.97
1973	1131.00
1974	1125.24
1975	1117.59
1976	1102.59
1977	1075.36
1978	1034.99
1979	988.25
1980	945.94
1981	919.29
1982	916.28
1983	935.08
1984	964.97
1985	992.72
1986	1006.44
1987	1001.20
1988	982.79
1989	961.68
1990	948.67
1991	952.04
1992	973.98
1993	1012.44
1994	1064.33
1995	1125.71
1996	1189.70
1997	1246.14
1998	1283.83
1999	1292.82
2000	1270.28
2001	1226.12
2002	1176.48
2003	1137.96
2004	1122.35
2005	1128.96
2006	1147.70
2007	1166.32
2008	1174.40
2009	1168.57
2010	1153.49
2011	1136.57
2012	1124.68
2013	1120.77
2014	1121.08
2015	1118.75
2016	1106.81
2017	1081.00
2018	1043.47
2019	1000.70
2020	960.01
2021	927.88
2022	907.99
2023	901.37
2024	908.22
2025	928.24
2026	959.18
2027	996.26
2028	1033.76
2029	1066.13
2030	1089.47
2031	1102.71
2032	1106.24
2033	1100.86
2034	1088.72
2035	1075.04
2036	1066.99
2037	1071.82
2038	1093.36
2039	1125.77
2040	1155.13
2041	1165.68
2042	1145.89
2043	1099.04
2044	1044.20
2045	1005.35
2046	1002.78
2047	1040.23
2048	1099.39
2049	1153.62
2050	1177.90
2051	1159.90
2052	1107.66
2053	1038.43
2054	970.03
2055	915.99
2056	881.63
2057	867.91
2058	874.60
2059	898.49
2060	930.01
2061	955.75
2062	962.40
2063	943.02
2064	906.29
2065	871.50
2066	859.52
2067	883.78
2068	937.82
2069	1000.05
2070	1045.83
2071	1057.63
2072	1038.47
2073	1008.39
2074	991.43
2075	1005.25
2076	1048.05
2077	1100.78
2078	1140.02
2079	1147.61
2080	1122.34
2081	1078.58
2082	1035.03
2083	1007.32
2084	1000.83
2085	1011.26
2086	1031.51
2087	1054.89
2088	1076.57
2089	1093.47
2090	1103.07
2091	1103.13
2092	1092.23
2093	1069.67
2094	1035.13
2095	990.26
2096	942.32
2097	903.44
2098	886.60
2099	900.28
2100	940.27
2101	992.17
2102	1039.42
2103	1069.75
2104	1082.33
2105	1084.74
2106	1086.23
2107	1093.17
2108	1105.09
2109	1117.00
2110	1123.20
2111	1119.86
2112	1107.12
2113	1087.39
2114	1063.66
2115	1039.56
2116	1019.88
2117	1009.92
2118	1014.00
2119	1031.67
2120	1055.25
2121	1074.06
2122	1078.99
2123	1068.43
2124	1050.03
2125	1034.66
2126	1031.55
2127	1043.55
2128	1067.28
2129	1097.35
2130	1127.47
2131	1149.48
2132	1153.77
2133	1131.64
2134	1082.33
2135	1021.96
2136	976.35
2137	970.29
2138	1014.12
2139	1094.83
2140	1188.90
2141	1273.47
2142	1333.45
2143	1363.11
2144	1360.38
2145	1327.33
2146	1276.87
2147	1230.93
2148	1212.05
2149	1231.28
2150	1274.95
2151	1315.00
2152	1324.21
2153	1291.75
2154	1231.29
2155	1166.57
2156	1118.90
2157	1097.36
2158	1098.95
2159	1116.67
2160	1141.77
2161	1161.98
2162	1162.97
2163	1132.79
2164	1072.60
2165	1003.65
2166	955.21
2167	950.14
2168	987.60
2169	1044.19
2170	1091.42
2171	1111.33
2172	1109.14
2173	1103.43
2174	1111.61
2175	1135.92
2176	1158.91
2177	1156.82
2178	1114.87
2179	1043.69
2180	972.90
2181	933.02
2182	936.67
2183	967.59
2184	997.20
2185	1001.90
2186	978.23
2187	940.69
2188	907.86
2189	893.17
2190	900.24
2191	927.70
2192	972.13
2193	1026.24
2194	1079.04
2195	1118.94
2196	1137.02
2197	1129.52
2198	1095.52
2199	1037.47
2200	966.78
2201	903.33
2202	867.64
2203	870.44
2204	904.93
2205	955.83
2206	1007.29
2207	1045.63
2208	1059.28
2209	1039.58
2210	988.91
2211	926.38
2212	877.37
2213	860.26
2214	873.60
2215	901.86
2216	928.28
2217	943.88
2218	949.30
2219	948.32
2220	943.02
2221	931.49
2222	909.84
2223	876.59
2224	838.37
2225	808.79
2226	800.85
2227	816.62
2228	842.84
2229	861.33
2230	861.27
2231	848.72
2232	839.33
2233	846.97
2234	874.61
2235	915.53
2236	960.27
2237	999.06
2238	1021.97
2239	1020.12
2240	990.73
2241	942.47
2242	889.67
2243	845.02
2244	814.58
2245	799.52
2246	799.38
2247	812.06
2248	833.86
2249	859.78
2250	881.43
2251	885.93
2252	860.77
2253	804.69
2254	737.00
2255	685.85
2256	671.12
2257	690.23
2258	726.60
2259	763.64
2260	792.86
2261	812.55
2262	823.86
2263	831.83
2264	844.99
2265	869.41
2266	897.50
2267	905.34
2268	869.34
2269	792.43
2270	716.33
2271	692.18
2272	740.55
2273	827.97
2274	899.99
2275	921.85
2276	902.67
2277	872.80
2278	856.64
2279	858.24
2280	870.20
2281	884.04
2282	893.94
2283	896.07
2284	889.42
2285	878.78
2286	872.36
2287	876.36
2288	890.31
2289	908.98
2290	924.40
2291	924.57
2292	895.80
2293	832.51
2294	750.01
2295	676.88
2296	636.78
2297	634.31
2298	661.24
2299	706.48
2300	758.81
2301	807.21
2302	841.94
2303	856.01
2304	845.79
2305	818.20
2306	799.91
2307	822.88
2308	892.82
2309	966.51
2310	985.42
2311	926.60
2312	826.86
2313	741.93
2314	702.88
2315	704.27
2316	728.34
2317	761.36
2318	795.56
2319	825.18
2320	844.64
2321	848.53
2322	833.15
2323	798.93
2324	749.96
2325	695.63
2326	654.29
2327	644.80
2328	666.34
2329	687.25
2330	672.01
2331	618.02
2332	561.32
2333	541.60
2334	572.13
2335	642.41
2336	730.10
2337	800.57
2338	818.48
2339	776.26
2340	710.01
2341	665.42
2342	659.47
2343	677.39
2344	698.73
2345	713.35
2346	719.46
2347	720.52
2348	725.63
2349	743.95
2350	776.13
2351	813.29
2352	842.45
2353	847.99
2354	816.67
2355	752.72
2356	685.85
2357	645.92
2358	632.15
2359	619.18
2360	595.11
2361	587.00
2362	628.39
2363	706.63
2364	760.00
2365	742.96
2366	681.68
2367	635.38
2368	628.42
2369	634.10
2370	624.57
2371	611.68
2372	626.29
2373	673.12
2374	719.28
2375	735.39
2376	731.87
2377	737.06
2378	752.62
2379	746.37
2380	699.99
2381	649.89
2382	649.79
2383	708.83
2384	786.21
2385	834.40
2386	823.21
2387	749.87
2388	664.71
2389	642.72
2390	699.66
2391	765.07
2392	773.39
2393	738.66
2394	709.50
2395	700.96
2396	693.26
2397	673.50
2398	652.95
2399	647.69
2400	663.48
2401	698.57
2402	747.10
2403	797.12
2404	821.56
2405	783.86
2406	685.55
2407	599.16
2408	591.63
2409	639.51
2410	678.52
2411	696.12
2412	726.17
2413	779.35
2414	824.33
2415	826.49
2416	773.97
2417	694.40
2418	667.39
2419	739.96
2420	827.24
2421	812.96
2422	715.56
2423	643.70
2424	650.62
2425	714.01
2426	790.22
2427	839.88
2428	843.00
2429	804.07
2430	742.35
2431	684.63
2432	651.20
2433	647.20
2434	665.39
2435	690.16
2436	713.40
2437	739.10
2438	751.05
2439	704.26
2440	606.97
2441	558.96
2442	611.83
2443	688.71
2444	716.92
2445	704.41
2446	659.66
2447	564.78
2448	466.49
2449	477.82
2450	584.18
