150	3648.71
151	3649.53
152	3657.97
153	3677.13
154	3706.76
155	3744.94
156	3789.20
157	3837.00
158	3885.81
159	3933.11
160	3976.34
161	4013.02
162	4040.98
163	4059.46
164	4069.43
165	4072.43
166	4070.11
167	4064.11
168	4056.05
169	4047.58
170	4040.32
171	4035.66
172	4034.13
173	4035.18
174	4037.85
175	4041.15
176	4044.10
177	4045.68
178	4044.90
179	4040.79
180	4032.60
181	4020.48
182	4005.69
183	3989.88
184	3974.75
185	3961.99
186	3953.32
187	3950.43
188	3955.00
189	3968.35
190	3990.54
191	4020.08
192	4054.94
193	4093.05
194	4132.32
195	4170.67
196	4206.02
197	4236.30
198	4259.76
199	4275.66
200	4284.47
201	4287.03
202	4284.25
203	4277.00
204	4266.18
205	4252.69
206	4237.41
207	4221.24
208	4205.03
209	4189.62
210	4175.84
211	4164.52
212	4156.50
213	4152.61
214	4153.67
215	4160.49
216	4173.66
217	4193.06
218	4217.93
219	4247.30
220	4280.19
221	4315.63
222	4352.64
223	4390.25
224	4427.47
225	4463.43
226	4497.43
227	4528.98
228	4557.63
229	4582.93
230	4604.42
231	4621.67
232	4634.20
233	4641.63
234	4643.81
235	4641.33
236	4635.27
237	4626.86
238	4617.31
239	4607.85
240	4599.70
241	4594.07
242	4592.12
243	4594.56
244	4601.17
245	4611.14
246	4623.54
247	4637.45
248	4651.92
249	4666.03
250	4678.85
251	4689.52
252	4697.61
253	4703.47
254	4707.82
255	4711.47
256	4715.24
257	4719.92
258	4726.33
259	4735.27
260	4747.44
261	4763.09
262	4781.82
263	4802.91
264	4825.62
265	4849.19
266	4872.88
267	4895.94
268	4917.62
269	4937.24
270	4954.38
271	4968.88
272	4980.72
273	4989.87
274	4996.29
275	4999.98
276	5000.90
277	4999.03
278	4994.47
279	4987.63
280	4979.24
281	4970.10
282	4961.03
283	4952.84
284	4946.34
285	4942.35
286	4941.63
287	4944.65
288	4951.06
289	4960.00
290	4970.44
291	4981.38
292	4991.81
293	5000.71
294	5007.07
295	5009.99
296	5009.17
297	5005.47
298	5000.36
299	4995.40
300	4992.16
301	4992.22
302	4997.15
303	5008.52
304	5027.52
305	5053.99
306	5085.79
307	5119.97
308	5153.53
309	5183.42
310	5206.63
311	5220.13
312	5220.96
313	5207.02
314	5178.97
315	5140.14
316	5094.70
317	5046.90
318	5000.96
319	4961.14
320	4931.66
321	4916.57
322	4918.44
323	4936.37
324	4967.08
325	5006.74
326	5051.50
327	5097.50
328	5140.88
329	5177.82
330	5204.76
331	5219.67
332	5223.12
333	5216.89
334	5202.96
335	5183.29
336	5159.89
337	5134.73
338	5109.78
339	5086.74
340	5066.46
341	5048.74
342	5033.06
343	5018.86
344	5005.56
345	4992.62
346	4979.46
347	4965.56
348	4950.62
349	4934.98
350	4919.42
351	4904.84
352	4892.13
353	4882.21
354	4875.97
355	4874.30
356	4878.00
357	4887.33
358	4901.63
359	4919.82
360	4940.72
361	4963.17
362	4986.02
363	5008.09
364	5028.24
365	5045.54
366	5059.77
367	5071.52
368	5081.61
369	5090.90
370	5100.24
371	5110.49
372	5122.50
373	5137.05
374	5154.53
375	5174.36
376	5195.33
377	5216.11
378	5235.37
379	5251.75
380	5263.93
381	5270.56
382	5270.56
383	5263.83
384	5251.69
385	5236.05
386	5218.89
387	5202.18
388	5187.90
389	5178.05
390	5174.52
391	5178.62
392	5189.96
393	5206.74
394	5226.80
395	5247.94
396	5267.98
397	5284.72
398	5295.97
399	5299.78
400	5295.22
401	5283.20
402	5265.52
403	5244.10
404	5220.88
405	5197.80
406	5176.78
407	5159.73
408	5148.21
409	5142.74
410	5142.78
411	5147.51
412	5156.09
413	5167.67
414	5181.39
415	5196.41
416	5211.89
417	5227.06
418	5241.26
419	5253.91
420	5264.42
421	5272.22
422	5276.74
423	5277.38
424	5273.60
425	5265.16
426	5252.85
427	5238.50
428	5224.28
429	5212.38
430	5204.99
431	5204.33
432	5212.56
433	5231.66
434	5262.27
435	5302.55
436	5349.27
437	5399.00
438	5448.26
439	5493.60
440	5531.55
441	5558.71
442	5572.46
443	5572.70
444	5561.82
445	5542.99
446	5519.43
447	5494.39
448	5471.08
449	5452.74
450	5442.33
451	5441.49
452	5449.41
453	5464.06
454	5483.21
455	5504.61
456	5526.02
457	5545.19
458	5559.94
459	5568.54
460	5570.74
461	5567.53
462	5560.29
463	5550.40
464	5539.26
465	5528.25
466	5518.78
467	5512.12
468	5509.18
469	5510.19
470	5515.11
471	5523.85
472	5536.34
473	5552.48
474	5572.20
475	5595.37
476	5621.68
477	5650.29
478	5679.95
479	5709.36
480	5737.17
481	5762.08
482	5782.75
483	5797.87
484	5806.34
485	5807.92
486	5803.35
487	5793.75
488	5780.29
489	5764.12
490	5746.41
491	5728.31
492	5710.96
493	5695.25
494	5681.70
495	5670.56
496	5662.08
497	5656.48
498	5653.98
499	5654.81
500	5659.18
501	5667.05
502	5677.64
503	5689.56
504	5701.27
505	5711.19
506	5717.73
507	5719.34
508	5714.45
509	5701.82
510	5681.51
511	5655.36
512	5625.91
513	5595.79
514	5567.63
515	5544.05
516	5527.68
517	5520.95
518	5525.07
519	5538.79
520	5559.42
521	5584.01
522	5609.59
523	5633.20
524	5651.86
525	5662.69
526	5663.44
527	5653.80
528	5635.05
529	5608.95
530	5577.27
531	5541.77
532	5504.23
533	5466.42
534	5429.97
535	5396.01
536	5365.02
537	5337.26
538	5312.96
539	5292.34
540	5275.63
541	5263.06
542	5254.80
543	5250.76
544	5250.41
545	5252.96
546	5257.60
547	5263.51
548	5269.87
549	5275.86
550	5280.68
551	5283.68
552	5284.51
553	5283.06
554	5279.27
555	5273.07
556	5264.42
557	5253.25
558	5239.52
559	5223.42
560	5205.84
561	5188.35
562	5172.68
563	5160.60
564	5153.88
565	5154.28
566	5163.55
567	5183.09
568	5212.93
569	5251.35
570	5296.01
571	5344.47
572	5394.32
573	5443.11
574	5488.43
575	5528.09
576	5561.06
577	5588.22
578	5611.35
579	5632.38
580	5653.21
581	5675.79
582	5702.01
583	5733.68
584	5771.79
585	5815.62
586	5863.51
587	5913.57
588	5963.91
589	6012.64
590	6057.88
591	6097.79
592	6131.03
593	6157.42
594	6177.69
595	6192.75
596	6203.54
597	6211.00
598	6216.06
599	6219.63
600	6222.33
601	6223.93
602	6223.40
603	6219.52
604	6211.03
605	6196.67
606	6175.21
607	6145.41
608	6106.44
609	6058.74
610	6004.20
611	5945.15
612	5883.99
613	5823.11
614	5764.88
615	5711.68
616	5665.56
617	5627.34
618	5596.29
619	5571.04
620	5550.21
621	5532.37
622	5516.11
623	5500.04
624	5482.84
625	5463.65
626	5442.27
627	5418.75
628	5393.22
629	5365.75
630	5336.47
631	5305.48
632	5272.90
633	5239.03
634	5204.39
635	5169.62
636	5135.40
637	5102.36
638	5071.18
639	5042.51
640	5016.96
641	4994.84
642	4975.93
643	4959.74
644	4945.75
645	4933.42
646	4922.21
647	4911.62
648	4901.17
649	4890.86
650	4881.56
651	4874.58
652	4871.33
653	4873.23
654	4881.68
655	4898.09
656	4923.69
657	4958.62
658	5000.84
659	5047.08
660	5093.81
661	5137.53
662	5174.69
663	5201.79
664	5215.57
665	5214.44
666	5200.23
667	5176.80
668	5148.38
669	5119.23
670	5093.60
671	5075.75
672	5069.70
673	5078.12
674	5100.81
675	5135.87
676	5181.09
677	5234.23
678	5293.07
679	5355.37
680	5418.97
681	5482.26
682	5544.65
683	5606.20
684	5667.06
685	5727.42
686	5787.44
687	5847.30
688	5907.19
689	5967.54
690	6029.17
691	6093.11
692	6160.47
693	6232.33
694	6309.79
695	6393.95
696	6485.77
697	6585.65
698	6692.81
699	6805.90
700	6923.42
701	7043.91
702	7165.86
703	7287.81
704	7408.34
705	7526.34
706	7641.32
707	7753.04
708	7861.32
709	7965.98
710	8066.83
711	8163.70
712	8256.42
713	8344.80
714	8428.72
715	8508.03
716	8582.61
717	8652.31
718	8717.00
719	8776.56
720	8830.80
721	8879.39
722	8921.77
723	8957.26
724	8985.21
725	9004.93
726	9015.75
727	9017.01
728	9008.07
729	8988.44
730	8957.80
731	8915.89
732	8862.48
733	8797.30
734	8720.12
735	8630.72
736	8529.43
737	8418.31
738	8301.20
739	8182.54
740	8066.78
741	7958.41
742	7861.88
743	7781.57
744	7720.83
745	7680.09
746	7657.35
747	7649.91
748	7655.02
749	7669.96
750	7691.98
751	7718.40
752	7746.96
753	7776.42
754	7806.21
755	7835.96
756	7865.26
757	7893.75
758	7921.02
759	7946.75
760	7970.81
761	7993.56
762	8015.59
763	8037.55
764	8060.09
765	8083.85
766	8109.47
767	8137.44
768	8167.59
769	8198.66
770	8228.96
771	8256.72
772	8280.18
773	8297.57
774	8307.14
775	8307.52
776	8298.57
777	8281.71
778	8258.84
779	8231.94
780	8202.98
781	8173.93
782	8146.76
783	8123.48
784	8106.10
785	8096.73
786	8097.44
787	8110.33
788	8137.49
789	8181.00
790	8242.83
791	8323.97
792	8423.34
793	8538.51
794	8666.82
795	8805.57
796	8952.07
797	9103.63
798	9257.77
799	9413.00
800	9569.43
801	9727.87
802	9889.28
803	10054.61
804	10224.79
805	10400.77
806	10583.50
807	10773.91
808	10972.90
809	11181.41
810	11400.32
811	11630.55
812	11873.01
813	12128.68
814	12398.99
815	12686.63
816	12995.21
817	13328.61
818	13690.68
819	14085.31
820	14516.35
821	14987.06
822	15497.61
823	16042.38
824	16612.83
825	17199.91
826	17794.57
827	18387.71
828	18970.34
829	19534.14
830	20073.50
831	20586.04
832	21070.55
833	21525.90
834	21951.01
835	22344.77
836	22706.04
837	23033.38
838	23324.50
839	23576.53
840	23786.42
841	23951.12
842	24067.58
843	24132.78
844	24144.52
845	24104.76
846	24022.64
847	23910.76
848	23782.29
849	23650.39
850	23528.24
851	23428.86
852	23363.39
853	23336.56
854	23346.42
855	23388.84
856	23459.53
857	23554.17
858	23668.46
859	23798.13
860	23939.25
861	24088.63
862	24243.48
863	24401.16
864	24559.01
865	24714.35
866	24864.52
867	25006.57
868	25136.41
869	25248.47
870	25336.59
871	25394.54
872	25416.11
873	25395.06
874	25325.53
875	25204.44
876	25036.02
877	24829.94
878	24597.24
879	24349.03
880	24096.42
881	23850.47
882	23621.17
883	23413.65
884	23225.56
885	23051.31
886	22884.85
887	22720.11
888	22551.03
889	22371.80
890	22178.95
891	21975.57
892	21770.22
893	21572.90
894	21393.73
895	21242.82
896	21130.21
897	21064.83
898	21050.14
899	21080.76
900	21147.26
901	21239.60
902	21347.73
903	21461.61
904	21571.33
905	21668.48
906	21748.80
907	21811.56
908	21856.98
909	21885.33
910	21896.89
911	21891.94
912	21870.67
913	21832.91
914	21777.91
915	21704.68
916	21612.15
917	21499.31
918	21365.11
919	21208.69
920	21030.81
921	20836.54
922	20634.28
923	20433.29
924	20242.89
925	20072.40
926	19931.06
927	19826.92
928	19762.94
929	19734.95
930	19735.91
931	19758.44
932	19795.14
933	19838.60
934	19881.67
935	19918.92
936	19948.91
937	19972.90
938	19992.71
939	20010.20
940	20027.23
941	20045.63
942	20066.69
943	20089.83
944	20112.35
945	20130.82
946	20141.75
947	20141.63
948	20126.98
949	20094.89
950	20045.60
951	19985.24
952	19923.02
953	19868.71
954	19832.08
955	19822.90
956	19850.63
957	19921.81
958	20034.66
959	20180.41
960	20348.43
961	20527.94
962	20708.16
963	20878.37
964	21028.37
965	21150.27
966	21239.27
967	21291.77
968	21304.32
969	21273.48
970	21195.80
971	21068.10
972	20888.59
973	20658.55
974	20380.93
975	20059.03
976	19696.18
977	19295.67
978	18860.95
979	18396.42
980	17909.44
981	17409.93
982	16908.52
983	16415.91
984	15942.77
985	15499.73
986	15096.50
987	14739.00
988	14428.25
989	14163.36
990	13943.21
991	13766.70
992	13632.70
993	13539.87
994	13485.67
995	13465.24
996	13472.51
997	13501.19
998	13544.99
999	13597.62
1000	13652.97
1001	13706.42
1002	13757.20
1003	13807.40
1004	13859.81
1005	13917.27
1006	13982.61
1007	14058.62
1008	14147.47
1009	14249.31
1010	14362.14
1011	14483.25
1012	14609.92
1013	14739.39
1014	14868.91
1015	14995.80
1016	15117.56
1017	15232.04
1018	15337.20
1019	15431.01
1020	15511.44
1021	15576.49
1022	15624.40
1023	15654.91
1024	15670.55
1025	15675.34
1026	15673.56
1027	15669.51
1028	15667.48
1029	15671.62
1030	15685.02
1031	15708.28
1032	15740.24
1033	15779.36
1034	15824.11
1035	15872.91
1036	15924.20
1037	15976.25
1038	16026.82
1039	16073.29
1040	16112.88
1041	16142.82
1042	16160.36
1043	16162.82
1044	16149.17
1045	16123.89
1046	16097.62
1047	16083.01
1048	16092.92
1049	16140.22
1050	16237.67
1051	16396.30
1052	16620.12
1053	16903.57
1054	17237.36
1055	17611.75
1056	18017.01
1057	18443.38
1058	18881.35
1059	19322.50
1060	19760.16
1061	20188.45
1062	20601.62
1063	20993.93
1064	21359.63
1065	21693.46
1066	21992.64
1067	22259.19
1068	22497.55
1069	22712.63
1070	22909.35
1071	23092.61
1072	23266.97
1073	23434.86
1074	23594.08
1075	23739.71
1076	23866.31
1077	23968.39
1078	24040.47
1079	24077.26
1080	24074.66
1081	24031.46
1082	23948.39
1083	23826.55
1084	23667.10
1085	23471.18
1086	23239.95
1087	22974.68
1088	22676.86
1089	22348.19
1090	21990.38
1091	21605.18
1092	21194.31
1093	20759.65
1094	20304.29
1095	19834.56
1096	19359.35
1097	18888.20
1098	18430.68
1099	17996.36
1100	17594.53
1101	17232.00
1102	16908.62
1103	16618.54
1104	16354.39
1105	16108.71
1106	15874.03
1107	15643.05
1108	15409.98
1109	15173.37
1110	14935.42
1111	14699.31
1112	14468.31
1113	14245.65
1114	14034.43
1115	13836.08
1116	13647.33
1117	13460.93
1118	13268.53
1119	13061.73
1120	12832.11
1121	12571.58
1122	12274.92
1123	11945.10
1124	11591.88
1125	11226.87
1126	10861.78
1127	10508.31
1128	10177.92
1129	9879.60
1130	9615.66
1131	9383.10
1132	9177.49
1133	8994.32
1134	8829.11
1135	8677.44
1136	8535.64
1137	8401.99
1138	8276.24
1139	8158.49
1140	8048.87
1141	7947.51
1142	7854.52
1143	7769.92
1144	7693.55
1145	7625.06
1146	7564.09
1147	7510.28
1148	7463.27
1149	7422.67
1150	7388.05
1151	7358.83
1152	7334.33
1153	7313.87
1154	7296.76
1155	7282.30
1156	7269.82
1157	7258.80
1158	7248.94
1159	7240.10
1160	7232.17
1161	7225.04
1162	7218.59
1163	7212.78
1164	7207.92
1165	7204.92
1166	7204.99
1167	7209.39
1168	7219.37
1169	7236.17
1170	7260.64
1171	7291.89
1172	7326.49
1173	7359.94
1174	7387.62
1175	7404.88
1176	7407.16
1177	7391.10
1178	7357.82
1179	7313.90
1180	7267.84
1181	7228.38
1182	7204.24
1183	7203.97
1184	7233.89
1185	7293.33
1186	7374.85
1187	7468.92
1188	7565.85
1189	7655.96
1190	7729.85
1191	7780.38
1192	7806.48
1193	7811.68
1194	7800.65
1195	7778.15
1196	7748.92
1197	7717.64
1198	7688.45
1199	7664.41
1200	7647.93
1201	7641.28
1202	7646.73
1203	7666.54
1204	7702.64
1205	7755.38
1206	7822.51
1207	7900.61
1208	7986.06
1209	8075.25
1210	8164.59
1211	8250.87
1212	8332.33
1213	8408.95
1214	8481.35
1215	8550.21
1216	8616.20
1217	8680.01
1218	8742.47
1219	8804.73
1220	8868.26
1221	8934.61
1222	9005.32
1223	9081.96
1224	9166.00
1225	9258.40
1226	9358.99
1227	9466.92
1228	9581.20
1229	9700.82
1230	9824.78
1231	9952.50
1232	10085.19
1233	10226.95
1234	10383.08
1235	10559.11
1236	10760.52
1237	10992.77
1238	11260.40
1239	11565.01
1240	11905.03
1241	12277.90
1242	12680.96
1243	13111.58
1244	13567.31
1245	14047.27
1246	14554.41
1247	15094.32
1248	15673.19
1249	16297.24
1250	16972.64
1251	17703.90
1252	18487.60
1253	19307.16
1254	20139.97
1255	20962.53
1256	21751.26
1257	22482.90
1258	23137.87
1259	23708.92
1260	24201.62
1261	24625.68
1262	24991.12
1263	25307.96
1264	25585.56
1265	25828.45
1266	26030.23
1267	26177.51
1268	26255.32
1269	26248.69
1270	26142.74
1271	25925.50
1272	25597.42
1273	25176.73
1274	24688.97
1275	24160.61
1276	23618.13
1277	23087.60
1278	22591.02
1279	22138.74
1280	21731.36
1281	21366.80
1282	21042.84
1283	20757.26
1284	20508.60
1285	20299.31
1286	20138.85
1287	20040.14
1288	20016.72
1289	20082.09
1290	20249.50
1291	20528.32
1292	20915.40
1293	21394.82
1294	21946.71
1295	22550.82
1296	23186.92
1297	23834.55
1298	24471.88
1299	25074.34
1300	25615.82
1301	26069.90
1302	26410.15
1303	26610.47
1304	26649.25
1305	26520.64
1306	26236.47
1307	25814.54
1308	25273.20
1309	24630.85
1310	23905.96
1311	23117.82
1312	22287.33
1313	21436.34
1314	20586.95
1315	19761.21
1316	18980.94
1317	18264.23
1318	17616.02
1319	17026.43
1320	16480.53
1321	15962.94
1322	15458.28
1323	14951.97
1324	14434.37
1325	13905.98
1326	13373.07
1327	12843.05
1328	12323.37
1329	11821.41
1330	11343.67
1331	10893.72
1332	10472.07
1333	10078.28
1334	9711.80
1335	9372.12
1336	9058.71
1337	8771.24
1338	8509.64
1339	8273.98
1340	8064.37
1341	7880.91
1342	7723.65
1343	7592.01
1344	7483.63
1345	7394.56
1346	7320.44
1347	7256.85
1348	7199.42
1349	7144.05
1350	7087.94
1351	7030.24
1352	6970.96
1353	6910.17
1354	6847.97
1355	6784.52
1356	6720.29
1357	6656.56
1358	6595.14
1359	6537.95
1360	6486.92
1361	6443.95
1362	6410.27
1363	6384.78
1364	6363.87
1365	6343.06
1366	6317.82
1367	6283.60
1368	6236.31
1369	6174.02
1370	6098.67
1371	6014.08
1372	5924.35
1373	5833.60
1374	5745.80
1375	5663.67
1376	5586.71
1377	5512.03
1378	5436.18
1379	5355.65
1380	5267.03
1381	5168.02
1382	5060.28
1383	4950.03
1384	4845.02
1385	4753.16
1386	4682.31
1387	4639.57
1388	4628.07
1389	4644.24
1390	4681.37
1391	4732.24
1392	4789.64
1393	4846.63
1394	4898.57
1395	4946.10
1396	4993.44
1397	5045.64
1398	5107.75
1399	5184.71
1400	5279.95
1401	5392.22
1402	5515.74
1403	5643.38
1404	5767.90
1405	5882.14
1406	5979.98
1407	6059.59
1408	6124.97
1409	6182.32
1410	6238.15
1411	6298.96
1412	6371.33
1413	6462.14
1414	6578.86
1415	6729.27
1416	6921.18
1417	7162.40
1418	7460.45
1419	7820.67
1420	8243.27
1421	8725.10
1422	9262.27
1423	9850.82
1424	10487.20
1425	11171.78
1426	11916.22
1427	12742.01
1428	13673.39
1429	14734.74
1430	15949.88
1431	17334.31
1432	18874.43
1433	20524.29
1434	22227.02
1435	23924.75
1436	25559.73
1437	27077.34
1438	28435.89
1439	29611.81
1440	30588.74
1441	31351.25
1442	31884.06
1443	32174.79
1444	32225.69
1445	32063.81
1446	31727.90
1447	31258.57
1448	30696.43
1449	30080.87
1450	29443.96
1451	28803.09
1452	28167.51
1453	27544.94
1454	26943.02
1455	26368.59
1456	25822.93
1457	25294.60
1458	24763.95
1459	24209.53
1460	23609.86
1461	22944.35
1462	22200.00
1463	21383.08
1464	20514.10
1465	19617.01
1466	18715.96
1467	17834.57
1468	16991.55
1469	16191.88
1470	15429.22
1471	14694.21
1472	13977.29
1473	13269.21
1474	12563.77
1475	11863.93
1476	11180.96
1477	10528.49
1478	9920.33
1479	9369.99
1480	8887.49
1481	8471.88
1482	8111.57
1483	7791.75
1484	7497.35
1485	7213.52
1486	6928.19
1487	6638.34
1488	6350.18
1489	6072.80
1490	5815.52
1491	5587.50
1492	5395.67
1493	5239.58
1494	5111.08
1495	4999.53
1496	4894.10
1497	4784.13
1498	4660.98
1499	4522.94
1500	4375.41
1501	4226.14
1502	4083.04
1503	3953.92
1504	3845.03
1505	3757.55
1506	3687.44
1507	3629.01
1508	3576.47
1509	3524.09
1510	3467.17
1511	3404.36
1512	3337.51
1513	3269.51
1514	3203.28
1515	3141.72
1516	3087.18
1517	3040.41
1518	3000.64
1519	2966.69
1520	2937.35
1521	2911.41
1522	2887.92
1523	2866.52
1524	2847.41
1525	2830.92
1526	2817.40
1527	2807.11
1528	2799.73
1529	2793.37
1530	2784.97
1531	2771.19
1532	2748.66
1533	2714.24
1534	2666.36
1535	2607.12
1536	2541.06
1537	2473.26
1538	2408.80
1539	2352.56
1540	2308.08
1541	2276.09
1542	2255.78
1543	2246.02
1544	2245.66
1545	2253.47
1546	2267.88
1547	2286.68
1548	2307.34
1549	2327.29
1550	2343.96
1551	2354.90
1552	2358.15
1553	2352.45
1554	2336.85
1555	2310.45
1556	2272.36
1557	2222.51
1558	2163.61
1559	2101.64
1560	2043.71
1561	1997.02
1562	1968.62
1563	1963.61
1564	1981.26
1565	2015.53
1566	2058.86
1567	2103.60
1568	2142.32
1569	2169.38
1570	2183.51
1571	2186.50
1572	2180.87
1573	2169.14
1574	2153.80
1575	2137.05
1576	2120.55
1577	2105.65
1578	2093.67
1579	2085.90
1580	2083.51
1581	2087.05
1582	2096.23
1583	2110.41
1584	2128.90
1585	2151.01
1586	2176.02
1587	2203.14
1588	2231.50
1589	2260.21
1590	2288.37
1591	2315.12
1592	2339.76
1593	2362.11
1594	2382.30
1595	2400.57
1596	2417.16
1597	2432.45
1598	2447.59
1599	2465.17
1600	2488.44
1601	2520.82
1602	2565.63
1603	2625.26
1604	2698.44
1605	2779.45
1606	2860.95
1607	2935.44
1608	2995.67
1609	3036.83
1610	3060.72
1611	3074.53
1612	3086.79
1613	3106.14
1614	3141.02
1615	3198.73
1616	3284.45
1617	3402.27
1618	3556.05
1619	3749.59
1620	3985.46
1621	4261.72
1622	4570.95
1623	4903.80
1624	5250.72
1625	5602.56
1626	5953.46
1627	6305.98
1628	6668.88
1629	7052.45
1630	7467.01
1631	7922.33
1632	8425.33
1633	8978.34
1634	9581.54
1635	10234.83
1636	10938.25
1637	11694.06
1638	12511.41
1639	13406.12
1640	14396.04
1641	15499.12
1642	16732.90
1643	18112.21
1644	19646.47
1645	21342.07
1646	23204.81
1647	25239.97
1648	27445.15
1649	29790.28
1650	32213.32
1651	34641.10
1652	36999.36
1653	39213.20
1654	41203.47
1655	42881.44
1656	44152.26
1657	44919.81
1658	45088.98
1659	44582.82
1660	43394.84
1661	41607.75
1662	39337.46
1663	36703.45
1664	33824.41
1665	30812.20
1666	27762.64
1667	24760.93
1668	21889.87
1669	19231.56
1670	16858.15
1671	14803.15
1672	13051.09
1673	11568.29
1674	10319.07
1675	9268.04
1676	8382.27
1677	7634.40
1678	7000.59
1679	6457.81
1680	5983.19
1681	5556.34
1682	5165.82
1683	4810.55
1684	4493.06
1685	4216.20
1686	3982.44
1687	3791.81
1688	3639.32
1689	3517.24
1690	3417.27
1691	3331.21
1692	3252.03
1693	3176.37
1694	3104.46
1695	3037.61
1696	2977.20
1697	2924.34
1698	2878.79
1699	2838.07
1700	2798.64
1701	2756.86
1702	2709.26
1703	2654.10
1704	2594.10
1705	2535.28
1706	2484.49
1707	2448.52
1708	2432.89
1709	2438.28
1710	2459.52
1711	2489.30
1712	2520.15
1713	2545.34
1714	2562.63
1715	2578.25
1716	2602.96
1717	2648.27
1718	2725.33
1719	2841.30
1720	2992.40
1721	3165.96
1722	3346.97
1723	3520.44
1724	3674.47
1725	3808.78
1726	3937.62
1727	4080.56
1728	4257.66
1729	4487.20
1730	4777.82
1731	5120.44
1732	5496.97
1733	5887.79
1734	6273.73
1735	6639.69
1736	6980.85
1737	7299.89
1738	7601.26
1739	7889.36
1740	8166.19
1741	8425.89
1742	8654.39
1743	8835.00
1744	8950.91
1745	8987.15
1746	8936.86
1747	8804.90
1748	8601.01
1749	8335.55
1750	8018.74
1751	7659.98
1752	7267.00
1753	6846.65
1754	6405.61
1755	5950.71
1756	5489.67
1757	5032.59
1758	4591.22
1759	4177.70
1760	3803.96
1761	3479.36
1762	3205.36
1763	2976.13
1764	2783.72
1765	2620.02
1766	2477.53
1767	2350.93
1768	2237.48
1769	2135.36
1770	2042.84
1771	1958.19
1772	1879.65
1773	1805.44
1774	1733.75
1775	1662.82
1776	1591.21
1777	1519.50
1778	1451.80
1779	1393.98
1780	1352.19
1781	1332.00
1782	1335.36
1783	1356.54
1784	1385.37
1785	1410.79
1786	1422.26
1787	1413.53
1788	1388.50
1789	1358.02
1790	1334.46
1791	1329.77
1792	1351.21
1793	1393.69
1794	1442.50
1795	1480.54
1796	1491.04
1797	1462.34
1798	1397.49
1799	1312.27
1800	1225.99
1801	1157.84
1802	1122.85
1803	1123.28
1804	1149.27
1805	1187.39
1806	1224.08
1807	1247.97
1808	1254.69
1809	1247.00
1810	1229.88
1811	1208.45
1812	1187.66
1813	1171.69
1814	1163.99
1815	1167.74
1816	1185.98
1817	1220.19
1818	1266.42
1819	1314.91
1820	1353.99
1821	1372.00
1822	1360.04
1823	1318.60
1824	1258.28
1825	1193.03
1826	1136.89
1827	1101.45
1828	1089.96
1829	1096.95
1830	1114.09
1831	1132.95
1832	1146.38
1833	1151.54
1834	1149.88
1835	1144.21
1836	1137.38
1837	1131.79
1838	1128.31
1839	1126.40
1840	1125.13
1841	1123.53
1842	1120.86
1843	1117.06
1844	1112.61
1845	1108.13
1846	1104.26
1847	1101.32
1848	1098.92
1849	1096.10
1850	1091.76
1851	1084.87
1852	1074.94
1853	1062.74
1854	1049.92
1855	1038.30
1856	1029.67
1857	1025.44
1858	1026.31
1859	1032.52
1860	1044.24
1861	1061.45
1862	1083.15
1863	1106.69
1864	1128.56
1865	1145.15
1866	1153.41
1867	1152.65
1868	1145.67
1869	1136.72
1870	1130.19
1871	1129.65
1872	1135.82
1873	1146.01
1874	1156.38
1875	1163.06
1876	1163.12
1877	1156.49
1878	1145.73
1879	1134.11
1880	1124.86
1881	1120.17
1882	1119.82
1883	1121.88
1884	1124.01
1885	1123.98
1886	1120.22
1887	1112.37
1888	1100.75
1889	1085.79
1890	1068.02
1891	1048.44
1892	1028.66
1893	1010.55
1894	996.00
1895	986.70
1896	983.71
1897	987.40
1898	997.97
1899	1015.49
1900	1039.23
1901	1066.53
1902	1093.34
1903	1115.32
1904	1128.54
1905	1131.29
1906	1125.88
1907	1116.59
1908	1107.98
1909	1103.87
1910	1105.28
1911	1109.86
1912	1114.05
1913	1114.32
1914	1108.22
1915	1096.34
1916	1081.61
1917	1067.55
1918	1057.45
1919	1053.06
1920	1053.30
1921	1055.63
1922	1057.31
1923	1056.29
1924	1053.08
1925	1051.16
1926	1055.05
1927	1069.01
1928	1094.45
1929	1125.65
1930	1151.81
1931	1161.02
1932	1143.12
1933	1096.60
1934	1033.62
1935	972.45
1936	931.82
1937	926.07
1938	955.93
1939	1009.51
1940	1071.25
1941	1126.18
1942	1164.35
1943	1185.56
1944	1194.86
1945	1198.16
1946	1200.05
1947	1200.32
1948	1193.49
1949	1172.34
1950	1130.22
1951	1065.56
1952	987.75
1953	912.87
1954	858.16
1955	837.78
1956	854.15
1957	895.53
1958	945.15
1959	986.59
1960	1009.34
1961	1016.29
1962	1018.76
1963	1029.67
1964	1058.94
1965	1104.98
1966	1152.43
1967	1181.06
1968	1171.66
1969	1114.87
1970	1022.72
1971	920.09
1972	834.14
1973	787.53
1974	787.04
1975	822.11
1976	876.44
1977	933.96
1978	982.73
1979	1018.80
1980	1042.41
1981	1054.61
1982	1057.02
1983	1052.84
1984	1046.70
1985	1043.60
1986	1047.86
1987	1060.40
1988	1076.94
1989	1090.94
1990	1095.83
1991	1087.26
1992	1066.30
1993	1037.76
1994	1007.29
1995	980.08
1996	959.52
1997	947.03
1998	943.32
1999	948.66
2000	961.41
2001	976.47
2002	987.08
2003	986.59
2004	971.48
2005	946.43
2006	922.25
2007	911.10
2008	922.29
2009	954.87
2010	996.10
2011	1029.27
2012	1039.07
2013	1018.94
2014	977.18
2015	929.09
2016	890.48
2017	873.28
2018	880.06
2019	907.21
2020	949.68
2021	1001.63
2022	1055.09
2023	1100.04
2024	1125.97
2025	1124.63
2026	1096.99
2027	1056.11
2028	1019.66
2029	1004.05
2030	1016.37
2031	1047.02
2032	1078.26
2033	1092.06
2034	1078.00
2035	1043.16
2036	1005.86
2037	986.27
2038	998.85
2039	1041.70
2040	1099.26
2041	1152.52
2042	1185.59
2043	1193.95
2044	1185.18
2045	1170.71
2046	1160.67
2047	1158.54
2048	1158.97
2049	1153.28
2050	1133.74
2051	1099.15
2052	1058.77
2053	1026.56
2054	1015.88
2055	1032.80
2056	1069.49
2057	1110.92
2058	1141.39
2059	1149.60
2060	1133.76
2061	1097.87
2062	1047.30
2063	988.73
2064	932.03
2065	889.15
2066	872.04
2067	888.15
2068	933.06
2069	993.31
2070	1053.44
2071	1100.41
2072	1128.44
2073	1137.71
2074	1130.14
2075	1108.94
2076	1080.86
2077	1055.71
2078	1043.94
2079	1053.13
2080	1081.96
2081	1120.93
2082	1158.35
2083	1184.36
2084	1195.40
2085	1193.79
2086	1183.57
2087	1168.15
2088	1148.84
2089	1124.92
2090	1095.22
2091	1060.17
2092	1025.12
2093	999.88
2094	995.15
2095	1017.48
2096	1061.15
2097	1109.80
2098	1144.63
2099	1151.94
2100	1132.46
2101	1098.58
2102	1065.32
2103	1044.17
2104	1037.07
2105	1038.98
2106	1043.39
2107	1045.63
2108	1045.55
2109	1045.94
2110	1049.97
2111	1058.84
2112	1069.69
2113	1077.36
2114	1076.83
2115	1066.33
2116	1050.00
2117	1034.86
2118	1027.76
2119	1032.54
2120	1048.42
2121	1072.68
2122	1101.97
2123	1131.74
2124	1155.96
2125	1168.16
2126	1163.39
2127	1141.59
2128	1107.59
2129	1067.82
2130	1030.10
2131	1005.60
2132	1007.95
2133	1049.66
2134	1131.88
2135	1231.73
2136	1312.46
2137	1339.20
2138	1299.43
2139	1216.81
2140	1131.06
2141	1078.42
2142	1073.68
2143	1106.24
2144	1156.78
2145	1207.33
2146	1246.24
2147	1267.27
2148	1266.12
2149	1241.84
2150	1200.41
2151	1151.84
2152	1106.57
2153	1073.34
2154	1058.30
2155	1066.22
2156	1098.51
2157	1146.15
2158	1189.89
2159	1208.44
2160	1188.67
2161	1136.65
2162	1070.78
2163	1010.89
2164	970.82
2165	955.14
2166	964.15
2167	994.82
2168	1035.46
2169	1066.16
2170	1066.53
2171	1028.49
2172	970.28
2173	925.20
2174	922.97
2175	967.35
2176	1028.42
2177	1065.11
2178	1048.42
2179	984.38
2180	905.26
2181	846.43
2182	827.44
2183	842.07
2184	872.77
2185	902.95
2186	923.70
2187	933.01
2188	931.11
2189	919.98
2190	904.46
2191	890.65
2192	883.35
2193	882.45
2194	883.13
2195	879.67
2196	868.95
2197	852.96
2198	836.18
2199	822.83
2200	814.81
2201	811.86
2202	813.36
2203	820.41
2204	837.10
2205	868.68
2206	917.05
2207	973.85
2208	1021.93
2209	1043.67
2210	1030.45
2211	987.62
2212	926.67
2213	860.85
2214	805.75
2215	778.29
2216	790.92
2217	837.89
2218	891.44
2219	918.87
2220	904.28
2221	866.59
2222	842.45
2223	858.93
2224	904.96
2225	936.37
2226	908.81
2227	816.22
2228	706.46
2229	644.40
2230	667.79
2231	751.83
2232	836.67
2233	871.58
2234	853.47
2235	821.09
2236	816.97
2237	852.10
2238	895.34
2239	903.85
2240	857.93
2241	784.58
2242	732.94
2243	738.44
2244	791.53
2245	850.73
2246	876.70
2247	862.17
2248	832.25
2249	816.89
2250	824.54
2251	833.41
2252	813.61
2253	754.72
2254	683.81
2255	644.16
2256	664.28
2257	732.63
2258	812.97
2259	871.73
2260	897.29
2261	895.85
2262	878.65
2263	858.42
2264	848.77
2265	858.58
2266	877.65
2267	873.01
2268	811.71
2269	696.05
2270	579.86
2271	529.83
2272	573.63
2273	669.78
2274	750.04
2275	771.87
2276	749.79
2277	725.28
2278	727.74
2279	751.35
2280	771.85
2281	772.95
2282	764.40
2283	770.17
2284	803.58
2285	845.58
2286	858.08
2287	815.59
2288	733.56
2289	653.80
2290	611.96
2291	613.74
2292	644.32
2293	686.96
2294	731.57
2295	772.56
2296	803.86
2297	815.80
2298	797.92
2299	751.07
2300	702.60
2301	692.89
2302	741.17
2303	814.63
2304	855.19
2305	831.14
2306	773.78
2307	742.31
2308	769.47
2309	831.23
2310	880.10
2311	883.52
2312	838.69
2313	758.26
2314	667.13
2315	603.07
2316	597.40
2317	642.48
2318	689.64
2319	694.81
2320	667.06
2321	659.69
2322	711.31
2323	793.09
2324	834.91
2325	794.22
2326	704.15
2327	632.74
2328	623.90
2329	673.04
2330	754.24
2331	837.75
2332	893.54
2333	899.38
2334	855.74
2335	781.95
2336	702.63
2337	643.12
2338	625.09
2339	652.18
2340	700.92
2341	740.54
2342	753.73
2343	739.24
2344	705.50
2345	672.48
2346	663.64
2347	683.26
2348	701.75
2349	684.15
2350	628.92
2351	570.75
2352	545.08
2353	561.62
2354	612.11
2355	682.70
2356	756.78
2357	817.25
2358	848.64
2359	839.27
2360	791.11
2361	730.43
2362	688.33
2363	670.50
2364	656.08
2365	637.60
2366	656.13
2367	760.91
2368	922.98
2369	1019.71
2370	961.52
2371	815.68
2372	727.23
2373	758.10
2374	841.54
2375	888.94
2376	869.00
2377	794.13
2378	699.64
2379	634.95
2380	634.71
2381	690.68
2382	767.83
2383	820.69
2384	806.62
2385	727.51
2386	662.07
2387	687.41
2388	776.60
2389	830.72
2390	794.79
2391	700.11
2392	603.73
2393	548.42
2394	558.26
2395	629.27
2396	731.55
2397	819.49
2398	840.72
2399	778.49
2400	697.32
2401	679.83
2402	730.81
2403	789.30
2404	805.81
2405	771.02
2406	702.52
2407	639.73
2408	618.88
2409	645.69
2410	700.32
2411	744.86
2412	743.51
2413	710.83
2414	709.73
2415	759.87
2416	794.24
2417	757.58
2418	685.84
2419	640.55
2420	633.53
2421	643.58
2422	652.68
2423	652.89
2424	644.34
2425	631.59
2426	616.94
2427	601.53
2428	595.80
2429	615.03
2430	646.97
2431	649.06
2432	615.01
2433	600.89
2434	641.66
2435	703.34
2436	745.49
2437	762.28
2438	752.24
2439	703.23
2440	636.08
2441	619.68
2442	667.97
2443	691.66
2444	644.35
2445	599.31
2446	624.61
2447	708.06
2448	793.16
2449	820.46
2450	794.43
