150	4761.65
151	4752.51
152	4743.68
153	4738.68
154	4737.54
155	4739.59
156	4743.93
157	4749.66
158	4755.87
159	4761.65
160	4766.09
161	4768.29
162	4767.51
163	4763.53
164	4756.85
165	4748.21
166	4738.35
167	4728.05
168	4718.07
169	4709.16
170	4702.09
171	4697.56
172	4696.11
173	4698.02
174	4703.50
175	4712.74
176	4725.95
177	4743.32
178	4765.05
179	4791.32
180	4822.20
181	4857.24
182	4895.35
183	4935.24
184	4975.59
185	5015.07
186	5052.36
187	5086.13
188	5115.08
189	5138.22
190	5155.74
191	5169.25
192	5180.83
193	5192.63
194	5206.79
195	5225.46
196	5250.79
197	5284.88
198	5329.25
199	5383.39
200	5444.50
201	5508.96
202	5573.12
203	5633.30
204	5685.84
205	5727.06
206	5753.37
207	5762.10
208	5753.70
209	5731.84
210	5701.25
211	5666.71
212	5633.04
213	5605.04
214	5587.50
215	5585.13
216	5601.41
217	5636.13
218	5685.60
219	5745.09
220	5809.80
221	5874.92
222	5935.65
223	5987.19
224	6024.87
225	6045.27
226	6048.50
227	6037.56
228	6016.28
229	5988.49
230	5958.05
231	5928.82
232	5904.64
233	5889.24
234	5885.26
235	5892.68
236	5909.57
237	5933.53
238	5962.14
239	5992.98
240	6023.65
241	6051.70
242	6074.87
243	6091.61
244	6102.13
245	6107.67
246	6109.66
247	6109.56
248	6108.84
249	6108.95
250	6111.34
251	6117.36
252	6127.81
253	6142.40
254	6160.36
255	6180.79
256	6202.79
257	6225.48
258	6247.96
259	6269.34
260	6288.86
261	6306.33
262	6322.40
263	6338.09
264	6354.48
265	6372.65
266	6393.66
267	6418.60
268	6448.51
269	6484.12
270	6524.91
271	6568.92
272	6613.63
273	6656.49
274	6694.94
275	6726.42
276	6748.37
277	6758.29
278	6754.41
279	6737.11
280	6708.76
281	6672.35
282	6630.87
283	6587.35
284	6544.79
285	6506.19
286	6474.48
287	6451.79
288	6438.35
289	6433.12
290	6434.68
291	6441.65
292	6452.63
293	6466.22
294	6481.02
295	6495.69
296	6509.27
297	6521.44
298	6532.28
299	6541.90
300	6550.44
301	6558.01
302	6564.73
303	6570.74
304	6576.10
305	6580.63
306	6583.83
307	6585.06
308	6583.65
309	6578.96
310	6570.32
311	6557.09
312	6538.63
313	6514.62
314	6485.75
315	6453.70
316	6420.45
317	6388.01
318	6358.38
319	6333.57
320	6315.58
321	6306.31
322	6306.92
323	6316.79
324	6334.07
325	6356.66
326	6382.41
327	6409.19
328	6434.88
329	6457.35
330	6474.69
331	6486.11
332	6492.70
333	6496.46
334	6499.50
335	6503.98
336	6512.02
337	6525.75
338	6547.28
339	6578.07
340	6617.33
341	6661.77
342	6707.21
343	6749.38
344	6784.02
345	6806.86
346	6813.66
347	6800.34
348	6764.52
349	6707.97
350	6635.57
351	6552.94
352	6465.75
353	6379.65
354	6300.31
355	6233.37
356	6183.98
357	6154.85
358	6144.45
359	6149.25
360	6165.40
361	6189.02
362	6216.25
363	6243.22
364	6266.11
365	6281.78
366	6289.35
367	6290.36
368	6287.17
369	6282.19
370	6277.84
371	6276.52
372	6280.67
373	6292.53
374	6313.35
375	6341.99
376	6375.79
377	6411.75
378	6446.84
379	6478.06
380	6502.37
381	6516.79
382	6518.78
383	6507.75
384	6485.89
385	6456.54
386	6423.16
387	6389.22
388	6358.20
389	6333.58
390	6318.73
391	6316.12
392	6325.73
393	6345.45
394	6372.63
395	6404.60
396	6438.66
397	6472.13
398	6502.34
399	6526.80
400	6544.01
401	6554.16
402	6558.25
403	6557.41
404	6552.77
405	6545.48
406	6536.66
407	6527.44
408	6518.84
409	6511.53
410	6505.88
411	6502.13
412	6500.55
413	6501.38
414	6504.87
415	6511.27
416	6520.76
417	6533.20
418	6547.79
419	6563.38
420	6578.77
421	6592.77
422	6604.16
423	6611.75
424	6614.35
425	6611.03
426	6601.74
427	6587.27
428	6568.71
429	6547.14
430	6523.68
431	6499.44
432	6475.49
433	6452.91
434	6432.41
435	6414.12
436	6397.86
437	6383.36
438	6370.37
439	6358.63
440	6347.88
441	6337.88
442	6328.48
443	6319.88
444	6312.59
445	6307.25
446	6304.49
447	6304.96
448	6309.28
449	6318.10
450	6331.98
451	6351.08
452	6374.89
453	6402.50
454	6432.98
455	6465.39
456	6498.76
457	6532.15
458	6564.63
459	6595.33
460	6623.63
461	6649.15
462	6671.53
463	6690.44
464	6705.54
465	6716.50
466	6722.99
467	6724.79
468	6722.17
469	6716.22
470	6708.34
471	6700.01
472	6692.71
473	6687.89
474	6687.03
475	6691.55
476	6702.47
477	6719.77
478	6742.74
479	6770.45
480	6801.98
481	6836.43
482	6872.85
483	6910.35
484	6947.99
485	6984.88
486	7020.15
487	7052.92
488	7082.33
489	7107.50
490	7127.58
491	7141.69
492	7149.04
493	7149.20
494	7142.49
495	7129.64
496	7111.46
497	7088.75
498	7062.32
499	7032.98
500	7001.54
501	6968.93
502	6936.38
503	6905.38
504	6877.51
505	6854.34
506	6837.44
507	6828.39
508	6828.75
509	6839.70
510	6860.86
511	6889.76
512	6923.09
513	6957.41
514	6989.30
515	7015.35
516	7032.13
517	7036.46
518	7026.56
519	7003.59
520	6970.34
521	6929.94
522	6885.53
523	6840.25
524	6797.24
525	6759.57
526	6729.65
527	6708.05
528	6693.71
529	6685.15
530	6680.87
531	6679.35
532	6679.09
533	6678.57
534	6676.39
535	6671.47
536	6663.19
537	6651.08
538	6634.70
539	6613.59
540	6587.30
541	6555.41
542	6517.57
543	6474.13
544	6426.59
545	6377.02
546	6327.62
547	6280.56
548	6238.02
549	6202.19
550	6175.13
551	6157.98
552	6149.72
553	6147.82
554	6149.39
555	6151.55
556	6151.39
557	6146.03
558	6132.65
559	6109.33
560	6076.88
561	6038.72
562	5999.03
563	5962.06
564	5932.04
565	5913.23
566	5909.82
567	5925.29
568	5960.36
569	6012.17
570	6076.55
571	6149.19
572	6225.76
573	6301.95
574	6373.44
575	6436.34
576	6488.81
577	6532.40
578	6570.25
579	6605.73
580	6642.24
581	6683.17
582	6731.91
583	6791.59
584	6863.72
585	6946.49
586	7036.10
587	7128.37
588	7219.10
589	7304.08
590	7379.13
591	7440.20
592	7484.51
593	7512.47
594	7526.82
595	7530.86
596	7527.95
597	7521.41
598	7514.58
599	7510.73
600	7512.31
601	7519.38
602	7529.81
603	7540.88
604	7549.81
605	7553.82
606	7550.12
607	7535.99
608	7509.23
609	7469.52
610	7418.59
611	7358.84
612	7292.73
613	7222.72
614	7151.28
615	7080.86
616	7013.70
617	6951.22
618	6893.80
619	6841.42
620	6794.01
621	6751.51
622	6713.85
623	6680.97
624	6652.69
625	6628.45
626	6607.06
627	6587.09
628	6567.06
629	6545.50
630	6520.93
631	6491.90
632	6457.17
633	6416.65
634	6372.11
635	6326.21
636	6281.72
637	6241.43
638	6208.14
639	6184.60
640	6173.31
641	6175.23
642	6188.55
643	6210.06
644	6236.31
645	6263.86
646	6289.26
647	6309.06
648	6320.05
649	6320.43
650	6311.05
651	6294.23
652	6272.54
653	6248.56
654	6224.87
655	6204.06
656	6188.54
657	6179.87
658	6177.77
659	6180.95
660	6187.91
661	6197.15
662	6207.18
663	6216.50
664	6223.72
665	6228.00
666	6229.73
667	6230.03
668	6230.12
669	6231.24
670	6234.64
671	6241.56
672	6253.17
673	6270.30
674	6292.98
675	6320.82
676	6353.32
677	6389.97
678	6430.29
679	6473.77
680	6519.94
681	6568.45
682	6619.20
683	6672.26
684	6727.72
685	6785.68
686	6846.23
687	6909.45
688	6975.44
689	7044.13
690	7115.28
691	7188.48
692	7263.31
693	7339.36
694	7416.21
695	7493.44
696	7570.72
697	7648.14
698	7726.67
699	7807.69
700	7892.68
701	7983.11
702	8080.47
703	8186.23
704	8301.67
705	8427.15
706	8561.36
707	8702.18
708	8847.35
709	8994.60
710	9141.67
711	9286.30
712	9426.32
713	9560.06
714	9686.57
715	9805.24
716	9915.54
717	10016.90
718	10108.78
719	10190.64
720	10262.04
721	10323.00
722	10374.16
723	10416.45
724	10450.81
725	10478.18
726	10499.53
727	10515.77
728	10527.65
729	10535.07
730	10537.01
731	10532.04
732	10518.75
733	10495.67
734	10461.38
735	10414.48
736	10354.27
737	10282.22
738	10202.14
739	10118.53
740	10035.94
741	9958.96
742	9892.16
743	9840.00
744	9805.95
745	9790.66
746	9792.37
747	9808.66
748	9837.07
749	9875.14
750	9920.41
751	9970.45
752	10023.14
753	10077.10
754	10131.43
755	10185.36
756	10238.11
757	10288.90
758	10336.98
759	10381.57
760	10421.99
761	10457.67
762	10488.15
763	10512.95
764	10531.61
765	10543.66
766	10548.63
767	10546.25
768	10536.93
769	10522.25
770	10504.30
771	10485.20
772	10467.12
773	10452.19
774	10442.54
775	10439.98
776	10445.21
777	10457.60
778	10476.05
779	10499.42
780	10526.57
781	10556.38
782	10587.76
783	10620.41
784	10656.18
785	10698.79
786	10752.47
787	10821.48
788	10910.09
789	11022.57
790	11162.95
791	11333.82
792	11534.55
793	11762.46
794	12014.44
795	12287.40
796	12578.21
797	12883.76
798	13200.97
799	13526.93
800	13859.02
801	14194.73
802	14531.59
803	14867.11
804	15198.81
805	15524.24
806	15841.28
807	16149.06
808	16448.07
809	16739.29
810	17023.71
811	17302.35
812	17576.24
813	17846.46
814	18114.80
815	18384.85
816	18661.55
817	18950.17
818	19256.04
819	19584.44
820	19940.67
821	20329.55
822	20753.32
823	21209.50
824	21693.22
825	22199.17
826	22722.03
827	23256.49
828	23797.26
829	24339.38
830	24879.21
831	25414.66
832	25944.19
833	26466.34
834	26979.62
835	27482.56
836	27973.62
837	28450.67
838	28910.04
839	29346.90
840	29756.14
841	30132.63
842	30471.23
843	30766.85
844	31015.10
845	31215.32
846	31373.25
847	31497.72
848	31598.05
849	31683.58
850	31763.64
851	31847.48
852	31943.05
853	32054.08
854	32179.79
855	32317.96
856	32466.28
857	32622.39
858	32783.96
859	32948.61
860	33113.67
861	33275.85
862	33431.46
863	33576.73
864	33707.88
865	33821.14
866	33912.75
867	33979.14
868	34017.53
869	34026.16
870	34003.71
871	33948.88
872	33860.38
873	33736.92
874	33577.42
875	33382.47
876	33157.00
877	32909.18
878	32647.99
879	32382.46
880	32121.63
881	31874.45
882	31648.62
883	31446.10
884	31259.97
885	31079.46
886	30893.29
887	30690.11
888	30458.64
889	30187.98
890	29871.35
891	29513.41
892	29128.32
893	28732.83
894	28343.81
895	27978.16
896	27652.68
897	27382.57
898	27175.18
899	27025.08
900	26921.08
901	26851.10
902	26803.04
903	26764.80
904	26724.50
905	26672.54
906	26605.67
907	26525.98
908	26437.06
909	26342.54
910	26246.11
911	26151.37
912	26061.47
913	25977.20
914	25895.66
915	25812.30
916	25722.37
917	25621.07
918	25503.63
919	25365.48
920	25203.98
921	25021.51
922	24824.44
923	24620.12
924	24415.96
925	24219.39
926	24037.78
927	23877.71
928	23742.40
929	23630.41
930	23538.36
931	23462.69
932	23399.78
933	23346.05
934	23297.97
935	23252.43
936	23207.37
937	23161.39
938	23113.23
939	23061.67
940	23005.46
941	22943.38
942	22874.37
943	22797.97
944	22714.41
945	22624.16
946	22527.69
947	22425.50
948	22318.07
949	22206.18
950	22092.00
951	21980.48
952	21877.92
953	21790.92
954	21726.07
955	21689.94
956	21688.91
957	21727.29
958	21803.54
959	21911.21
960	22042.55
961	22189.70
962	22344.79
963	22499.98
964	22647.42
965	22779.26
966	22887.73
967	22965.03
968	23003.40
969	22995.04
970	22932.21
971	22807.80
972	22618.69
973	22370.07
974	22071.84
975	21734.86
976	21370.01
977	20988.18
978	20600.14
979	20215.56
980	19840.90
981	19479.82
982	19135.18
983	18809.81
984	18506.49
985	18228.05
986	17977.19
987	17756.25
988	17567.06
989	17411.26
990	17290.46
991	17206.30
992	17160.38
993	17154.03
994	17187.14
995	17256.79
996	17358.55
997	17487.77
998	17639.76
999	17809.86
1000	17993.46
1001	18186.74
1002	18387.73
1003	18595.91
1004	18811.09
1005	19033.12
1006	19261.83
1007	19497.03
1008	19738.13
1009	19983.25
1010	20229.15
1011	20472.13
1012	20708.48
1013	20934.46
1014	21146.37
1015	21340.87
1016	21516.20
1017	21672.87
1018	21812.34
1019	21936.16
1020	22045.93
1021	22143.20
1022	22229.53
1023	22306.31
1024	22374.66
1025	22435.55
1026	22489.91
1027	22538.70
1028	22582.84
1029	22623.28
1030	22660.84
1031	22696.20
1032	22729.87
1033	22762.33
1034	22794.07
1035	22825.58
1036	22857.34
1037	22889.63
1038	22922.25
1039	22954.57
1040	22985.80
1041	23015.19
1042	23041.95
1043	23065.38
1044	23085.81
1045	23107.22
1046	23137.54
1047	23186.04
1048	23262.12
1049	23375.16
1050	23534.52
1051	23748.54
1052	24021.47
1053	24352.07
1054	24736.90
1055	25172.28
1056	25654.51
1057	26179.88
1058	26743.93
1059	27338.67
1060	27950.46
1061	28563.04
1062	29159.79
1063	29724.06
1064	30239.29
1065	30690.37
1066	31070.44
1067	31388.18
1068	31660.36
1069	31905.17
1070	32140.88
1071	32385.69
1072	32656.62
1073	32963.13
1074	33298.51
1075	33646.52
1076	33988.96
1077	34307.58
1078	34584.14
1079	34800.83
1080	34943.09
1081	35003.96
1082	34981.52
1083	34874.96
1084	34683.57
1085	34406.61
1086	34043.43
1087	33594.38
1088	33062.18
1089	32451.31
1090	31766.64
1091	31013.08
1092	30195.55
1093	29319.24
1094	28391.78
1095	27427.26
1096	26444.87
1097	25465.07
1098	24508.44
1099	23595.50
1100	22746.43
1101	21977.85
1102	21296.55
1103	20701.24
1104	20188.48
1105	19754.68
1106	19396.27
1107	19109.58
1108	18890.24
1109	18731.79
1110	18626.06
1111	18564.38
1112	18538.06
1113	18538.41
1114	18556.64
1115	18583.04
1116	18605.22
1117	18608.55
1118	18577.79
1119	18497.64
1120	18352.83
1121	18128.62
1122	17815.34
1123	17417.59
1124	16951.88
1125	16437.92
1126	15895.62
1127	15344.89
1128	14805.31
1129	14293.38
1130	13817.28
1131	13378.48
1132	12976.71
1133	12611.59
1134	12282.75
1135	11989.76
1136	11731.81
1137	11507.09
1138	11313.00
1139	11146.79
1140	11005.67
1141	10886.87
1142	10787.52
1143	10704.18
1144	10632.00
1145	10565.12
1146	10497.50
1147	10423.03
1148	10335.67
1149	10229.79
1150	10102.89
1151	9959.39
1152	9808.01
1153	9658.40
1154	9520.23
1155	9403.17
1156	9316.21
1157	9264.44
1158	9245.08
1159	9251.07
1160	9274.51
1161	9307.48
1162	9342.06
1163	9370.87
1164	9389.08
1165	9396.38
1166	9394.61
1167	9386.00
1168	9372.75
1169	9357.08
1170	9341.10
1171	9326.48
1172	9314.24
1173	9305.13
1174	9299.84
1175	9299.09
1176	9303.56
1177	9313.62
1178	9328.42
1179	9345.64
1180	9362.46
1181	9375.98
1182	9383.32
1183	9381.65
1184	9368.98
1185	9345.98
1186	9315.85
1187	9282.59
1188	9250.27
1189	9222.93
1190	9204.50
1191	9197.76
1192	9202.50
1193	9216.21
1194	9235.81
1195	9258.18
1196	9280.22
1197	9299.02
1198	9312.84
1199	9322.52
1200	9330.39
1201	9339.09
1202	9351.26
1203	9369.53
1204	9396.19
1205	9431.87
1206	9474.47
1207	9520.64
1208	9566.85
1209	9609.55
1210	9645.24
1211	9671.22
1212	9687.64
1213	9698.19
1214	9707.80
1215	9721.53
1216	9744.45
1217	9781.54
1218	9836.91
1219	9912.09
1220	10006.43
1221	10118.64
1222	10247.41
1223	10391.38
1224	10549.21
1225	10719.21
1226	10899.01
1227	11085.86
1228	11276.90
1229	11469.26
1230	11660.11
1231	11847.14
1232	12030.43
1233	12213.80
1234	12402.74
1235	12602.95
1236	12820.16
1237	13060.02
1238	13327.22
1239	13623.31
1240	13946.49
1241	14293.87
1242	14662.51
1243	15049.42
1244	15451.87
1245	15868.67
1246	16302.52
1247	16758.77
1248	17243.40
1249	17762.42
1250	18321.78
1251	18926.30
1252	19575.21
1253	20258.54
1254	20962.10
1255	21671.04
1256	22370.51
1257	23045.72
1258	23683.39
1259	24274.97
1260	24816.93
1261	25307.35
1262	25744.41
1263	26126.34
1264	26451.28
1265	26717.15
1266	26921.28
1267	27060.61
1268	27131.98
1269	27132.28
1270	27058.42
1271	26908.74
1272	26687.64
1273	26408.21
1274	26087.09
1275	25741.38
1276	25388.18
1277	25044.43
1278	24725.01
1279	24439.18
1280	24191.45
1281	23984.99
1282	23822.92
1283	23708.39
1284	23645.24
1285	23641.11
1286	23710.37
1287	23870.78
1288	24140.60
1289	24538.14
1290	25081.20
1291	25781.20
1292	26628.79
1293	27593.46
1294	28638.12
1295	29725.10
1296	30816.77
1297	31875.97
1298	32868.66
1299	33767.04
1300	34546.86
1301	35184.53
1302	35656.51
1303	35939.54
1304	36014.67
1305	35877.99
1306	35542.48
1307	35026.81
1308	34350.18
1309	33531.84
1310	32591.36
1311	31550.65
1312	30436.48
1313	29278.51
1314	28106.99
1315	26952.19
1316	25844.06
1317	24808.19
1318	23854.68
1319	22976.18
1320	22159.42
1321	21390.59
1322	20655.86
1323	19941.96
1324	19239.14
1325	18544.83
1326	17860.55
1327	17188.64
1328	16531.46
1329	15891.36
1330	15270.93
1331	14673.39
1332	14102.64
1333	13562.81
1334	13058.03
1335	12592.43
1336	12169.70
1337	11791.24
1338	11454.22
1339	11153.68
1340	10884.27
1341	10640.63
1342	10417.48
1343	10210.12
1344	10015.62
1345	9832.58
1346	9660.03
1347	9497.03
1348	9342.63
1349	9196.08
1350	9057.31
1351	8927.36
1352	8807.72
1353	8699.92
1354	8605.52
1355	8525.94
1356	8461.79
1357	8411.69
1358	8372.93
1359	8342.52
1360	8317.42
1361	8294.63
1362	8271.37
1363	8245.62
1364	8216.24
1365	8182.36
1366	8143.13
1367	8097.71
1368	8045.24
1369	7984.81
1370	7915.37
1371	7835.84
1372	7745.11
1373	7642.08
1374	7525.73
1375	7395.67
1376	7253.20
1377	7100.79
1378	6941.27
1379	6777.44
1380	6612.14
1381	6448.33
1382	6289.40
1383	6139.30
1384	6002.13
1385	5882.02
1386	5783.07
1387	5709.06
1388	5662.00
1389	5640.98
1390	5643.71
1391	5667.65
1392	5710.30
1393	5769.16
1394	5842.13
1395	5927.96
1396	6025.95
1397	6135.56
1398	6256.23
1399	6387.38
1400	6527.83
1401	6674.57
1402	6822.86
1403	6967.44
1404	7102.99
1405	7224.29
1406	7327.54
1407	7414.77
1408	7495.83
1409	7583.65
1410	7691.49
1411	7832.61
1412	8019.20
1413	8257.93
1414	8545.31
1415	8872.74
1416	9230.75
1417	9609.87
1418	10001.56
1419	10403.96
1420	10830.97
1421	11306.91
1422	11858.41
1423	12512.23
1424	13294.79
1425	14229.27
1426	15329.47
1427	16600.99
1428	18047.21
1429	19671.32
1430	21476.01
1431	23456.81
1432	25584.16
1433	27800.59
1434	30039.21
1435	32232.31
1436	34312.33
1437	36215.84
1438	37896.68
1439	39332.78
1440	40511.69
1441	41422.17
1442	42053.14
1443	42396.35
1444	42457.66
1445	42266.92
1446	41865.34
1447	41295.85
1448	40601.45
1449	39824.02
1450	38998.89
1451	38148.22
1452	37286.93
1453	36428.54
1454	35586.46
1455	34773.11
1456	33993.49
1457	33235.75
1458	32477.21
1459	31692.80
1460	30857.36
1461	29946.81
1462	28945.81
1463	27861.37
1464	26716.94
1465	25540.00
1466	24358.21
1467	23198.73
1468	22083.66
1469	21021.12
1470	20007.63
1471	19036.63
1472	18101.37
1473	17195.25
1474	16313.58
1475	15457.18
1476	14631.94
1477	13845.19
1478	13104.34
1479	12416.68
1480	11787.78
1481	11217.83
1482	10701.82
1483	10233.14
1484	9805.07
1485	9410.94
1486	9044.76
1487	8702.77
1488	8383.49
1489	8086.16
1490	7810.04
1491	7554.42
1492	7318.50
1493	7101.19
1494	6901.12
1495	6716.82
1496	6546.80
1497	6389.57
1498	6243.43
1499	6105.96
1500	5974.03
1501	5844.26
1502	5713.25
1503	5577.69
1504	5435.37
1505	5287.62
1506	5139.43
1507	4996.92
1508	4866.34
1509	4753.75
1510	4663.46
1511	4594.12
1512	4538.84
1513	4489.05
1514	4436.04
1515	4371.32
1516	4288.64
1517	4188.56
1518	4077.91
1519	3965.33
1520	3859.58
1521	3769.17
1522	3700.26
1523	3652.33
1524	3619.25
1525	3593.33
1526	3566.84
1527	3532.27
1528	3484.24
1529	3422.95
1530	3352.76
1531	3279.08
1532	3207.37
1533	3142.87
1534	3089.34
1535	3047.03
1536	3013.85
1537	2987.22
1538	2964.51
1539	2943.25
1540	2921.84
1541	2900.43
1542	2880.20
1543	2862.51
1544	2848.73
1545	2840.09
1546	2836.98
1547	2838.43
1548	2842.77
1549	2848.20
1550	2852.96
1551	2855.40
1552	2854.47
1553	2850.00
1554	2842.15
1555	2831.16
1556	2817.25
1557	2800.74
1558	2782.26
1559	2762.80
1560	2743.46
1561	2725.39
1562	2709.68
1563	2697.16
1564	2687.85
1565	2681.02
1566	2675.73
1567	2671.01
1568	2665.95
1569	2659.84
1570	2652.53
1571	2644.28
1572	2635.41
1573	2626.25
1574	2617.07
1575	2607.71
1576	2597.18
1577	2584.07
1578	2566.90
1579	2544.21
1580	2514.93
1581	2479.79
1582	2442.05
1583	2406.01
1584	2376.09
1585	2356.64
1586	2350.92
1587	2358.73
1588	2376.26
1589	2398.56
1590	2420.62
1591	2437.62
1592	2446.49
1593	2448.49
1594	2447.99
1595	2450.09
1596	2459.91
1597	2482.03
1598	2518.04
1599	2564.21
1600	2614.09
1601	2660.80
1602	2697.50
1603	2718.65
1604	2723.58
1605	2717.56
1606	2708.06
1607	2702.75
1608	2709.16
1609	2733.36
1610	2777.41
1611	2840.21
1612	2919.77
1613	3014.08
1614	3121.18
1615	3239.42
1616	3367.75
1617	3505.41
1618	3651.72
1619	3805.98
1620	3967.64
1621	4136.67
1622	4313.62
1623	4499.25
1624	4694.37
1625	4899.94
1626	5118.26
1627	5355.09
1628	5618.69
1629	5917.97
1630	6261.84
1631	6658.79
1632	7115.32
1633	7634.60
1634	8218.34
1635	8867.97
1636	9585.24
1637	10375.17
1638	11253.16
1639	12244.59
1640	13377.88
1641	14681.60
1642	16182.62
1643	17897.40
1644	19821.46
1645	21938.62
1646	24230.46
1647	26677.88
1648	29252.89
1649	31895.38
1650	34508.06
1651	36980.80
1652	39202.29
1653	41063.54
1654	42472.02
1655	43372.49
1656	43733.33
1657	43528.04
1658	42731.09
1659	41330.43
1660	39365.91
1661	36943.25
1662	34192.60
1663	31246.73
1664	28236.34
1665	25276.24
1666	22443.97
1667	19792.31
1668	17368.53
1669	15219.11
1670	13382.10
1671	11862.79
1672	10624.96
1673	9616.90
1674	8785.31
1675	8078.24
1676	7453.84
1677	6893.12
1678	6391.63
1679	5948.05
1680	5561.18
1681	5229.10
1682	4947.38
1683	4708.67
1684	4504.60
1685	4326.71
1686	4166.91
1687	4019.25
1688	3882.15
1689	3756.49
1690	3643.60
1691	3544.78
1692	3460.69
1693	3389.95
1694	3329.19
1695	3274.47
1696	3221.80
1697	3167.65
1698	3110.73
1699	3053.46
1700	2999.96
1701	2954.59
1702	2921.56
1703	2903.55
1704	2899.31
1705	2904.70
1706	2914.85
1707	2924.92
1708	2931.07
1709	2933.20
1710	2935.80
1711	2944.96
1712	2966.96
1713	3007.59
1714	3069.99
1715	3152.23
1716	3249.66
1717	3357.20
1718	3469.90
1719	3584.50
1720	3702.39
1721	3828.75
1722	3969.72
1723	4131.51
1724	4319.86
1725	4538.74
1726	4789.93
1727	5074.44
1728	5393.15
1729	5746.73
1730	6134.65
1731	6554.17
1732	7001.46
1733	7472.45
1734	7962.86
1735	8466.40
1736	8971.84
1737	9464.31
1738	9928.06
1739	10347.44
1740	10708.73
1741	11004.46
1742	11233.75
1743	11397.78
1744	11497.90
1745	11534.75
1746	11505.94
1747	11404.66
1748	11222.31
1749	10950.07
1750	10580.53
1751	10114.31
1752	9567.74
1753	8965.57
1754	8334.11
1755	7699.19
1756	7082.47
1757	6495.28
1758	5941.61
1759	5423.69
1760	4943.68
1761	4503.63
1762	4105.42
1763	3750.72
1764	3441.13
1765	3178.19
1766	2962.45
1767	2790.77
1768	2655.66
1769	2548.07
1770	2458.83
1771	2379.31
1772	2303.31
1773	2228.23
1774	2152.99
1775	2076.71
1776	1998.81
1777	1920.28
1778	1844.84
1779	1777.61
1780	1723.90
1781	1688.61
1782	1673.88
1783	1676.00
1784	1687.90
1785	1701.83
1786	1710.29
1787	1707.86
1788	1694.12
1789	1672.07
1790	1645.44
1791	1618.01
1792	1593.57
1793	1575.82
1794	1568.45
1795	1575.13
1796	1599.30
1797	1642.10
1798	1698.02
1799	1755.81
1800	1802.60
1801	1825.70
1802	1815.45
1803	1771.62
1804	1702.85
1805	1620.44
1806	1535.77
1807	1458.77
1808	1394.72
1809	1344.13
1810	1306.07
1811	1279.45
1812	1263.17
1813	1256.00
1814	1256.58
1815	1263.52
1816	1275.42
1817	1290.93
1818	1308.81
1819	1327.95
1820	1347.31
1821	1365.82
1822	1382.42
1823	1396.02
1824	1405.46
1825	1409.60
1826	1407.34
1827	1398.33
1828	1384.69
1829	1371.19
1830	1363.40
1831	1366.89
1832	1385.73
1833	1419.23
1834	1461.90
1835	1506.75
1836	1546.74
1837	1575.82
1838	1590.85
1839	1591.50
1840	1578.22
1841	1551.66
1842	1513.46
1843	1468.16
1844	1422.81
1845	1385.11
1846	1362.46
1847	1359.14
1848	1371.15
1849	1388.20
1850	1398.40
1851	1390.47
1852	1358.34
1853	1308.22
1854	1254.55
1855	1213.59
1856	1200.56
1857	1223.43
1858	1275.18
1859	1340.10
1860	1400.90
1861	1441.68
1862	1454.38
1863	1444.80
1864	1425.54
1865	1410.21
1866	1410.67
1867	1430.82
1868	1463.04
1869	1494.90
1870	1513.54
1871	1508.49
1872	1478.33
1873	1432.04
1874	1382.28
1875	1341.80
1876	1320.39
1877	1319.04
1878	1330.69
1879	1345.97
1880	1355.77
1881	1354.19
1882	1343.14
1883	1329.98
1884	1323.31
1885	1330.95
1886	1356.06
1887	1392.88
1888	1430.94
1889	1459.02
1890	1467.48
1891	1453.51
1892	1423.98
1893	1389.67
1894	1361.67
1895	1348.60
1896	1351.05
1897	1361.47
1898	1369.78
1899	1366.19
1900	1344.79
1901	1309.21
1902	1269.88
1903	1238.76
1904	1226.83
1905	1239.55
1906	1272.48
1907	1316.28
1908	1360.89
1909	1397.30
1910	1420.50
1911	1430.37
1912	1428.49
1913	1416.68
1914	1397.02
1915	1372.39
1916	1346.25
1917	1322.22
1918	1303.60
1919	1291.89
1920	1285.29
1921	1280.30
1922	1273.19
1923	1261.21
1924	1245.19
1925	1230.15
1926	1222.56
1927	1228.76
1928	1252.84
1929	1293.28
1930	1344.54
1931	1400.13
1932	1453.72
1933	1499.80
1934	1534.20
1935	1553.36
1936	1553.94
1937	1533.96
1938	1495.63
1939	1445.08
1940	1389.54
1941	1335.91
1942	1288.54
1943	1246.89
1944	1207.76
1945	1167.61
1946	1124.61
1947	1083.02
1948	1053.87
1949	1050.35
1950	1084.54
1951	1159.49
1952	1258.63
1953	1353.51
1954	1413.59
1955	1414.63
1956	1356.17
1957	1266.42
1958	1183.74
1959	1145.27
1960	1172.34
1961	1250.69
1962	1343.58
1963	1409.98
1964	1416.38
1965	1358.07
1966	1264.87
1967	1178.80
1968	1140.40
1969	1172.27
1970	1258.21
1971	1358.67
1972	1429.97
1973	1437.16
1974	1376.00
1975	1275.81
1976	1176.93
1977	1117.68
1978	1119.26
1979	1170.10
1980	1241.29
1981	1301.47
1982	1326.34
1983	1313.09
1984	1278.42
1985	1244.54
1986	1231.45
1987	1247.39
1988	1282.30
1989	1318.26
1990	1337.05
1991	1327.03
1992	1292.54
1993	1248.98
1994	1214.09
1995	1202.39
1996	1216.61
1997	1246.19
1998	1276.11
1999	1292.37
2000	1288.32
2001	1270.53
2002	1252.01
2003	1246.36
2004	1262.82
2005	1299.32
2006	1345.33
2007	1388.31
2008	1417.20
2009	1426.59
2010	1417.48
2011	1393.11
2012	1357.06
2013	1313.48
2014	1267.50
2015	1224.73
2016	1190.70
2017	1169.95
2018	1164.71
2019	1175.63
2020	1202.89
2021	1244.92
2022	1294.80
2023	1340.60
2024	1369.01
2025	1369.20
2026	1340.66
2027	1296.55
2028	1255.17
2029	1233.78
2030	1240.91
2031	1269.59
2032	1305.19
2033	1332.36
2034	1339.53
2035	1323.86
2036	1288.15
2037	1236.61
2038	1175.26
2039	1115.15
2040	1071.49
2041	1060.29
2042	1093.29
2043	1167.42
2044	1263.91
2045	1358.97
2046	1431.10
2047	1469.67
2048	1478.54
2049	1467.08
2050	1444.70
2051	1417.69
2052	1387.31
2053	1352.59
2054	1312.51
2055	1267.79
2056	1222.41
2057	1182.06
2058	1152.38
2059	1136.65
2060	1133.04
2061	1136.66
2062	1142.20
2063	1146.18
2064	1149.53
2065	1156.22
2066	1170.77
2067	1196.30
2068	1232.23
2069	1275.14
2070	1320.86
2071	1364.57
2072	1399.82
2073	1418.77
2074	1413.66
2075	1381.02
2076	1330.17
2077	1281.70
2078	1258.80
2079	1278.11
2080	1335.73
2081	1408.84
2082	1469.64
2083	1495.97
2084	1484.26
2085	1448.43
2086	1407.28
2087	1376.44
2088	1360.83
2089	1355.27
2090	1351.84
2091	1345.01
2092	1337.04
2093	1337.27
2094	1356.57
2095	1400.43
2096	1458.34
2097	1505.89
2098	1515.92
2099	1471.32
2100	1383.26
2101	1285.73
2102	1217.20
2103	1203.60
2104	1237.94
2105	1289.03
2106	1321.66
2107	1314.49
2108	1279.06
2109	1248.50
2110	1257.84
2111	1324.27
2112	1427.50
2113	1525.82
2114	1577.39
2115	1561.97
2116	1498.59
2117	1425.60
2118	1379.81
2119	1376.53
2120	1398.38
2121	1414.31
2122	1397.08
2123	1340.90
2124	1266.64
2125	1204.37
2126	1179.42
2127	1198.70
2128	1250.99
2129	1319.59
2130	1387.88
2131	1440.51
2132	1463.23
2133	1443.57
2134	1378.94
2135	1287.57
2136	1199.76
2137	1145.70
2138	1143.58
2139	1191.95
2140	1280.42
2141	1395.31
2142	1515.79
2143	1612.62
2144	1654.79
2145	1622.67
2146	1529.59
2147	1416.47
2148	1328.88
2149	1294.72
2150	1303.36
2151	1321.71
2152	1317.05
2153	1277.94
2154	1224.95
2155	1191.39
2156	1203.66
2157	1260.25
2158	1331.98
2159	1383.01
2160	1390.03
2161	1360.04
2162	1319.54
2163	1296.19
2164	1303.66
2165	1333.88
2166	1369.66
2167	1395.36
2168	1404.17
2169	1397.77
2170	1380.37
2171	1356.36
2172	1330.05
2173	1305.68
2174	1286.41
2175	1271.12
2176	1253.22
2177	1224.57
2178	1181.63
2179	1133.24
2180	1097.47
2181	1092.20
2182	1123.62
2183	1179.02
2184	1237.52
2185	1279.80
2186	1294.61
2187	1278.06
2188	1230.12
2189	1160.55
2190	1096.29
2191	1071.83
2192	1110.56
2193	1196.74
2194	1277.20
2195	1293.91
2196	1223.81
2197	1109.96
2198	1027.52
2199	1036.41
2200	1131.32
2201	1244.90
2202	1298.99
2203	1254.97
2204	1146.04
2205	1038.78
2206	988.64
2207	1002.78
2208	1046.78
2209	1079.38
2210	1080.29
2211	1062.34
2212	1051.41
2213	1064.99
2214	1094.83
2215	1114.62
2216	1099.93
2217	1049.59
2218	990.73
2219	957.90
2220	969.97
2221	1012.79
2222	1054.95
2223	1070.09
2224	1056.16
2225	1032.38
2226	1020.74
2227	1030.03
2228	1050.08
2229	1064.07
2230	1060.19
2231	1039.10
2232	1008.74
2233	978.35
2234	956.71
2235	952.05
2236	969.99
2237	1006.26
2238	1043.77
2239	1062.28
2240	1050.99
2241	1017.92
2242	980.27
2243	952.75
2244	939.44
2245	936.77
2246	940.30
2247	948.81
2248	964.31
2249	989.33
2250	1024.26
2251	1066.44
2252	1111.68
2253	1154.02
2254	1184.54
2255	1193.22
2256	1172.66
2257	1121.88
2258	1044.45
2259	949.16
2260	856.73
2261	796.77
2262	793.12
2263	843.20
2264	918.14
2265	985.09
2266	1026.52
2267	1044.22
2268	1047.33
2269	1047.41
2270	1058.35
2271	1091.75
2272	1143.05
2273	1180.86
2274	1165.93
2275	1083.13
2276	965.96
2277	869.71
2278	832.45
2279	847.99
2280	886.04
2281	920.10
2282	942.57
2283	957.27
2284	967.64
2285	970.63
2286	959.55
2287	931.64
2288	895.74
2289	867.83
2290	859.55
2291	867.94
2292	880.81
2293	891.11
2294	909.54
2295	956.99
2296	1041.67
2297	1135.68
2298	1190.19
2299	1174.04
2300	1107.68
2301	1041.34
2302	1012.49
2303	1016.94
2304	1027.88
2305	1025.78
2306	1014.72
2307	1009.61
2308	1017.23
2309	1026.15
2310	1018.91
2311	989.76
2312	952.86
2313	927.94
2314	923.84
2315	933.71
2316	945.96
2317	952.73
2318	950.87
2319	938.99
2320	916.52
2321	883.97
2322	846.42
2323	819.49
2324	823.44
2325	863.40
2326	911.66
2327	928.67
2328	900.77
2329	858.37
2330	842.79
2331	868.03
2332	914.31
2333	953.27
2334	964.38
2335	936.17
2336	870.66
2337	794.24
2338	744.70
2339	748.65
2340	811.00
2341	920.09
2342	1038.53
2343	1106.79
2344	1082.47
2345	983.12
2346	863.89
2347	769.21
2348	710.61
2349	687.87
2350	710.86
2351	798.52
2352	943.41
2353	1068.34
2354	1070.83
2355	933.26
2356	774.66
2357	728.48
2358	804.15
2359	903.13
2360	940.88
2361	918.52
2362	877.64
2363	849.10
2364	843.30
2365	860.77
2366	894.55
2367	931.69
2368	951.38
2369	927.79
2370	858.98
2371	803.60
2372	837.03
2373	952.20
2374	1036.62
2375	1000.61
2376	896.59
2377	843.80
2378	879.54
2379	928.18
2380	917.82
2381	867.78
2382	836.39
2383	838.48
2384	838.13
2385	804.32
2386	743.73
2387	682.32
2388	649.93
2389	670.57
2390	740.90
2391	822.74
2392	875.25
2393	880.65
2394	844.26
2395	801.57
2396	802.20
2397	854.47
2398	902.73
2399	890.67
2400	815.34
2401	710.64
2402	628.70
2403	619.48
2404	686.04
2405	775.57
2406	840.79
2407	879.23
2408	903.97
2409	914.86
2410	904.65
2411	875.15
2412	839.08
2413	815.40
2414	822.36
2415	856.60
2416	885.16
2417	888.71
2418	895.48
2419	932.18
2420	967.22
2421	952.84
2422	898.37
2423	853.15
2424	846.89
2425	876.18
2426	914.00
2427	925.71
2428	906.56
2429	886.78
2430	884.46
2431	885.97
2432	875.62
2433	857.24
2434	862.46
2435	938.17
2436	1058.92
2437	1091.05
2438	965.89
2439	790.32
2440	693.01
2441	706.11
2442	786.74
2443	853.18
2444	867.20
2445	868.02
2446	881.74
2447	881.73
2448	857.02
2449	836.23
2450	833.80
