150	4614.21
151	4608.41
152	4608.40
153	4618.87
154	4639.48
155	4668.00
156	4701.56
157	4737.26
158	4772.18
159	4803.41
160	4828.02
161	4843.13
162	4846.35
163	4837.11
164	4817.13
165	4788.94
166	4755.19
167	4718.50
168	4681.50
169	4646.82
170	4617.08
171	4594.53
172	4580.09
173	4573.02
174	4571.95
175	4575.44
176	4582.08
177	4590.43
178	4599.05
179	4606.54
180	4611.77
181	4614.69
182	4616.62
183	4619.35
184	4624.71
185	4634.56
186	4650.75
187	4675.11
188	4709.46
189	4755.22
190	4812.29
191	4878.77
192	4952.12
193	5029.74
194	5109.02
195	5187.38
196	5262.19
197	5330.89
198	5391.25
199	5442.32
200	5484.58
201	5518.97
202	5546.51
203	5568.19
204	5585.01
205	5597.99
206	5608.11
207	5616.37
208	5623.65
209	5630.77
210	5638.53
211	5647.70
212	5659.09
213	5673.48
214	5691.65
215	5714.37
216	5742.12
217	5774.58
218	5810.59
219	5848.81
220	5887.84
221	5926.31
222	5962.84
223	5996.04
224	6024.56
225	6047.37
226	6064.32
227	6075.97
228	6083.08
229	6086.45
230	6086.86
231	6085.07
232	6081.87
233	6078.04
234	6074.25
235	6071.02
236	6068.71
237	6067.64
238	6068.14
239	6070.54
240	6075.16
241	6082.33
242	6092.35
243	6105.42
244	6121.42
245	6140.10
246	6161.17
247	6184.32
248	6209.26
249	6235.69
250	6263.30
251	6291.79
252	6320.70
253	6349.37
254	6377.03
255	6402.86
256	6426.08
257	6445.89
258	6461.47
259	6472.05
260	6476.99
261	6476.40
262	6471.51
263	6464.01
264	6455.68
265	6448.29
266	6443.59
267	6443.37
268	6449.36
269	6463.00
270	6484.52
271	6512.71
272	6545.85
273	6582.19
274	6619.97
275	6657.40
276	6692.74
277	6724.23
278	6750.39
279	6770.52
280	6784.61
281	6792.90
282	6795.62
283	6792.99
284	6785.27
285	6772.69
286	6755.50
287	6734.07
288	6709.09
289	6681.45
290	6652.11
291	6622.01
292	6592.09
293	6563.32
294	6536.62
295	6512.92
296	6492.85
297	6476.58
298	6464.04
299	6455.09
300	6449.60
301	6447.46
302	6448.51
303	6452.64
304	6459.59
305	6468.62
306	6478.32
307	6487.00
308	6492.94
309	6494.42
310	6489.71
311	6477.10
312	6454.92
313	6422.25
314	6380.44
315	6333.17
316	6284.76
317	6239.63
318	6202.19
319	6176.83
320	6167.95
321	6179.70
322	6214.29
323	6269.31
324	6339.20
325	6417.69
326	6498.47
327	6575.21
328	6641.61
329	6691.38
330	6718.84
331	6721.35
332	6701.47
333	6664.22
334	6615.02
335	6559.29
336	6502.46
337	6449.95
338	6407.15
339	6378.56
340	6365.68
341	6366.60
342	6378.23
343	6397.34
344	6420.73
345	6445.18
346	6467.50
347	6484.58
348	6494.17
349	6496.20
350	6492.20
351	6484.11
352	6473.86
353	6463.40
354	6454.66
355	6449.59
356	6449.90
357	6456.20
358	6467.20
359	6480.73
360	6494.45
361	6506.02
362	6513.11
363	6513.37
364	6504.52
365	6484.74
366	6453.96
367	6413.90
368	6366.89
369	6315.31
370	6261.56
371	6208.00
372	6157.03
373	6110.97
374	6071.74
375	6040.39
376	6017.34
377	6002.94
378	5997.47
379	6001.26
380	6014.60
381	6037.82
382	6070.99
383	6113.33
384	6162.82
385	6216.91
386	6273.00
387	6328.47
388	6380.72
389	6427.14
390	6465.20
391	6493.00
392	6510.50
393	6519.14
394	6520.74
395	6517.19
396	6510.34
397	6502.06
398	6494.21
399	6488.49
400	6485.75
401	6485.38
402	6486.09
403	6486.47
404	6485.11
405	6480.61
406	6471.54
407	6456.55
408	6434.82
409	6407.20
410	6376.21
411	6344.80
412	6316.02
413	6292.86
414	6278.36
415	6275.52
416	6287.04
417	6313.93
418	6353.96
419	6403.21
420	6457.43
421	6512.38
422	6563.81
423	6607.48
424	6639.21
425	6655.66
426	6656.28
427	6643.36
428	6620.09
429	6589.73
430	6555.54
431	6520.79
432	6488.74
433	6462.41
434	6443.63
435	6431.84
436	6425.19
437	6421.62
438	6419.04
439	6415.38
440	6408.57
441	6396.56
442	6377.88
443	6352.84
444	6323.52
445	6292.56
446	6262.63
447	6236.41
448	6216.59
449	6205.84
450	6206.60
451	6220.11
452	6245.45
453	6280.57
454	6323.25
455	6371.26
456	6422.38
457	6474.38
458	6525.07
459	6572.57
460	6616.00
461	6655.35
462	6690.86
463	6722.77
464	6751.34
465	6776.80
466	6799.42
467	6819.41
468	6836.90
469	6851.86
470	6864.19
471	6873.77
472	6880.48
473	6884.23
474	6884.88
475	6882.37
476	6876.85
477	6869.09
478	6860.31
479	6851.83
480	6844.97
481	6841.07
482	6841.44
483	6847.40
484	6859.96
485	6879.11
486	6903.48
487	6931.28
488	6960.65
489	6989.73
490	7016.67
491	7039.60
492	7056.79
493	7067.23
494	7071.31
495	7070.19
496	7065.16
497	7057.53
498	7048.61
499	7039.71
500	7032.09
501	7026.81
502	7024.18
503	7023.92
504	7025.57
505	7028.64
506	7032.68
507	7037.19
508	7041.72
509	7045.79
510	7048.93
511	7050.69
512	7050.62
513	7048.28
514	7043.20
515	7034.95
516	7023.07
517	7007.18
518	6987.27
519	6964.09
520	6938.87
521	6912.88
522	6887.43
523	6863.81
524	6843.31
525	6827.18
526	6816.28
527	6810.30
528	6807.95
529	6807.68
530	6807.89
531	6807.02
532	6803.49
533	6795.73
534	6782.38
535	6762.89
536	6737.70
537	6707.63
538	6673.53
539	6636.27
540	6596.70
541	6555.68
542	6514.07
543	6472.72
544	6432.44
545	6394.05
546	6358.33
547	6326.12
548	6298.20
549	6275.38
550	6258.41
551	6247.57
552	6242.03
553	6240.19
554	6240.31
555	6240.60
556	6239.28
557	6234.60
558	6224.82
559	6208.76
560	6186.96
561	6161.53
562	6135.06
563	6110.20
564	6089.57
565	6075.81
566	6071.54
567	6079.00
568	6099.08
569	6130.88
570	6172.85
571	6223.38
572	6280.83
573	6343.57
574	6410.00
575	6478.54
576	6547.91
577	6617.33
578	6686.23
579	6754.07
580	6820.31
581	6884.43
582	6945.90
583	7004.21
584	7059.03
585	7110.39
586	7158.54
587	7203.77
588	7246.38
589	7286.64
590	7324.86
591	7361.33
592	7396.26
593	7429.78
594	7461.91
595	7492.64
596	7521.97
597	7549.89
598	7576.40
599	7601.47
600	7624.87
601	7645.70
602	7662.48
603	7673.59
604	7677.36
605	7672.15
606	7656.31
607	7628.21
608	7586.76
609	7532.58
610	7468.22
611	7396.81
612	7321.59
613	7245.76
614	7172.53
615	7105.11
616	7046.24
617	6996.99
618	6956.24
619	6922.06
620	6892.42
621	6865.31
622	6838.70
623	6810.57
624	6779.14
625	6743.58
626	6704.54
627	6663.24
628	6620.99
629	6579.12
630	6538.94
631	6501.77
632	6468.79
633	6440.65
634	6417.08
635	6397.35
636	6380.70
637	6366.35
638	6353.52
639	6341.44
640	6329.41
641	6317.12
642	6304.95
643	6293.64
644	6284.01
645	6276.85
646	6272.98
647	6273.18
648	6278.17
649	6288.05
650	6301.85
651	6317.95
652	6334.65
653	6350.23
654	6362.98
655	6371.18
656	6373.23
657	6368.23
658	6356.66
659	6339.78
660	6319.01
661	6295.77
662	6271.49
663	6247.59
664	6225.46
665	6206.20
666	6190.40
667	6178.31
668	6170.12
669	6166.02
670	6166.20
671	6170.86
672	6180.16
673	6194.25
674	6213.11
675	6236.68
676	6264.88
677	6297.64
678	6334.86
679	6376.47
680	6422.35
681	6472.24
682	6525.53
683	6581.43
684	6639.10
685	6697.70
686	6756.39
687	6814.35
688	6870.86
689	6925.94
690	6981.05
691	7038.48
692	7100.67
693	7170.06
694	7249.09
695	7340.19
696	7445.54
697	7565.79
698	7698.71
699	7840.58
700	7987.36
701	8135.05
702	8279.61
703	8417.05
704	8543.70
705	8657.83
706	8761.00
707	8856.47
708	8947.73
709	9038.30
710	9131.69
711	9231.39
712	9340.43
713	9459.62
714	9586.17
715	9715.72
716	9843.64
717	9965.31
718	10076.11
719	10171.44
720	10247.31
721	10302.24
722	10338.33
723	10359.14
724	10368.42
725	10369.93
726	10367.42
727	10364.61
728	10364.60
729	10368.25
730	10373.62
731	10377.78
732	10377.66
733	10370.23
734	10352.44
735	10321.30
736	10274.75
737	10213.74
738	10142.29
739	10065.45
740	9988.32
741	9916.03
742	9853.67
743	9806.25
744	9777.64
745	9768.44
746	9776.52
747	9798.98
748	9832.90
749	9875.32
750	9923.31
751	9974.01
752	10025.20
753	10076.18
754	10127.27
755	10179.05
756	10232.12
757	10287.06
758	10344.45
759	10404.72
760	10467.42
761	10530.34
762	10590.31
763	10644.01
764	10688.09
765	10719.19
766	10734.00
767	10729.74
768	10706.12
769	10666.74
770	10616.86
771	10561.99
772	10507.66
773	10459.37
774	10422.59
775	10402.00
776	10399.38
777	10413.12
778	10440.44
779	10478.42
780	10524.14
781	10574.72
782	10627.33
783	10680.28
784	10734.99
785	10795.61
786	10867.02
787	10954.18
788	11062.01
789	11195.46
790	11359.14
791	11555.56
792	11782.49
793	12034.76
794	12306.61
795	12592.21
796	12885.75
797	13181.43
798	13473.98
799	13760.54
800	14042.20
801	14321.84
802	14602.62
803	14887.72
804	15180.30
805	15483.47
806	15799.55
807	16128.06
808	16465.33
809	16806.62
810	17147.10
811	17481.94
812	17806.29
813	18115.59
814	18407.45
815	18685.23
816	18956.66
817	19230.53
818	19515.71
819	19821.07
820	20155.45
821	20527.00
822	20940.17
823	21392.54
824	21878.22
825	22390.70
826	22923.46
827	23469.98
828	24023.74
829	24578.67
830	25130.20
831	25675.59
832	26212.77
833	26739.74
834	27254.49
835	27755.01
836	28239.25
837	28704.67
838	29147.56
839	29563.26
840	29946.90
841	30293.60
842	30598.46
843	30856.63
844	31064.10
845	31221.03
846	31334.86
847	31416.52
848	31477.51
849	31529.34
850	31583.51
851	31651.42
852	31742.63
853	31860.78
854	32003.20
855	32165.20
856	32341.94
857	32528.54
858	32720.15
859	32911.97
860	33099.60
861	33279.54
862	33448.86
863	33604.75
864	33744.38
865	33864.94
866	33963.62
867	34037.67
868	34084.52
869	34101.91
870	34087.68
871	34039.67
872	33955.74
873	33833.73
874	33671.74
875	33469.79
876	33232.95
877	32970.05
878	32690.87
879	32405.22
880	32122.93
881	31853.75
882	31606.19
883	31383.07
884	31178.40
885	30982.39
886	30784.72
887	30575.06
888	30343.07
889	30078.79
890	29775.83
891	29437.79
892	29076.56
893	28706.27
894	28341.16
895	27995.50
896	27683.50
897	27418.08
898	27206.06
899	27044.27
900	26925.02
901	26839.95
902	26780.67
903	26738.79
904	26706.03
905	26675.19
906	26642.06
907	26604.98
908	26562.99
909	26515.16
910	26460.55
911	26398.24
912	26327.26
913	26246.49
914	26154.54
915	26049.89
916	25931.03
917	25796.43
918	25644.57
919	25474.10
920	25284.99
921	25080.85
922	24868.11
923	24653.89
924	24445.38
925	24249.76
926	24074.16
927	23924.78
928	23803.92
929	23708.40
930	23632.84
931	23571.60
932	23518.99
933	23469.38
934	23417.28
935	23358.57
936	23292.28
937	23219.52
938	23141.86
939	23060.88
940	22978.19
941	22895.37
942	22813.74
943	22733.82
944	22655.14
945	22576.93
946	22498.35
947	22418.60
948	22336.86
949	22252.62
950	22166.84
951	22083.36
952	22007.49
953	21944.83
954	21900.95
955	21881.42
956	21891.65
957	21935.10
958	22009.77
959	22109.11
960	22225.33
961	22350.55
962	22476.90
963	22596.54
964	22701.95
965	22787.15
966	22848.13
967	22881.71
968	22884.75
969	22854.15
970	22786.81
971	22679.78
972	22531.06
973	22340.62
974	22109.57
975	21839.24
976	21530.95
977	21186.04
978	20806.04
979	20394.42
980	19960.28
981	19517.66
982	19082.00
983	18668.81
984	18293.62
985	17971.83
986	17716.62
987	17532.34
988	17411.73
989	17343.04
990	17314.05
991	17312.49
992	17326.15
993	17343.71
994	17358.88
995	17375.04
996	17400.61
997	17444.91
998	17517.30
999	17627.13
1000	17783.33
1001	17991.15
1002	18246.51
1003	18538.33
1004	18853.83
1005	19180.12
1006	19504.30
1007	19813.64
1008	20097.31
1009	20350.78
1010	20576.17
1011	20777.75
1012	20959.95
1013	21127.22
1014	21283.96
1015	21434.06
1016	21579.12
1017	21717.44
1018	21845.96
1019	21961.46
1020	22060.70
1021	22140.46
1022	22198.01
1023	22233.25
1024	22251.10
1025	22259.17
1026	22265.52
1027	22278.23
1028	22305.37
1029	22354.59
1030	22430.29
1031	22529.17
1032	22642.61
1033	22760.81
1034	22873.89
1035	22972.00
1036	23045.51
1037	23087.36
1038	23097.90
1039	23083.99
1040	23054.32
1041	23017.68
1042	22982.89
1043	22958.71
1044	22953.42
1045	22973.59
1046	23023.90
1047	23108.39
1048	23231.04
1049	23395.85
1050	23606.78
1051	23867.15
1052	24177.81
1053	24536.22
1054	24938.49
1055	25380.60
1056	25858.50
1057	26368.13
1058	26904.97
1059	27462.28
1060	28029.71
1061	28595.27
1062	29146.76
1063	29671.94
1064	30158.62
1065	30595.72
1066	30978.30
1067	31312.97
1068	31612.39
1069	31890.27
1070	32160.35
1071	32436.34
1072	32731.03
1073	33051.12
1074	33390.48
1075	33735.30
1076	34070.27
1077	34379.98
1078	34649.08
1079	34862.48
1080	35007.33
1081	35075.99
1082	35064.30
1083	34968.83
1084	34786.22
1085	34513.11
1086	34146.34
1087	33684.59
1088	33131.01
1089	32492.10
1090	31775.13
1091	30987.42
1092	30136.30
1093	29229.32
1094	28276.05
1095	27291.45
1096	26294.70
1097	25306.03
1098	24345.77
1099	23434.21
1100	22591.26
1101	21833.04
1102	21165.17
1103	20584.63
1104	20086.10
1105	19664.11
1106	19313.21
1107	19027.94
1108	18802.85
1109	18632.53
1110	18511.60
1111	18434.69
1112	18396.44
1113	18391.45
1114	18414.15
1115	18456.77
1116	18505.41
1117	18540.92
1118	18542.76
1119	18490.25
1120	18362.78
1121	18140.42
1122	17810.24
1123	17378.83
1124	16869.11
1125	16308.42
1126	15724.34
1127	15144.46
1128	14595.75
1129	14099.67
1130	13662.62
1131	13278.94
1132	12939.79
1133	12636.18
1134	12359.11
1135	12099.79
1136	11851.56
1137	11613.09
1138	11387.12
1139	11177.38
1140	10987.66
1141	10821.76
1142	10683.19
1143	10573.46
1144	10489.14
1145	10423.42
1146	10368.66
1147	10317.23
1148	10261.47
1149	10194.16
1150	10110.80
1151	10013.03
1152	9906.30
1153	9796.89
1154	9691.09
1155	9595.20
1156	9515.11
1157	9454.45
1158	9412.29
1159	9385.16
1160	9369.15
1161	9360.31
1162	9354.69
1163	9348.68
1164	9340.19
1165	9329.81
1166	9319.46
1167	9311.23
1168	9307.27
1169	9309.66
1170	9320.14
1171	9338.87
1172	9363.62
1173	9391.21
1174	9418.32
1175	9441.61
1176	9457.81
1177	9464.10
1178	9459.56
1179	9445.55
1180	9424.20
1181	9397.76
1182	9368.47
1183	9338.56
1184	9310.21
1185	9285.41
1186	9265.95
1187	9253.57
1188	9250.01
1189	9257.01
1190	9276.17
1191	9308.17
1192	9351.13
1193	9401.21
1194	9454.13
1195	9505.55
1196	9551.15
1197	9586.81
1198	9609.77
1199	9620.10
1200	9619.57
1201	9610.28
1202	9594.35
1203	9573.90
1204	9551.10
1205	9528.37
1206	9508.54
1207	9494.59
1208	9489.57
1209	9496.52
1210	9518.41
1211	9557.46
1212	9612.99
1213	9680.82
1214	9755.52
1215	9831.51
1216	9903.25
1217	9965.36
1218	10014.53
1219	10053.33
1220	10089.51
1221	10132.25
1222	10190.79
1223	10274.39
1224	10391.71
1225	10547.48
1226	10737.84
1227	10953.62
1228	11184.59
1229	11420.44
1230	11650.92
1231	11866.96
1232	12064.88
1233	12249.46
1234	12429.19
1235	12613.06
1236	12810.12
1237	13029.30
1238	13278.19
1239	13559.90
1240	13872.80
1241	14213.76
1242	14579.49
1243	14966.74
1244	15372.42
1245	15795.00
1246	16236.68
1247	16702.25
1248	17197.09
1249	17726.60
1250	18296.15
1251	18909.96
1252	19566.73
1253	20256.03
1254	20963.22
1255	21673.03
1256	22370.17
1257	23039.47
1258	23667.58
1259	24247.16
1260	24777.09
1261	25258.28
1262	25691.79
1263	26078.69
1264	26419.78
1265	26713.88
1266	26955.45
1267	27136.07
1268	27246.74
1269	27278.38
1270	27222.09
1271	27071.29
1272	26829.53
1273	26514.87
1274	26151.33
1275	25763.69
1276	25376.73
1277	25014.82
1278	24698.16
1279	24435.11
1280	24224.06
1281	24060.70
1282	23940.53
1283	23859.13
1284	23813.36
1285	23806.88
1286	23855.58
1287	23981.39
1288	24207.24
1289	24556.08
1290	25050.36
1291	25705.61
1292	26515.02
1293	27448.98
1294	28470.80
1295	29543.16
1296	30628.77
1297	31690.73
1298	32694.59
1299	33610.89
1300	34413.00
1301	35074.79
1302	35570.20
1303	35873.47
1304	35963.62
1305	35836.46
1306	35506.56
1307	34994.87
1308	34322.90
1309	33512.20
1310	32584.55
1311	31563.09
1312	30473.96
1313	29345.02
1314	28204.52
1315	27080.69
1316	26001.47
1317	24990.53
1318	24056.36
1319	23190.38
1320	22378.22
1321	21604.97
1322	20855.70
1323	20116.29
1324	19377.46
1325	18639.86
1326	17909.81
1327	17194.76
1328	16502.15
1329	15839.39
1330	15212.67
1331	14624.31
1332	14072.60
1333	13554.53
1334	13066.98
1335	12606.84
1336	12171.36
1337	11759.66
1338	11374.29
1339	11019.59
1340	10700.17
1341	10420.65
1342	10185.43
1343	9996.68
1344	9850.02
1345	9735.37
1346	9641.02
1347	9555.21
1348	9466.19
1349	9363.56
1350	9242.72
1351	9107.78
1352	8966.54
1353	8827.31
1354	8698.38
1355	8587.77
1356	8501.35
1357	8439.81
1358	8400.39
1359	8379.58
1360	8373.78
1361	8379.41
1362	8392.67
1363	8409.03
1364	8423.17
1365	8429.47
1366	8422.33
1367	8396.13
1368	8345.78
1369	8268.81
1370	8167.31
1371	8045.64
1372	7908.47
1373	7760.54
1374	7606.45
1375	7450.15
1376	7293.77
1377	7138.13
1378	6983.72
1379	6831.02
1380	6680.51
1381	6532.89
1382	6389.61
1383	6252.95
1384	6125.52
1385	6009.92
1386	5908.77
1387	5824.56
1388	5759.26
1389	5713.90
1390	5689.08
1391	5685.34
1392	5703.21
1393	5743.08
1394	5804.40
1395	5884.40
1396	5978.79
1397	6082.96
1398	6192.27
1399	6302.16
1400	6408.99
1401	6511.93
1402	6612.84
1403	6714.43
1404	6819.44
1405	6930.64
1406	7050.61
1407	7181.33
1408	7323.98
1409	7479.40
1410	7648.39
1411	7831.75
1412	8030.48
1413	8246.49
1414	8483.40
1415	8745.67
1416	9037.94
1417	9364.84
1418	9731.24
1419	10143.76
1420	10613.17
1421	11152.93
1422	11777.12
1423	12499.87
1424	13335.27
1425	14297.25
1426	15399.29
1427	16654.43
1428	18075.62
1429	19675.79
1430	21467.20
1431	23452.96
1432	25603.94
1433	27855.21
1434	30129.81
1435	32349.63
1436	34436.85
1437	36319.51
1438	37950.21
1439	39315.85
1440	40416.98
1441	41255.89
1442	41834.99
1443	42158.11
1444	42236.15
1445	42092.05
1446	41754.48
1447	41252.93
1448	40617.00
1449	39876.10
1450	39058.98
1451	38192.97
1452	37304.63
1453	36420.39
1454	35566.57
1455	34767.65
1456	34034.85
1457	33349.12
1458	32671.89
1459	31960.33
1460	31171.47
1461	30264.21
1462	29212.81
1463	28030.76
1464	26760.45
1465	25451.30
1466	24153.10
1467	22914.51
1468	21773.24
1469	20736.64
1470	19786.92
1471	18899.61
1472	18049.82
1473	17213.20
1474	16371.14
1475	15522.26
1476	14680.72
1477	13865.17
1478	13094.54
1479	12387.43
1480	11758.35
1481	11208.84
1482	10727.88
1483	10300.65
1484	9912.06
1485	9547.16
1486	9193.36
1487	8845.62
1488	8506.63
1489	8181.47
1490	7875.44
1491	7593.74
1492	7340.39
1493	7115.44
1494	6914.78
1495	6733.01
1496	6564.60
1497	6404.08
1498	6246.72
1499	6090.27
1500	5935.07
1501	5782.29
1502	5633.16
1503	5488.92
1504	5350.85
1505	5220.37
1506	5099.01
1507	4988.36
1508	4890.00
1509	4805.43
1510	4735.26
1511	4677.19
1512	4626.12
1513	4576.07
1514	4521.00
1515	4454.99
1516	4373.64
1517	4277.02
1518	4169.36
1519	4056.07
1520	3942.64
1521	3834.50
1522	3736.13
1523	3649.47
1524	3574.30
1525	3509.81
1526	3455.15
1527	3409.46
1528	3371.79
1529	3340.96
1530	3315.59
1531	3294.27
1532	3275.58
1533	3258.11
1534	3240.54
1535	3221.72
1536	3200.64
1537	3176.31
1538	3147.74
1539	3114.13
1540	3075.72
1541	3034.98
1542	2995.58
1543	2961.47
1544	2936.58
1545	2924.31
1546	2925.44
1547	2936.06
1548	2950.02
1549	2960.79
1550	2961.89
1551	2947.75
1552	2916.83
1553	2873.41
1554	2824.17
1555	2776.11
1556	2736.16
1557	2710.05
1558	2699.17
1559	2699.86
1560	2706.72
1561	2714.18
1562	2716.76
1563	2710.33
1564	2694.69
1565	2673.22
1566	2650.37
1567	2630.62
1568	2618.28
1569	2616.15
1570	2623.41
1571	2636.65
1572	2651.92
1573	2665.21
1574	2672.75
1575	2672.09
1576	2663.29
1577	2647.73
1578	2627.03
1579	2602.84
1580	2576.74
1581	2550.16
1582	2524.26
1583	2500.14
1584	2478.86
1585	2461.47
1586	2448.91
1587	2441.71
1588	2440.01
1589	2443.81
1590	2453.10
1591	2467.87
1592	2488.08
1593	2513.63
1594	2544.37
1595	2580.12
1596	2620.73
1597	2665.85
1598	2714.27
1599	2763.16
1600	2808.90
1601	2847.74
1602	2875.97
1603	2890.80
1604	2892.85
1605	2886.98
1606	2879.58
1607	2877.16
1608	2886.13
1609	2911.50
1610	2954.56
1611	3013.55
1612	3085.98
1613	3169.25
1614	3260.99
1615	3359.73
1616	3465.77
1617	3580.35
1618	3704.86
1619	3840.71
1620	3989.24
1621	4151.60
1622	4328.71
1623	4521.38
1624	4730.44
1625	4956.77
1626	5201.83
1627	5468.50
1628	5760.74
1629	6082.77
1630	6438.82
1631	6833.29
1632	7271.44
1633	7759.89
1634	8305.89
1635	8916.79
1636	9600.16
1637	10365.93
1638	11231.58
1639	12221.80
1640	13363.49
1641	14683.63
1642	16207.29
1643	17947.94
1644	19895.69
1645	22027.60
1646	24318.21
1647	26741.59
1648	29265.41
1649	31834.35
1650	34366.56
1651	36770.93
1652	38955.53
1653	40829.27
1654	42307.56
1655	43320.33
1656	43806.75
1657	43708.01
1658	42966.50
1659	41543.95
1660	39476.93
1661	36896.81
1662	33970.21
1663	30867.44
1664	27755.12
1665	24771.44
1666	21988.00
1667	19432.14
1668	17121.29
1669	15072.20
1670	13297.28
1671	11792.37
1672	10532.23
1673	9483.77
1674	8613.06
1675	7886.70
1676	7274.95
1677	6756.46
1678	6315.20
1679	5936.29
1680	5604.99
1681	5307.88
1682	5036.26
1683	4786.96
1684	4558.73
1685	4350.47
1686	4161.08
1687	3989.15
1688	3832.71
1689	3689.47
1690	3557.07
1691	3433.22
1692	3316.36
1693	3207.20
1694	3108.67
1695	3024.40
1696	2958.01
1697	2912.62
1698	2888.70
1699	2882.36
1700	2887.75
1701	2898.69
1702	2909.18
1703	2914.76
1704	2914.89
1705	2911.99
1706	2909.17
1707	2909.58
1708	2916.05
1709	2930.20
1710	2952.19
1711	2981.66
1712	3018.20
1713	3061.54
1714	3112.30
1715	3172.71
1716	3245.88
1717	3335.10
1718	3443.48
1719	3572.94
1720	3721.92
1721	3886.08
1722	4060.36
1723	4239.74
1724	4420.93
1725	4607.24
1726	4810.15
1727	5044.18
1728	5324.08
1729	5663.01
1730	6065.53
1731	6520.38
1732	7008.23
1733	7508.44
1734	8000.82
1735	8469.59
1736	8910.09
1737	9325.73
1738	9721.88
1739	10103.79
1740	10473.80
1741	10824.60
1742	11138.81
1743	11395.88
1744	11575.07
1745	11657.76
1746	11634.60
1747	11509.65
1748	11292.53
1749	10993.58
1750	10623.01
1751	10190.18
1752	9702.77
1753	9167.54
1754	8591.13
1755	7980.50
1756	7345.48
1757	6702.99
1758	6074.99
1759	5484.61
1760	4954.58
1761	4502.12
1762	4127.81
1763	3816.71
1764	3549.36
1765	3306.15
1766	3070.52
1767	2837.08
1768	2613.73
1769	2413.06
1770	2248.04
1771	2129.72
1772	2060.52
1773	2030.10
1774	2022.78
1775	2022.17
1776	2013.08
1777	1986.57
1778	1945.02
1779	1896.37
1780	1849.51
1781	1812.81
1782	1791.17
1783	1782.28
1784	1779.55
1785	1775.61
1786	1763.41
1787	1739.04
1788	1705.92
1789	1672.51
1790	1648.36
1791	1642.66
1792	1660.48
1793	1696.07
1794	1735.29
1795	1761.90
1796	1760.05
1797	1719.29
1798	1644.81
1799	1555.31
1800	1473.22
1801	1420.75
1802	1414.43
1803	1453.32
1804	1519.93
1805	1591.88
1806	1646.76
1807	1666.68
1808	1648.42
1809	1603.62
1810	1548.53
1811	1499.61
1812	1470.68
1813	1466.73
1814	1483.42
1815	1513.37
1816	1549.00
1817	1583.23
1818	1610.73
1819	1628.07
1820	1632.46
1821	1621.24
1822	1592.86
1823	1549.68
1824	1498.20
1825	1446.28
1826	1401.82
1827	1371.32
1828	1356.67
1829	1354.85
1830	1361.29
1831	1371.29
1832	1380.77
1833	1387.49
1834	1391.11
1835	1391.87
1836	1390.08
1837	1386.35
1838	1382.19
1839	1379.94
1840	1382.21
1841	1391.41
1842	1408.15
1843	1427.72
1844	1440.88
1845	1437.17
1846	1406.61
1847	1344.32
1848	1258.76
1849	1168.70
1850	1095.40
1851	1059.22
1852	1072.28
1853	1127.37
1854	1204.22
1855	1279.72
1856	1331.90
1857	1347.09
1858	1328.79
1859	1290.42
1860	1247.27
1861	1213.76
1862	1199.03
1863	1202.95
1864	1220.88
1865	1247.39
1866	1277.19
1867	1305.55
1868	1328.54
1869	1342.60
1870	1344.30
1871	1331.46
1872	1306.49
1873	1277.15
1874	1253.07
1875	1243.78
1876	1255.94
1877	1287.57
1878	1328.81
1879	1367.56
1880	1392.08
1881	1394.78
1882	1378.09
1883	1351.47
1884	1325.98
1885	1311.92
1886	1315.03
1887	1332.27
1888	1356.01
1889	1377.80
1890	1390.03
1891	1388.54
1892	1374.14
1893	1349.65
1894	1318.15
1895	1282.91
1896	1247.78
1897	1217.20
1898	1195.76
1899	1187.88
1900	1196.03
1901	1218.01
1902	1248.32
1903	1280.68
1904	1309.16
1905	1329.77
1906	1342.03
1907	1347.17
1908	1346.74
1909	1342.37
1910	1336.04
1911	1330.14
1912	1327.21
1913	1329.69
1914	1338.93
1915	1353.36
1916	1369.15
1917	1381.88
1918	1387.49
1919	1384.04
1920	1373.49
1921	1359.81
1922	1347.27
1923	1339.71
1924	1339.31
1925	1346.29
1926	1360.20
1927	1380.32
1928	1404.34
1929	1425.96
1930	1436.08
1931	1424.99
1932	1384.71
1933	1315.63
1934	1231.33
1935	1151.29
1936	1095.42
1937	1078.91
1938	1102.49
1939	1153.41
1940	1215.01
1941	1271.24
1942	1311.17
1943	1333.85
1944	1343.70
1945	1346.09
1946	1345.87
1947	1345.96
1948	1347.12
1949	1349.41
1950	1352.96
1951	1358.79
1952	1369.90
1953	1390.44
1954	1424.72
1955	1475.05
1956	1536.38
1957	1594.76
1958	1633.09
1959	1635.13
1960	1592.72
1961	1515.92
1962	1426.27
1963	1347.56
1964	1300.27
1965	1292.14
1966	1315.69
1967	1358.01
1968	1405.90
1969	1448.05
1970	1477.17
1971	1488.43
1972	1477.63
1973	1442.69
1974	1388.70
1975	1328.58
1976	1277.79
1977	1250.83
1978	1255.21
1979	1285.13
1980	1327.75
1981	1369.20
1982	1398.12
1983	1410.80
1984	1410.46
1985	1402.32
1986	1391.27
1987	1380.21
1988	1368.90
1989	1355.73
1990	1339.06
1991	1318.31
1992	1295.51
1993	1274.49
1994	1259.45
1995	1254.01
1996	1259.64
1997	1275.38
1998	1299.46
1999	1329.83
2000	1363.55
2001	1396.09
2002	1422.14
2003	1436.40
2004	1434.91
2005	1417.22
2006	1385.46
2007	1342.48
2008	1291.94
2009	1240.40
2010	1197.68
2011	1174.65
2012	1180.70
2013	1217.23
2014	1272.16
2015	1327.08
2016	1363.31
2017	1367.63
2018	1339.66
2019	1287.56
2020	1221.44
2021	1151.66
2022	1089.17
2023	1045.44
2024	1031.98
2025	1057.46
2026	1119.33
2027	1200.21
2028	1277.11
2029	1328.31
2030	1342.27
2031	1325.58
2032	1293.78
2033	1263.16
2034	1245.23
2035	1240.35
2036	1241.74
2037	1241.27
2038	1232.78
2039	1215.84
2040	1194.85
2041	1175.39
2042	1162.04
2043	1155.60
2044	1152.88
2045	1149.44
2046	1141.86
2047	1131.23
2048	1124.67
2049	1131.48
2050	1159.42
2051	1207.36
2052	1259.88
2053	1295.22
2054	1293.19
2055	1247.72
2056	1179.62
2057	1123.71
2058	1114.68
2059	1170.32
2060	1271.46
2061	1376.73
2062	1442.11
2063	1438.02
2064	1370.22
2065	1268.63
2066	1167.98
2067	1096.47
2068	1064.48
2069	1068.82
2070	1102.79
2071	1158.71
2072	1226.66
2073	1294.87
2074	1351.34
2075	1386.79
2076	1400.06
2077	1397.18
2078	1386.08
2079	1373.69
2080	1363.41
2081	1355.37
2082	1348.80
2083	1342.99
2084	1337.68
2085	1333.09
2086	1329.56
2087	1327.51
2088	1327.67
2089	1331.01
2090	1338.54
2091	1350.71
2092	1366.30
2093	1382.55
2094	1396.31
2095	1404.92
2096	1407.17
2097	1403.15
2098	1393.36
2099	1378.91
2100	1362.52
2101	1348.23
2102	1340.11
2103	1339.91
2104	1343.31
2105	1341.57
2106	1325.56
2107	1291.24
2108	1246.57
2109	1207.34
2110	1189.87
2111	1203.02
2112	1239.90
2113	1284.65
2114	1320.56
2115	1336.04
2116	1328.74
2117	1301.01
2118	1256.69
2119	1203.14
2120	1152.90
2121	1120.57
2122	1118.29
2123	1147.67
2124	1197.34
2125	1251.42
2126	1296.44
2127	1328.23
2128	1351.68
2129	1374.07
2130	1399.07
2131	1420.28
2132	1423.72
2133	1395.10
2134	1330.76
2135	1249.60
2136	1183.62
2137	1163.80
2138	1203.89
2139	1289.60
2140	1394.14
2141	1491.36
2142	1564.30
2143	1606.95
2144	1617.40
2145	1596.85
2146	1554.21
2147	1504.78
2148	1464.65
2149	1443.79
2150	1438.97
2151	1439.29
2152	1433.62
2153	1416.85
2154	1392.81
2155	1369.01
2156	1351.75
2157	1341.92
2158	1335.01
2159	1325.11
2160	1307.94
2161	1283.25
2162	1253.45
2163	1221.74
2164	1192.54
2165	1172.08
2166	1167.14
2167	1182.19
2168	1214.20
2169	1252.93
2170	1286.56
2171	1306.46
2172	1311.16
2173	1303.31
2174	1286.14
2175	1261.82
2176	1231.09
2177	1194.39
2178	1154.18
2179	1118.25
2180	1098.33
2181	1105.07
2182	1139.38
2183	1186.56
2184	1225.38
2185	1238.40
2186	1222.27
2187	1186.28
2188	1143.18
2189	1105.64
2190	1085.60
2191	1094.24
2192	1137.09
2193	1202.24
2194	1261.06
2195	1282.96
2196	1253.89
2197	1191.02
2198	1126.94
2199	1090.04
2200	1087.25
2201	1104.99
2202	1124.92
2203	1135.54
2204	1138.15
2205	1140.10
2206	1147.90
2207	1162.74
2208	1181.15
2209	1198.04
2210	1206.52
2211	1197.19
2212	1160.57
2213	1095.60
2214	1022.48
2215	976.08
2216	985.99
2217	1048.82
2218	1121.13
2219	1149.65
2220	1107.04
2221	1020.09
2222	943.85
2223	924.90
2224	969.37
2225	1047.85
2226	1124.02
2227	1173.66
2228	1190.48
2229	1175.65
2230	1133.34
2231	1072.20
2232	1003.48
2233	938.70
2234	888.81
2235	864.12
2236	872.80
2237	915.22
2238	981.48
2239	1057.44
2240	1126.48
2241	1168.25
2242	1162.03
2243	1099.56
2244	1004.84
2245	924.34
2246	898.95
2247	933.47
2248	996.35
2249	1049.00
2250	1070.03
2251	1062.80
2252	1040.16
2253	1014.81
2254	996.99
2255	994.65
2256	1008.31
2257	1022.17
2258	1011.36
2259	961.21
2260	890.77
2261	845.07
2262	861.79
2263	932.46
2264	1002.90
2265	1016.74
2266	962.26
2267	882.82
2268	833.73
2269	837.78
2270	868.25
2271	883.34
2272	864.91
2273	838.32
2274	844.53
2275	901.11
2276	976.37
2277	1017.24
2278	992.53
2279	925.07
2280	866.10
2281	855.75
2282	896.68
2283	968.24
2284	1044.49
2285	1098.42
2286	1104.27
2287	1050.53
2288	960.04
2289	876.83
2290	833.69
2291	823.86
2292	814.92
2293	782.71
2294	737.77
2295	712.70
2296	731.10
2297	782.80
2298	836.68
2299	868.60
2300	881.17
2301	892.43
2302	912.96
2303	930.12
2304	920.82
2305	879.27
2306	838.34
2307	845.02
2308	914.14
2309	998.14
2310	1029.19
2311	981.52
2312	900.41
2313	851.17
2314	859.91
2315	896.91
2316	919.89
2317	914.82
2318	900.01
2319	897.37
2320	908.53
2321	917.55
2322	911.66
2323	898.26
2324	896.63
2325	914.84
2326	932.65
2327	919.93
2328	870.21
2329	817.01
2330	801.32
2331	830.46
2332	871.85
2333	890.14
2334	880.36
2335	862.52
2336	855.66
2337	862.27
2338	875.05
2339	885.43
2340	886.15
2341	873.09
2342	850.77
2343	832.00
2344	827.26
2345	834.94
2346	845.83
2347	853.42
2348	858.65
2349	864.93
2350	872.50
2351	878.17
2352	880.78
2353	886.45
2354	903.71
2355	930.58
2356	948.48
2357	936.75
2358	888.98
2359	815.00
2360	744.73
2361	737.15
2362	838.51
2363	999.58
2364	1077.01
2365	979.00
2366	797.17
2367	702.42
2368	757.82
2369	872.46
2370	937.04
2371	927.49
2372	878.02
2373	832.29
2374	827.14
2375	875.70
2376	941.44
2377	969.33
2378	947.51
2379	919.74
2380	928.63
2381	973.12
2382	1027.27
2383	1065.21
2384	1068.41
2385	1032.34
2386	973.84
2387	917.45
2388	881.65
2389	874.99
2390	888.46
2391	893.53
2392	865.47
2393	803.95
2394	728.14
2395	674.73
2396	683.12
2397	748.88
2398	806.24
2399	800.76
2400	753.84
2401	720.79
2402	730.51
2403	776.41
2404	821.05
2405	809.58
2406	735.96
2407	687.18
2408	737.61
2409	831.23
2410	865.44
2411	847.84
2412	871.21
2413	954.86
2414	1012.44
2415	985.10
2416	911.17
2417	848.94
2418	816.75
2419	812.71
2420	837.87
2421	887.18
2422	928.60
2423	926.72
2424	896.98
2425	887.41
2426	896.87
2427	875.11
2428	817.40
2429	784.95
2430	814.37
2431	876.21
2432	919.63
2433	906.70
2434	841.85
2435	780.97
2436	763.34
2437	771.61
2438	788.33
2439	828.38
2440	881.86
2441	888.88
2442	842.54
2443	832.90
2444	883.90
2445	887.40
2446	814.04
2447	787.83
2448	855.66
2449	914.93
2450	913.78
